C 	 6.752766080608341 	 50.73239622974939 	 -12.745927700199468 
C 	 5.979774786093915 	 49.78643612148181 	 -13.409123565307263 
C 	 8.062824815876196 	 51.032904536112454 	 -13.142196723921423 
C 	 8.57404592831626 	 50.19422034009569 	 -14.148085808766057 
C 	 7.738542242709598 	 49.23303406345301 	 -14.76013227192357 
C 	 6.4586487871839156 	 49.046802529296706 	 -14.490584040084261 
N 	 9.884898789644264 	 49.99445639552611 	 -14.618137934763524 
N 	 8.446501272641763 	 48.513888488128394 	 -15.692218439744074 
C 	 9.67154814101977 	 49.02133364037156 	 -15.541591539343564 
C 	 10.764861971220217 	 48.56316819352484 	 -16.268563145079806 
C 	 11.099299482094995 	 50.42190157641897 	 -14.181395528683167 
N 	 11.288279601406725 	 51.42361713565101 	 -13.544945558386347 
C 	 12.171178314037764 	 49.52728272962871 	 -14.609399461827076 
C 	 12.006563146184845 	 48.6249379586242 	 -15.669772146488665 
C 	 13.093918339975659 	 47.8583519473546 	 -16.14043875663671 
C 	 13.455539432884796 	 49.566175238581145 	 -14.008032964063174 
C 	 14.463792994938643 	 48.728079049148135 	 -14.401284034894667 
C 	 14.275482618375234 	 47.88225824860906 	 -15.4991727897685 
C 	 10.544550474165126 	 47.65204518880517 	 -17.29183833824028 
C 	 11.619020294309532 	 46.905714000142005 	 -17.763333712200822 
C 	 12.882312259521434 	 47.04265436540184 	 -17.2354955973205 
C 	 15.40588349538847 	 47.063248953885484 	 -16.04123780833627 
C 	 13.927609041812667 	 46.29793891095515 	 -17.821702283769216 
N 	 15.07214474361691 	 46.21165541494839 	 -17.074859610310178 
N 	 16.4505520184183 	 47.07904916011486 	 -15.441087383845833 
N 	 13.854169858511353 	 45.58024357424846 	 -18.985440447882016 
H 	 8.673135586370597 	 51.7368901365527 	 -12.62693980121431 
H 	 5.818055555829434 	 48.264634880639534 	 -14.935915988441716 
H 	 13.705821278003276 	 50.29414453472293 	 -13.228201480076606 
H 	 15.413397222913398 	 48.74545736819832 	 -13.880634287133468 
H 	 9.533152079883324 	 47.49788436184378 	 -17.65142456240642 
H 	 11.42474674649321 	 46.22516766632633 	 -18.63998691173486 
C 	 15.812027031374823 	 45.23045058102882 	 -17.78409357609357 
C 	 15.0061160064529 	 44.88456668876081 	 -18.87946846250864 
C 	 16.94576735281047 	 44.49259091805194 	 -17.474438215346023 
C 	 17.24958340703307 	 43.39507101625691 	 -18.379248317327257 
C 	 16.4547860642544 	 43.16184854208312 	 -19.508260789917863 
C 	 15.377377653912324 	 43.87634867889665 	 -19.775683048407217 
N 	 17.99708786723356 	 42.235429453365605 	 -18.11619337250772 
N 	 16.637834600064256 	 41.941099179162734 	 -20.007030812153616 
C 	 17.59668501687787 	 41.42061620359032 	 -19.15768404521695 
C 	 17.813791036153585 	 40.00622174997168 	 -19.070323501387033 
C 	 18.637822553932136 	 41.823462868015895 	 -16.999658417086188 
N 	 18.801317207662095 	 42.48440005021356 	 -16.030999866818593 
C 	 18.988820391826707 	 40.37162803267596 	 -16.973462355392783 
C 	 18.525259846161692 	 39.51398273320877 	 -17.961629354354262 
C 	 18.767428461480186 	 38.124626549665656 	 -17.896962825944584 
C 	 19.61969662313097 	 39.86940341363835 	 -15.815604277495071 
C 	 19.816571415482187 	 38.49569871524457 	 -15.765228229563718 
C 	 19.441364505986012 	 37.611766330729914 	 -16.818298918490378 
C 	 17.340312167621626 	 39.11573115783297 	 -20.11325176946954 
C 	 17.699498635226007 	 37.767842488497436 	 -20.01377155323746 
C 	 18.383662640582084 	 37.264133082493494 	 -18.909798409956775 
C 	 19.637593548369274 	 36.08548862101916 	 -16.720181312531142 
C 	 18.633353390707445 	 35.82814253468079 	 -18.85012762243703 
N 	 19.190929058497503 	 35.325350524947936 	 -17.70968167749887 
N 	 20.425627085893037 	 35.625033253894905 	 -15.920087329522335 
N 	 18.286817621930936 	 34.83431111110896 	 -19.617819405966742 
H 	 17.538481385068806 	 44.606761156624614 	 -16.511098690442648 
H 	 14.627512746186008 	 43.53801443253901 	 -20.51012386969776 
H 	 19.753154501161486 	 40.452873602665676 	 -15.001421933353049 
H 	 20.237726530530445 	 37.98096036790244 	 -14.894919685512583 
H 	 16.731965620914053 	 39.530072898159155 	 -20.919065681223785 
H 	 17.36155920748812 	 37.101843018723166 	 -20.784635157292588 
C 	 -3.0885543535159816 	 53.582942703119805 	 -6.399688156534202 
C 	 -1.7918912850520696 	 53.991144260666694 	 -6.724990684652613 
C 	 -3.6563037808489085 	 52.52581523784043 	 -7.089478034424365 
C 	 -1.2292891181661472 	 53.34861706904138 	 -7.8159480645210815 
C 	 -3.092959231871055 	 51.89490416425755 	 -8.145608928767789 
C 	 -1.8568305680765607 	 52.34847821823213 	 -8.505977731905292 
C 	 1.3272081227809827 	 54.04858044943264 	 -8.032832762111791 
N 	 1.2466189991159402 	 55.09164193165393 	 -7.504729672514091 
C 	 3.8373141575925516 	 54.18539467557181 	 -8.472326511011607 
C 	 2.5973615304324356 	 53.56596271826021 	 -8.684872333719845 
C 	 0.09050918702135875 	 52.27980865009567 	 -9.138236663680859 
N 	 0.17222541968740637 	 53.3108490661543 	 -8.217657201521071 
C 	 4.962550529308152 	 53.8097523722485 	 -9.18679902928361 
C 	 2.4662689517199543 	 52.535677423908695 	 -9.650046569250973 
C 	 1.2461464535796998 	 51.894953138297744 	 -9.932018084654365 
N 	 -1.0319379526946215 	 51.550843541983134 	 -9.239172703653619 
C 	 4.834030913426566 	 52.776671306641695 	 -10.137352096860099 
C 	 3.5472559091161933 	 52.17288372346383 	 -10.403282742908395 
C 	 1.2055138506319614 	 50.835197700420025 	 -10.87008954410128 
C 	 6.050385648919245 	 52.28348731448529 	 -10.871117691016583 
C 	 3.5038454610885896 	 51.15098023707201 	 -11.353333649956127 
H 	 -1.2517854619438515 	 54.7754324101665 	 -6.164244303755251 
C 	 2.346475323142515 	 50.43913071400773 	 -11.589941499989346 
C 	 4.681294812353226 	 50.75316242792109 	 -12.094612152043482 
N 	 7.146174064329341 	 52.75388117166745 	 -10.574913035105101 
N 	 5.872289025709304 	 51.31705505078645 	 -11.776215335290178 
H 	 -3.475266738741181 	 50.98404629651661 	 -8.65572812604077 
H 	 3.8371218449396247 	 55.06165177099327 	 -7.801365449111147 
N 	 4.706336072150808 	 49.718518724861944 	 -13.00727276913779 
H 	 5.980037899671475 	 54.28649375197612 	 -9.063756801663244 
H 	 0.28326071345883125 	 50.18657980198066 	 -11.05011762759688 
H 	 2.2447014734682287 	 49.5848570875133 	 -12.244950105813992 
H 	 19.375175095943536 	 34.3266500322762 	 -17.664328516752235 
H 	 17.28852692173961 	 34.94202514959917 	 -19.986183250783544 
N 	 -3.312931398114045 	 56.06639813218101 	 -4.942090873320634 
C 	 -4.278479558439969 	 55.26327358075744 	 -4.901953950661732 
N 	 -4.08540572365059 	 54.07922208082748 	 -5.549491740732547 
C 	 -6.125571843951383 	 56.76585789360672 	 -3.9735350203009023 
C 	 -5.633207996817023 	 55.52507588436717 	 -4.326138619914135 
H 	 -5.5149038664116175 	 57.64540185664603 	 -4.097301141669663 
C 	 -5.079359136586789 	 53.137052217761585 	 -5.6885007085075685 
N 	 -4.84264223068673 	 52.228653199548425 	 -6.646172977097028 
C 	 -7.446905326566662 	 56.93748406970831 	 -3.5428069303857086 
C 	 -6.563070995273131 	 54.432005122286114 	 -4.281448755350032 
C 	 -6.27891124421383 	 53.21986168494632 	 -4.882341993376177 
H 	 -7.8015375957787 	 57.944445230932054 	 -3.3259536910887904 
C 	 -8.338676293187973 	 55.892469830537564 	 -3.4233833338418678 
C 	 -7.877194924809364 	 54.624492960172184 	 -3.7328093229032486 
C 	 -7.175531605219508 	 52.205764745110535 	 -4.796584026064862 
C 	 -9.785705926023017 	 56.156880601502436 	 -3.106476048353481 
N 	 -10.308016259560766 	 57.24099891267077 	 -3.026896951817775 
C 	 -8.711128448040286 	 53.5012916569311 	 -3.575487198359973 
C 	 -8.345525282739963 	 52.271319869070055 	 -4.091838201137183 
H 	 -6.9638187936711375 	 51.274417677995004 	 -5.287950036999754 
C 	 -10.00255486675256 	 53.71695591541093 	 -2.949362623103412 
N 	 -10.529904192112346 	 54.99663667918318 	 -2.971968676544211 
C 	 -11.921844828073448 	 54.741930214128935 	 -2.667848817657865 
C 	 -13.067448855138872 	 55.48490427538911 	 -2.9774832443097488 
N 	 -10.79983933259998 	 52.77850730224502 	 -2.436151250347112 
H 	 -9.002849515814015 	 51.41013159334256 	 -4.137738181138741 
C 	 -11.973166461892717 	 53.38954361277279 	 -2.3348537641224625 
H 	 -13.0503497977239 	 56.42800772963976 	 -3.4663109720940906 
N 	 -15.592391758525471 	 57.22133269645413 	 -3.603047452460553 
C 	 -14.220520657667876 	 54.855932103763976 	 -2.483547929507302 
C 	 -16.177090193140803 	 56.23048309679562 	 -3.2321979716266163 
C 	 -13.138563121863033 	 52.81703246212976 	 -1.8188105498244544 
C 	 -14.22969718838454 	 53.59883986966457 	 -1.937597915976467 
N 	 -15.58706218715874 	 55.173554038038226 	 -2.7229583711293355 
C 	 -18.36706616888128 	 57.21257421798788 	 -3.6869219333343057 
C 	 -17.696276536515338 	 56.08860768236846 	 -3.2597193137348457 
H 	 -17.875803356768724 	 58.0052506137916 	 -4.144391734471415 
C 	 -16.201546666918947 	 54.023204267604044 	 -2.2646832769531997 
C 	 -19.733050027125845 	 57.1970165309618 	 -3.640416426173202 
N 	 -15.452781392528404 	 53.12959702200413 	 -1.669577357696977 
C 	 -18.345635015171393 	 54.9801889724387 	 -2.8040183381217823 
H 	 -13.244064718314538 	 51.80163303961714 	 -1.5322471214024909 
C 	 -17.619304318802975 	 53.90931504208596 	 -2.270724189592544 
C 	 -20.4366049081066 	 56.042454842861275 	 -3.192621517306581 
H 	 -20.289325439728728 	 58.13829299999587 	 -3.823755117925519 
C 	 -19.715010081731407 	 54.88939129582229 	 -2.8284447264050017 
C 	 -18.30873201326834 	 52.779320097757 	 -1.8156273338667448 
C 	 -21.930838413289155 	 55.969095697130825 	 -3.3552841758030523 
N 	 -22.611004265996616 	 56.96085916057681 	 -3.6139196763871317 
C 	 -20.353624985566206 	 53.781478335540584 	 -2.3216586473672467 
C 	 -19.690594671678376 	 52.686645893243 	 -1.8196007672628347 
C 	 -21.805575358416554 	 53.70683337254381 	 -2.521451020551036 
N 	 -22.416787957875453 	 54.790785218781565 	 -3.09154989692926 
H 	 -17.827624708198936 	 51.94774861264304 	 -1.3415661991357664 
C 	 -23.783650657951007 	 54.36553331807897 	 -3.0323985960063258 
C 	 -24.862428712023767 	 54.95332186314125 	 -3.660747320596558 
N 	 -22.605300105839184 	 52.73345205416894 	 -2.0873219221683685 
C 	 -23.812113555278028 	 53.10773011378577 	 -2.5083811495316564 
H 	 -20.23971193590003 	 51.82857949293501 	 -1.568507732949474 
N 	 -26.93679988097122 	 56.355517260538015 	 -5.377643385850138 
H 	 -24.798629157970556 	 55.80566271472564 	 -4.2744759507537085 
C 	 -26.004708131130077 	 54.1075230112926 	 -3.751929147297275 
C 	 -27.60332154905454 	 55.33081786413612 	 -5.248863059431632 
C 	 -24.979661403797078 	 52.344430863857085 	 -2.4912895541981035 
C 	 -26.041351338822743 	 52.86401291577067 	 -3.172123306143226 
N 	 -27.21222818486091 	 54.35581506856011 	 -4.455581491295361 
C 	 -29.44512750449242 	 56.011705200827286 	 -6.779016738646675 
C 	 -28.978180430703432 	 55.11990423958073 	 -5.849913006898608 
C 	 -27.896795667986662 	 53.19999655206521 	 -4.145542257371917 
H 	 -28.835652168957864 	 56.889345594398115 	 -6.9804310369776505 
N 	 -27.269133750554914 	 52.33847914189348 	 -3.391844626620288 
C 	 -30.669684333733 	 55.820589776566386 	 -7.357887802128916 
C 	 -29.744145737074167 	 53.97690579064083 	 -5.493138147153077 
H 	 -25.02812984763521 	 51.46937377372942 	 -1.829224085092124 
C 	 -29.259162616992153 	 53.02123027843675 	 -4.66463354589192 
C 	 -31.438937836467545 	 54.698132849177625 	 -7.011763026030025 
C 	 -31.021147729469064 	 53.781805121309084 	 -6.029779137759386 
C 	 -30.025929317205797 	 51.91750207796817 	 -4.292992171692232 
H 	 -30.99331431534032 	 56.39331905452656 	 -8.255290889606341 
C 	 -32.73346031321642 	 54.47729041748951 	 -7.764771241229821 
C 	 -31.730542175156497 	 52.59299166462075 	 -5.855990783345799 
N 	 -33.14692445260571 	 55.169616259459055 	 -8.706853993003232 
C 	 -31.18840626000487 	 51.65934657858584 	 -4.9737947066114225 
H 	 -29.569493423040296 	 51.08274466677508 	 -3.7281252443640027 
C 	 -33.00365334590373 	 52.4124267042982 	 -6.565887021324262 
N 	 -33.407043911971755 	 53.33809577288955 	 -7.493166294900343 
C 	 -34.43935875783046 	 52.625267120956835 	 -8.101764489861123 
N 	 -33.75049155086597 	 51.246495372744455 	 -6.446963848687742 
C 	 -35.143453320777674 	 52.98981580204304 	 -9.199189458142119 
H 	 -31.706467809295614 	 50.709646280326226 	 -4.872812581780301 
C 	 -34.633761788408385 	 51.459169361561415 	 -7.447914901393981 
H 	 -34.96867134714043 	 53.924513983779775 	 -9.824982119044503 
C 	 -36.10201805043972 	 51.99261997628578 	 -9.58774509455017 
C 	 -35.597261957421296 	 50.544729669578906 	 -7.769044304415529 
C 	 -36.2963133946944 	 50.78416582149291 	 -8.943790896338205 
H 	 -35.79542096019633 	 49.692446991103836 	 -7.0778007730463575 
N 	 -36.79898043897864 	 53.87762858979032 	 -11.851883052072044 
C 	 -37.50111117195928 	 52.896371725266654 	 -11.604512923476724 
N 	 -37.14797026466643 	 52.02115689772764 	 -10.573369907985471 
C 	 -37.79975527506687 	 50.798300304964464 	 -10.366634318655796 
N 	 -37.36124353185173 	 50.06937949976742 	 -9.383170459402356 
C 	 -38.69359873165987 	 52.51414280882413 	 -12.413252379653068 
C 	 -38.96848014256243 	 53.21445526041193 	 -13.591403918687135 
C 	 -39.01093513901985 	 50.50140508325742 	 -11.098332142161485 
C 	 -39.40888119017241 	 51.34087531720093 	 -12.11663537211545 
C 	 -39.96322946800959 	 52.77498259069154 	 -14.440899587525896 
C 	 -39.71065504415987 	 49.33497751827648 	 -10.807611628825125 
H 	 -38.32216375184633 	 54.08135321456867 	 -13.922189928815413 
C 	 -40.43178991350534 	 50.93543805229705 	 -12.955784619448885 
C 	 -40.74899079911784 	 51.70191554126958 	 -14.088298341573479 
C 	 -40.792688453330165 	 48.99840524065785 	 -11.559528455644623 
C 	 -41.209755424811156 	 49.792246970985616 	 -12.68128255863851 
C 	 -41.93425461428156 	 51.373199880793784 	 -14.867715239808375 
H 	 -40.14352584211428 	 53.35144988229366 	 -15.370913959239386 
N 	 -42.15547795535481 	 51.899039986342544 	 -15.968120047354404 
H 	 -39.39449984424652 	 48.71968992076912 	 -9.95233040297711 
C 	 -42.413828193667406 	 49.53396961231483 	 -13.412010836057588 
N 	 -42.795588858258235 	 50.41207949706123 	 -14.40223791983741 
C 	 -43.88177989245213 	 49.7445608225046 	 -14.992944322377923 
N 	 -43.227879109847635 	 48.46069194492525 	 -13.24481621665063 
C 	 -44.7874970895345 	 50.04300307526231 	 -16.070757677625355 
C 	 -44.15306839465629 	 48.68439197024594 	 -14.203418209453554 
H 	 -41.32028148280212 	 48.02546363325291 	 -11.535444653966048 
C 	 -45.861730081584135 	 49.1776081171886 	 -16.249277004106286 
N 	 -46.329811783008985 	 50.77295874705954 	 -18.532086926748864 
C 	 -45.18444167633401 	 47.75863140298001 	 -14.391105860993864 
C 	 -47.00380577879177 	 49.83686406218223 	 -18.244879304402886 
C 	 -46.01160367986059 	 48.00892418957959 	 -15.461366458347783 
H 	 -44.424053427827474 	 50.734162767799134 	 -16.835783669968183 
N 	 -46.899669821132726 	 49.090810207840214 	 -17.140961526506572 
C 	 -48.35834532859822 	 49.871272211064415 	 -20.375067663477314 
C 	 -48.16188888536761 	 49.2748989397301 	 -19.104217357253077 
C 	 -47.464416693543924 	 47.83179062783799 	 -16.883979136395837 
N 	 -47.03518574351626 	 47.19744042037252 	 -15.804705272532543 
C 	 -49.346003681575596 	 49.43876487850957 	 -21.231762420641715 
C 	 -48.88547334824221 	 48.094938780303046 	 -18.82871454123025 
C 	 -48.63421891112593 	 47.40823158945421 	 -17.59253896092475 
H 	 -47.744213639857136 	 50.70326564118749 	 -20.608993907582946 
H 	 -45.28881611545425 	 46.99011102567338 	 -13.62027844733119 
C 	 -50.11172064993614 	 48.37565768123153 	 -20.782123627202605 
C 	 -49.94776859886017 	 47.68737901191546 	 -19.56473279578268 
C 	 -49.33008837802615 	 46.270611320722885 	 -17.29856883328399 
C 	 -51.39687723585323 	 48.0463398387158 	 -21.479997082034078 
C 	 -50.80960136410637 	 46.65254387048508 	 -19.14618570908369 
N 	 -51.74356049821824 	 48.626988284833935 	 -22.471860835027336 
C 	 -50.445135075566 	 45.91824636931522 	 -18.017288969326565 
H 	 -49.543074484342156 	 49.984141688711766 	 -22.175543834197182 
C 	 -51.900050399973885 	 46.23162251680735 	 -19.934912939580034 
N 	 -52.18538062914501 	 47.00070444681881 	 -21.027220459763186 
C 	 -53.35317371183359 	 46.44061779252465 	 -21.576753748800982 
C 	 -54.15655447117277 	 46.67292894217321 	 -22.68952045068099 
H 	 -48.913922473127755 	 45.565614408624796 	 -16.54138814607148 
N 	 -52.75853894295891 	 45.1772269837041 	 -19.69849902834083 
C 	 -53.63717550583983 	 45.38041744020942 	 -20.68450032242231 
C 	 -55.2521086841155 	 45.83965796196329 	 -22.770405807633576 
N 	 -55.566776647246506 	 47.115211249305624 	 -25.446944829173557 
C 	 -54.80862165008449 	 44.690646918808426 	 -20.727015019218538 
C 	 -56.342082522284024 	 46.278804367114574 	 -24.98458107461846 
H 	 -51.04364674076331 	 45.09749125223333 	 -17.77628563943283 
C 	 -55.65947419208818 	 44.94139508139093 	 -21.815548011384983 
H 	 -53.9293862890987 	 47.405305268509515 	 -23.476034051132267 
N 	 -56.21819332028551 	 45.69824911704406 	 -23.75887004264857 
C 	 -57.70938898333405 	 46.392908425633735 	 -27.047053083254223 
C 	 -57.55843110673492 	 45.84617663686213 	 -25.75119608094132 
C 	 -57.046681200650255 	 44.67942023685902 	 -23.253827941071762 
N 	 -56.78327799291683 	 44.2266104903452 	 -22.040785217113495 
C 	 -58.67275805416056 	 45.918934832536365 	 -27.945186917409647 
C 	 -58.336873468201674 	 44.80406913216335 	 -25.342748915854557 
C 	 -58.17622432027004 	 44.16687945121429 	 -24.09446214600897 
H 	 -56.99695737934825 	 47.17798151160751 	 -27.321185020348096 
C 	 -59.50034452663643 	 44.89956573882947 	 -27.548915669586034 
H 	 -55.04476302790001 	 43.93492841983877 	 -19.955914730688182 
C 	 -59.315472176064375 	 44.3309896646304 	 -26.243516698006474 
C 	 -58.97932901128344 	 43.094633288639784 	 -23.71344750306672 
C 	 -60.54185994436353 	 44.382408752615575 	 -28.450694694433835 
C 	 -60.19405124498636 	 43.27572687758686 	 -25.81021699514378 
C 	 -59.96395472919617 	 42.5742663510994 	 -24.56052334623877 
H 	 -58.71836244997922 	 46.34289917527987 	 -28.926956161652004 
N 	 -60.67018410919504 	 44.76573388953595 	 -29.600096729373234 
C 	 -61.25900241352867 	 42.87525742476806 	 -26.664312413494024 
N 	 -61.255292103764496 	 43.32018506419206 	 -27.946680702709 
H 	 -58.833510139841046 	 42.779580051813575 	 -22.695620660563446 
C 	 60.50176266380078 	 42.680615200856025 	 -28.480275431025966 
N 	 60.59271267968986 	 42.117397326559086 	 -26.282605286541127 
C 	 60.10616907180314 	 42.51657582885262 	 -29.76904389899146 
C 	 59.85654504518437 	 42.016923454346 	 -27.4038518169839 
H 	 -60.62649627262801 	 41.80652830382837 	 -24.230210290208355 
C 	 58.77981796953017 	 41.17961186692009 	 -27.62553070490911 
C 	 59.059657690449654 	 41.66262600033755 	 -29.931112356094346 
N 	 59.614618613305 	 42.18988489453108 	 -32.80464938486332 
H 	 60.55924009991421 	 43.00333797095499 	 -30.643933626411595 
C 	 58.48782502299358 	 40.98477074459944 	 -28.90465819541297 
C 	 58.68784046914801 	 41.467703960089516 	 -32.472368257263184 
N 	 58.44230692396772 	 41.17202210435258 	 -31.15300302423088 
C 	 57.470895999638124 	 40.3346371632542 	 -30.654814752983707 
N 	 57.47317873333935 	 40.1918905820937 	 -29.29591242014947 
C 	 57.88983596983997 	 40.648389425477646 	 -33.47091251009145 
H 	 58.26913128334997 	 40.530820900316435 	 -26.882396216809372 
C 	 58.18273772487636 	 40.76919929096454 	 -34.847369188412806 
C 	 56.7206708775551 	 39.53629750892716 	 -31.647874297322048 
C 	 56.94084182160496 	 39.71633365314176 	 -32.995105152895746 
H 	 58.82174865183907 	 41.4143024255708 	 -35.26060684494092 
C 	 57.52824391520086 	 39.90199803833766 	 -35.712513866554076 
C 	 55.62423117525527 	 38.76612741409425 	 -31.188672811363404 
C 	 56.29436679677286 	 38.7949999843227 	 -33.93595948308514 
C 	 56.6111340232353 	 38.89495293132662 	 -35.27030006105231 
C 	 54.960989520249676 	 37.94196429199673 	 -32.11834345793733 
C 	 55.356163940044006 	 37.91311955720986 	 -33.438658994938606 
H 	 55.37988204670942 	 38.694343888604564 	 -30.14278477661773 
H 	 57.74179355847407 	 39.946237798185145 	 -36.779397399482534 
C 	 56.04234000716269 	 37.90904794527375 	 -36.24718439806951 
N 	 56.305216150873086 	 37.95694338544213 	 -37.44640609393788 
C 	 54.85631450158224 	 36.93029357218131 	 -34.3213151700881 
N 	 55.24916736554195 	 36.97883524688239 	 -35.67602843006414 
H 	 54.06382067229898 	 37.35860013684994 	 -31.830698974511325 
N 	 54.02109571268994 	 35.89390179233856 	 -33.96655424837861 
C 	 54.704408290981576 	 35.7645506055994 	 -36.141852235216525 
C 	 53.99665842577766 	 35.195938307941155 	 -35.14787705806382 
C 	 55.122600120751976 	 35.05071710422882 	 -37.24697492837402 
C 	 53.55016657943818 	 33.88781546646845 	 -35.25319719370387 
H 	 55.69913590438337 	 35.43358991669268 	 -38.02853750974017 
C 	 54.639981880887255 	 33.771791835924546 	 -37.38248880296314 
C 	 53.89578006360673 	 33.16529729350861 	 -36.34252181862279 
H 	 53.06083212524572 	 33.411888496023515 	 -34.438735653219645 
H 	 54.925885413594834 	 33.28997080562463 	 -38.298390363598934 
H 	 53.690274772474154 	 32.137771847549104 	 -36.483510449583804 
C 	 37.705269865518964 	 -12.29451009427389 	 6.21196781695958 
C 	 36.60060445181937 	 -11.693520285693108 	 6.779220357935299 
C 	 38.57847267731458 	 -12.999213338591826 	 6.995459365072719 
C 	 38.31769999383455 	 -12.939974154630141 	 8.358621667905142 
C 	 37.28942945537709 	 -12.279673861531101 	 8.911487734643575 
C 	 36.39331866125351 	 -11.624113461517087 	 8.130301698024715 
N 	 39.141181174903956 	 -13.354152600548794 	 9.391060485828346 
N 	 37.343258234411 	 -12.166565812301123 	 10.228222022640008 
C 	 38.49220986660227 	 -12.799040859410908 	 10.505546809969372 
C 	 39.2977684194773 	 -12.691000929265568 	 11.75589583687209 
C 	 40.42094612177243 	 -13.785960457664299 	 9.347474471302696 
N 	 41.01942619526811 	 -14.022473603746187 	 8.333472715996262 
C 	 41.14723372008387 	 -13.829306511347955 	 10.582029444451425 
C 	 40.56734425787393 	 -13.302139847382778 	 11.751986892151885 
C 	 41.33348595509056 	 -13.253530917409302 	 12.919205580183439 
C 	 42.467749482581496 	 -14.36282841217744 	 10.6177254278619 
C 	 43.21869000302695 	 -14.174041233078606 	 11.7689901638691 
C 	 42.652868294896685 	 -13.579155352485161 	 12.86994837021388 
C 	 38.734763585805105 	 -12.365773804457822 	 12.988104294816571 
C 	 39.44114599912128 	 -12.460434761199528 	 14.190047370704885 
C 	 40.79079691593937 	 -12.855377020240208 	 14.125302558707013 
C 	 43.535290123531965 	 -13.26568688088602 	 14.037443502082333 
C 	 41.61526679425214 	 -12.88776295115363 	 15.267498454186839 
N 	 42.95856846419837 	 -12.84621873257982 	 15.119566028004467 
N 	 44.710631396503885 	 -13.457980189958556 	 14.047430627832954 
N 	 41.093997917177255 	 -12.816153915190297 	 16.54105301637535 
H 	 39.38629215385038 	 -13.554118365774315 	 6.605186677295398 
H 	 35.513907678334604 	 -11.133612725464115 	 8.60301763170498 
H 	 42.881162359816706 	 -14.872088692813607 	 9.803137485797704 
H 	 44.28306258697409 	 -14.41595055301615 	 11.815919900672286 
H 	 37.72347745377523 	 -11.936057728024076 	 12.965545158944924 
H 	 38.91344298612462 	 -12.314951112717823 	 15.139997265126052 
C 	 43.448812406550175 	 -12.702070995370283 	 16.42581333088903 
C 	 42.253181531837356 	 -12.707292041190751 	 17.231724072803623 
C 	 44.733048150045185 	 -12.732720663790719 	 16.99163410018945 
C 	 44.786627238595955 	 -12.716089275065613 	 18.388470765392743 
C 	 43.66720812226142 	 -12.761487594225683 	 19.186325002808662 
C 	 42.41737169764912 	 -12.788448028067549 	 18.59852124465914 
N 	 45.91489156121088 	 -12.794787492905105 	 19.236652006024684 
N 	 43.906599494821855 	 -13.082023302265094 	 20.468252298665572 
C 	 45.26873189882506 	 -13.042506490100239 	 20.390874581393117 
C 	 46.14726404344947 	 -13.179293294792206 	 21.5120653927421 
C 	 47.15577638050721 	 -12.262210196607828 	 19.043875617025243 
N 	 47.55219301830122 	 -11.888912583656134 	 17.903963581705295 
C 	 47.873554093827835 	 -11.939678589002067 	 20.35420266423144 
C 	 47.36558889660374 	 -12.514652477815927 	 21.545487823118624 
C 	 48.123508876127495 	 -12.51160393815392 	 22.73397268357474 
C 	 49.13237014414125 	 -11.268741161043648 	 20.42799310754654 
C 	 49.82814304922164 	 -11.206028170446922 	 21.61378413537077 
C 	 49.299767227392394 	 -11.71530424360401 	 22.812946079234713 
C 	 45.805831238960984 	 -14.09308735937673 	 22.484748485239482 
C 	 46.59178269791992 	 -14.03134148313472 	 23.678146860655605 
C 	 47.704234870023804 	 -13.208271628253792 	 23.82186892756096 
C 	 50.01254202379009 	 -11.606998826290898 	 24.215201200236447 
C 	 48.4233523266651 	 -13.198613542836739 	 25.016360385096075 
N 	 49.55834253534979 	 -12.470556605547857 	 25.129632451067806 
N 	 50.928297594716675 	 -10.888864070983976 	 24.399227269675723 
N 	 48.52573694436443 	 -14.11224713755283 	 25.959750839293253 
H 	 45.64502952552908 	 -12.840121923577644 	 16.444355989746146 
H 	 41.57432669543633 	 -12.83508401387903 	 19.161627189526598 
H 	 49.41166495591205 	 -10.817842503780751 	 19.482545945862938 
H 	 50.758730480883216 	 -10.677446744784493 	 21.67827868552956 
H 	 44.95800880481402 	 -14.76196724532608 	 22.483314505765183 
H 	 46.32983987131331 	 -14.763956390416247 	 24.384443867303084 
C 	 39.577489091616656 	 -4.042011092043367 	 -1.150121480144327 
C 	 39.17973850979404 	 -5.379627669101891 	 -1.3083482275211737 
C 	 38.94465924001429 	 -3.1491964194863447 	 -0.35485285723990045 
C 	 38.11769969190139 	 -5.783400297893282 	 -0.5504956369895565 
C 	 37.79950213021438 	 -3.575198659143744 	 0.3832569259844601 
C 	 37.473638805650666 	 -4.899899010376368 	 0.253853979650523 
C 	 38.47592598124237 	 -8.170821321704734 	 -0.5117693429028566 
N 	 38.93960474627189 	 -8.457440855113559 	 -1.5975043760352845 
C 	 39.51553986530881 	 -10.173151132360646 	 0.5671098247320105 
C 	 38.52189178946442 	 -9.203962557704159 	 0.5488426946340306 
C 	 36.863428304000436 	 -6.916023665898758 	 0.7636297001386726 
N 	 37.70136710420088 	 -7.085490816674568 	 -0.34792980410422075 
C 	 39.50308151892751 	 -11.088495705468976 	 1.608419054523999 
C 	 37.646919461547256 	 -9.049424104267205 	 1.6062647573606648 
C 	 36.74884713811269 	 -7.955705793279865 	 1.7050858095327326 
N 	 36.67332585983124 	 -5.627182763537615 	 1.0669938372634022 
C 	 38.654933253841065 	 -10.998740166555661 	 2.7153060713561956 
C 	 37.62096458984854 	 -10.047751983137488 	 2.656927438096706 
C 	 35.79853418216076 	 -7.977307477299318 	 2.7309968152864514 
C 	 38.84088952426641 	 -11.869248354930198 	 3.9698473148752864 
C 	 36.75085746469753 	 -9.9604820896622 	 3.7609599870434174 
H 	 39.618329555919665 	 -6.075482539810334 	 -2.0414661541228516 
C 	 35.79460076455514 	 -8.94238139895615 	 3.7571221767734833 
C 	 36.81161133261313 	 -10.87257350524729 	 4.8278510597903335 
N 	 39.758787577571894 	 -12.664960896767317 	 4.004636505611529 
N 	 37.907299715371266 	 -11.69464144150436 	 4.918670167791466 
H 	 37.304376578098584 	 -2.8836084077380373 	 1.110456149449394 
H 	 40.20546995896109 	 -10.193922624839594 	 -0.25457669246273734 
N 	 36.0210860653926 	 -10.855509745445467 	 5.893675610319107 
H 	 40.20693734073617 	 -11.852363553826905 	 1.5491873590261733 
H 	 35.10515359454646 	 -7.146313879805038 	 2.715222804649468 
H 	 35.00157488500039 	 -8.896835158488274 	 4.5563935408849945 
H 	 50.169375150099576 	 -12.581365450726974 	 25.963367553044886 
H 	 47.90939364993562 	 -13.938148545915377 	 26.745872925964342 
N 	 41.73467116697459 	 -4.578786377423451 	 -3.095533646853116 
C 	 41.837257867126276 	 -3.6665543716325555 	 -2.293353142289926 
N 	 40.74958556301413 	 -3.3276243733600896 	 -1.5412677850387069 
C 	 44.243292495409975 	 -3.1447542661592176 	 -2.9628178629403545 
C 	 43.043248808673866 	 -2.764342030617386 	 -2.2914536134668744 
H 	 44.29820598303279 	 -4.060586779547242 	 -3.623487312684642 
C 	 40.70579064306622 	 -2.212926139351595 	 -0.7257668282377421 
N 	 39.59266369418641 	 -2.032675326100992 	 -0.010334051525144241 
C 	 45.37568487615446 	 -2.380550157983009 	 -2.796954093359902 
C 	 43.04730451629402 	 -1.7095689536310015 	 -1.3818379595414267 
C 	 41.881153738622785 	 -1.3852745560361688 	 -0.6181173356476487 
H 	 46.23287289795974 	 -2.6666346728099843 	 -3.3898738003176967 
C 	 45.33987174574222 	 -1.1850271281250135 	 -2.036178134586296 
C 	 44.18510465101076 	 -0.8783563561036637 	 -1.2779434173856232 
C 	 41.925579353296 	 -0.2730577443762281 	 0.2521922031252394 
C 	 46.47414787694886 	 -0.1846623133703613 	 -2.0932611785381527 
N 	 47.46829601620352 	 -0.519046074327874 	 -2.688376462405661 
C 	 44.17374843861342 	 0.2979161165655505 	 -0.5283124079178698 
C 	 43.061939575431616 	 0.5983666162092177 	 0.2031861803997942 
H 	 40.99302304079361 	 0.1740720213347409 	 0.8073367374290503 
C 	 45.31802650094314 	 1.1828022083193037 	 -0.496519633371923 
N 	 46.389029116660424 	 0.8587329052080306 	 -1.3387305985129414 
C 	 47.340081690788764 	 1.849621330944503 	 -1.0020469552750302 
C 	 48.60261653207097 	 2.1317205626816356 	 -1.5617273828119864 
N 	 45.531756345210795 	 2.1668808093230307 	 0.40909760723827293 
H 	 43.0307701994395 	 1.4847760341483618 	 0.7854871964414489 
C 	 46.814697123905106 	 2.5872045209973042 	 0.013773368621088031 
H 	 49.01594785886638 	 1.584515840071787 	 -2.352689621996865 
N 	 51.02642631596503 	 2.724076766882238 	 -3.153201064173154 
C 	 49.25951436351155 	 3.229407706022809 	 -1.0442437340023547 
C 	 51.18138587465338 	 3.6528050181873297 	 -2.4169445081902596 
C 	 47.48765457879011 	 3.6934188395793504 	 0.5418140380509268 
C 	 48.699038019419504 	 4.011912042457243 	 -0.07608268934545825 
N 	 50.51828583309166 	 3.815585537433041 	 -1.3341590911357393 
C 	 52.74756438825018 	 4.798188224661627 	 -4.005432494631092 
C 	 52.069488564027516 	 4.82428151415933 	 -2.7531953811778203 
H 	 52.8243523510306 	 3.902879575241164 	 -4.622803002555989 
C 	 50.47181403670532 	 4.8998996342449965 	 -0.4639414120523708 
C 	 53.330498804089366 	 5.995707524243508 	 -4.498657083750459 
N 	 49.43508776971894 	 5.025754520268568 	 0.32622415139109584 
C 	 52.05358686667253 	 5.946897245116253 	 -1.997594711143507 
H 	 47.199806774572906 	 4.3668536510095555 	 1.3618538670639224 
C 	 51.412467049770186 	 5.99189992375776 	 -0.7713788553492152 
C 	 53.26499192613874 	 7.129866679726151 	 -3.726389998127948 
H 	 53.884948410731106 	 5.9843751662951385 	 -5.4140657915534405 
C 	 52.734962531539274 	 7.0830456762715155 	 -2.416992295543306 
C 	 51.563210069507946 	 7.068169380589719 	 0.11201205305287486 
C 	 53.754194446393285 	 8.478334781095022 	 -4.2541198578680675 
N 	 54.033322008920294 	 8.781368902312913 	 -5.39127843474093 
C 	 52.80933246901965 	 8.232392322706719 	 -1.5551130653188887 
C 	 52.28892654303541 	 8.162791103254502 	 -0.28073355380331305 
C 	 53.51109978139641 	 9.430828942281831 	 -2.055807889272265 
N 	 53.91447798039095 	 9.431698362591629 	 -3.3339790851245374 
H 	 50.99164615903769 	 7.193491517243473 	 0.9942798166149761 
C 	 54.55488178273969 	 10.612137340757661 	 -3.455390522871605 
C 	 55.00770725343835 	 11.323362074978615 	 -4.614479696156653 
N 	 53.83396176259416 	 10.484431992739381 	 -1.2953818790656022 
C 	 54.49151440044384 	 11.240833569609395 	 -2.202563383948138 
H 	 52.15581971636436 	 9.00587999902306 	 0.3823117310183393 
N 	 55.70781886550096 	 12.766007087498783 	 -7.286629640817994 
H 	 55.0668756838078 	 10.882390513319056 	 -5.650354013920246 
C 	 55.4620360155194 	 12.679233302464336 	 -4.3287899896414475 
C 	 56.037180481730715 	 13.711882099715403 	 -6.546120048559406 
C 	 54.87870844798776 	 12.549526220787515 	 -1.963670183711126 
C 	 55.393274444816086 	 13.259291981173982 	 -3.0825741294914573 
N 	 56.03417199730433 	 13.642772374892829 	 -5.176204709858436 
C 	 56.35165916680039 	 15.191731730401424 	 -8.509453642922177 
C 	 56.449038096328565 	 15.050394573814138 	 -7.125098536669865 
C 	 56.206984369640566 	 14.711480006565665 	 -4.329755140006283 
H 	 55.98681472828183 	 14.385142996469934 	 -9.097226217484556 
N 	 55.8789764244568 	 14.514230120260017 	 -3.0345322506271626 
C 	 56.757213200851 	 16.357391558460076 	 -9.098159262148476 
C 	 56.69366776205477 	 16.114096290930494 	 -6.253136770663454 
H 	 54.806682034990786 	 13.083529784905068 	 -0.9927558415485624 
C 	 56.605662356248146 	 15.937393947868348 	 -4.859126156402406 
C 	 57.04220944329479 	 17.472227823398327 	 -8.258361025493047 
C 	 57.0975014489821 	 17.329449622483956 	 -6.799509599076819 
C 	 57.03589257248521 	 16.980780043245222 	 -4.0599064704842895 
H 	 56.68941610621889 	 16.44470497859711 	 -10.162049277256251 
C 	 57.371832796953996 	 18.842464310425072 	 -8.815670689770252 
C 	 57.483935303524184 	 18.40509341786876 	 -5.983479770061897 
N 	 57.36982357087684 	 19.069199880327766 	 -10.011912173208076 
C 	 57.47989306217228 	 18.206452241256 	 -4.60235463797036 
H 	 57.043245856548864 	 16.834890318214715 	 -3.004606590221545 
C 	 57.702049893455204 	 19.643019320998068 	 -6.579781513964378 
N 	 57.60434165913133 	 19.80251241187425 	 -7.947519557086769 
C 	 57.707490702274654 	 21.153894210833464 	 -8.00554467541126 
N 	 57.97526744756045 	 20.733171387135627 	 -5.835660639381013 
C 	 57.45135073663729 	 21.994109316635058 	 -9.100286484101938 
H 	 57.6254702880762 	 19.03389815522124 	 -3.9110952137526565 
C 	 58.00759415670896 	 21.663785616758833 	 -6.778833751471355 
H 	 57.218782191155725 	 21.571712927650733 	 -10.087722238858394 
C 	 57.500941952177456 	 23.35371900591103 	 -8.800231108731525 
C 	 58.10816689419617 	 23.06067705778679 	 -6.472278484268023 
C 	 57.799998802613395 	 23.89675784561828 	 -7.52334615189544 
H 	 58.21020761749421 	 23.377235966856535 	 -5.437344483337423 
N 	 56.331491774032365 	 23.428263278093098 	 -11.465913446389205 
C 	 56.51825977106074 	 24.46478094314091 	 -10.817723811655407 
N 	 57.09692942342708 	 24.433534008088937 	 -9.617224522900186 
C 	 57.17771512907612 	 25.476639012911757 	 -8.738519326921951 
N 	 57.62192485964764 	 25.213861944988285 	 -7.462355620049979 
C 	 56.194152505656085 	 25.825558061578302 	 -11.335414966357796 
C 	 55.70921346681463 	 25.87031139054522 	 -12.622177231793579 
C 	 56.736289196232875 	 26.802452537532336 	 -9.260519886799859 
C 	 56.2723696844398 	 26.936250203331852 	 -10.514855696514793 
C 	 55.345127980320115 	 27.162242195619804 	 -13.125754236719903 
C 	 56.82378319432999 	 27.965394627502285 	 -8.412120942788393 
H 	 55.60670086136891 	 25.051648915139836 	 -13.352083046236094 
C 	 55.80083377461517 	 28.201562455152555 	 -10.960762623929371 
C 	 55.42849494400972 	 28.30536791902271 	 -12.341006424127373 
C 	 56.41801551473354 	 29.156486654257037 	 -8.904513320767208 
C 	 55.79677646950018 	 29.27080428122326 	 -10.151487742592652 
C 	 54.993589704489416 	 29.64936051539128 	 -12.867543024041023 
H 	 54.950631629526214 	 27.23231253526666 	 -14.135254570503944 
N 	 54.62299758583522 	 29.821767306195976 	 -14.04183313023593 
H 	 57.17277986426978 	 27.901438903820036 	 -7.373280033599055 
C 	 55.374713130562725 	 30.544445189941364 	 -10.668475306310432 
N 	 55.054606366048816 	 30.641526817818388 	 -11.993243592332465 
C 	 54.38760641815472 	 31.85837861545586 	 -12.064942947291497 
N 	 54.80470125633452 	 31.517568528871774 	 -9.896748316256543 
C 	 53.85782373683918 	 32.53822746127661 	 -13.192876369799807 
C 	 54.190257918266354 	 32.279047473550214 	 -10.797757359462013 
H 	 56.48296192147059 	 30.01658203575038 	 -8.314874591443987 
C 	 52.937529633027665 	 33.58303634448898 	 -12.838421408960645 
N 	 52.69875882256069 	 33.51457486028582 	 -15.776409721330927 
C 	 53.28783894080024 	 33.227171862668754 	 -10.483624047823442 
C 	 51.80140312449064 	 33.865200178435586 	 -14.974722434303732 
C 	 52.60140537312573 	 33.82728426719608 	 -11.58754977768982 
H 	 54.04675651405759 	 32.15311109250892 	 -14.215641252212109 
N 	 52.00728664854129 	 34.16297530536454 	 -13.69683930123886 
C 	 50.19698902078359 	 34.19189239535603 	 -16.907376379229238 
C 	 50.42687403736714 	 34.16179425044561 	 -15.502396504257076 
C 	 51.080659871506924 	 34.63282288736942 	 -12.840283860368583 
N 	 51.39889957835748 	 34.50960179253996 	 -11.544374750145874 
C 	 48.87900317980755 	 34.35544170137103 	 -17.376092396820074 
C 	 49.4780393340606 	 34.66005780295327 	 -14.639060190752437 
C 	 49.753885785120964 	 34.98480535396292 	 -13.328997813777452 
H 	 50.92847705506035 	 33.9602204200917 	 -17.668211973206486 
H 	 53.138219183916966 	 33.508707691427794 	 -9.471643663918929 
C 	 47.9194549320414 	 34.72953413050831 	 -16.52883664950466 
C 	 48.17000035018978 	 34.944187295135855 	 -15.18944733075964 
C 	 48.74119444007195 	 35.47175440608846 	 -12.498777604065797 
C 	 46.477891937910826 	 34.93892406474511 	 -17.074073104606104 
C 	 47.18226312603502 	 35.559097538925734 	 -14.402166188994368 
N 	 46.00874455612176 	 34.43657284078467 	 -18.09267869809572 
C 	 47.53135985661048 	 35.802997705260736 	 -13.067098053966651 
H 	 48.548532150017174 	 34.18616051309916 	 -18.36259031461511 
C 	 45.94300336924564 	 35.94698603801193 	 -14.982459779155864 
N 	 45.67034656834338 	 35.69799860268796 	 -16.292927797076672 
C 	 44.49433402782623 	 36.351980638724086 	 -16.56269151312327 
C 	 43.85556618819691 	 36.62367656684889 	 -17.79640369279412 
H 	 48.90099618076776 	 35.62868740276953 	 -11.423818556938707 
N 	 44.99142319685468 	 36.75958022480841 	 -14.362617544279283 
C 	 44.15464977535913 	 37.04893462277892 	 -15.415339606864757 
C 	 42.79410963994343 	 37.55293511853832 	 -17.747759884379548 
N 	 43.132666426928594 	 37.47196956112202 	 -20.645904513499644 
C 	 43.15070047495756 	 37.962365992814256 	 -15.381632316201834 
C 	 42.20427213610268 	 38.08289083690285 	 -20.1087649069417 
H 	 46.72429017036002 	 36.17854450596995 	 -12.391219653707997 
C 	 42.46243165225167 	 38.23129248494819 	 -16.60363354891045 
H 	 44.175616309574345 	 36.330933338183186 	 -18.839621734934827 
N 	 42.04173045710183 	 38.17836441181816 	 -18.779840957488695 
C 	 40.99349141114795 	 38.52130914069376 	 -22.23005383790119 
C 	 41.06941283710634 	 38.68602661982752 	 -20.864537260941578 
C 	 41.23787583319905 	 39.050268553469394 	 -18.108231958044623 
N 	 41.41330536446017 	 39.07655676548263 	 -16.734570503630213 
C 	 40.073899952186736 	 39.17227778817572 	 -22.986076480079 
C 	 40.082576871866486 	 39.489588861873045 	 -20.21802735831744 
C 	 40.18798523140393 	 39.64356828337154 	 -18.801215910542435 
H 	 41.75590770660386 	 37.99214763940731 	 -22.76585597292288 
C 	 39.05430155878899 	 39.998177389355725 	 -22.352895617535836 
H 	 42.96868272023005 	 38.554161643736954 	 -14.523497329745963 
C 	 39.06061876708148 	 40.12639091304961 	 -20.949203305180784 
C 	 39.22060072870183 	 40.5267443959038 	 -18.246058545124715 
C 	 38.04768886623364 	 40.67826829579727 	 -23.18712785748847 
C 	 38.07658479264209 	 40.89642892799874 	 -20.341677448167587 
C 	 38.190495313276415 	 41.09675285958686 	 -18.94445063496304 
H 	 40.134053198152294 	 39.11485438683538 	 -24.15017423188301 
N 	 38.21513262836643 	 40.73182773531759 	 -24.408512417685316 
C 	 37.00037627751002 	 41.514998297345215 	 -21.12175635741501 
N 	 37.048633455531956 	 41.26696129508705 	 -22.50228324677189 
H 	 39.185907772501025 	 40.76644005981895 	 -17.191047928739692 
C 	 36.10132607366856 	 42.21010212872945 	 -22.99892444911944 
N 	 36.055040204328684 	 42.348139525783964 	 -20.738623022946978 
C 	 35.85625561496057 	 42.674242305552156 	 -24.272848395760874 
C 	 35.57597460607572 	 42.87024848103278 	 -21.85295176744598 
H 	 37.510529419208396 	 41.77137648805114 	 -18.435400972726264 
C 	 34.76752711905425 	 43.93335353797969 	 -21.961208190088787 
C 	 34.872595202017955 	 43.66594458463812 	 -24.376901987686093 
N 	 34.98935776066148 	 43.2906870531532 	 -27.20393450041846 
H 	 36.316853131756076 	 42.35088576389319 	 -25.236163434448574 
C 	 34.46096739700113 	 44.30706420827612 	 -23.227686823131513 
C 	 34.56086580685413 	 44.25408317771588 	 -26.72806031275448 
N 	 34.46482484098003 	 44.47996012014385 	 -25.437752175278405 
C 	 33.73052226228606 	 45.40578215704268 	 -24.828654346512412 
N 	 33.78307663707169 	 45.45337568868701 	 -23.46968113242861 
C 	 34.110926976834264 	 45.33404898473016 	 -27.627532522303756 
H 	 34.351562496932665 	 44.391984336128765 	 -21.02480164861612 
C 	 34.19784974324839 	 45.23528288084993 	 -29.00015979116607 
C 	 33.27177915081521 	 46.51814688279538 	 -25.68817879389198 
C 	 33.481061354577626 	 46.46954124345511 	 -27.06830866663473 
H 	 34.54745072982497 	 44.32998154598961 	 -29.487161276293747 
C 	 33.8999860559436 	 46.314681833654305 	 -29.80286537604457 
C 	 32.60868464955906 	 47.674837897184574 	 -25.16451763067717 
C 	 32.97815025809419 	 47.49364999441445 	 -27.884347824146545 
C 	 33.165588408000815 	 47.38267554323887 	 -29.26431138391891 
C 	 32.20134227177337 	 48.692305844636046 	 -26.004479109287704 
C 	 32.408824319342166 	 48.6761731279633 	 -27.37066401473205 
H 	 32.37000545991927 	 47.786059693921324 	 -24.10241979154121 
H 	 34.05653992520323 	 46.3360020771539 	 -30.89155921520396 
C 	 32.84670108184361 	 48.56099380008065 	 -30.209165516948737 
N 	 32.80607665639786 	 48.43501190182937 	 -31.373542883901305 
C 	 32.159385621989166 	 49.781715238375924 	 -28.223054251925916 
N 	 32.493859280833334 	 49.692860546688834 	 -29.567185159626167 
H 	 31.73607050251506 	 49.56683519702684 	 -25.52127628035229 
N 	 31.647298080296142 	 50.99207065896887 	 -27.805599955158375 
C 	 32.168830913182674 	 50.929605703461064 	 -29.99587095813561 
C 	 31.58626289167524 	 51.603493978266556 	 -28.961432008067984 
C 	 32.110820222475425 	 51.48957870318763 	 -31.327519813523626 
C 	 31.003035200144033 	 52.85312437259466 	 -29.04862732057246 
H 	 32.48570879017394 	 50.94734434312377 	 -32.192832325355795 
C 	 31.478353695392315 	 52.72522009639265 	 -31.46558593332195 
C 	 30.877486846780858 	 53.348898172654295 	 -30.3248700703917 
H 	 30.506113244167587 	 53.29910013968471 	 -28.180821119415914 
H 	 31.59048752622066 	 53.12469939353678 	 -32.46704281976509 
H 	 30.473258946625172 	 54.39483710913524 	 -30.471322764328054 
