C 	 21.668908039610173 	 19.103206557021693 	 24.694841886173084 
C 	 21.09395638708388 	 18.200776833596564 	 25.59664821366996 
C 	 22.911028851721145 	 19.64028454331015 	 24.952847503945353 
C 	 23.501642381143487 	 19.22688731078424 	 26.164319063837574 
C 	 22.887328606189598 	 18.36355219245082 	 27.06545433315472 
C 	 21.686131751233336 	 17.783167827641854 	 26.757899594247004 
N 	 24.749598756564158 	 19.555274953042765 	 26.828153021291243 
N 	 23.516956727501135 	 18.147044056409335 	 28.15666738033176 
C 	 24.679348510319848 	 18.822189481277622 	 27.988242381758926 
C 	 25.860460230820877 	 18.806242455929162 	 28.85088605732596 
C 	 25.872497206634925 	 20.189939011741398 	 26.37179126733555 
N 	 25.98415837618761 	 20.66950154508594 	 25.25106104741576 
C 	 27.06543967842409 	 20.251334858403148 	 27.317679953112222 
C 	 26.99206295050879 	 19.581794774900136 	 28.545959263978858 
C 	 28.026535661993844 	 19.738499052917483 	 29.470709901447172 
C 	 28.201543957526003 	 20.933467670636304 	 26.905137683670905 
C 	 29.317054525561453 	 21.01777528520831 	 27.76816323692241 
C 	 29.16051599212298 	 20.462416098421567 	 29.06637087702392 
C 	 25.785204394871258 	 18.138385959781285 	 30.058693514107887 
C 	 26.889892342259802 	 18.186760261682394 	 30.95085883919552 
C 	 27.990680415237485 	 18.99160745086392 	 30.679919675950742 
C 	 30.330523219611997 	 20.565634255502673 	 30.00113713162979 
C 	 29.120557998466747 	 19.096198170493217 	 31.58949548548992 
N 	 30.21085226971226 	 19.890325720215714 	 31.142407598436332 
N 	 31.355464110096396 	 21.14009946648521 	 29.67524274008861 
N 	 29.110006981244393 	 18.543051683819996 	 32.84711807067675 
H 	 23.50096180214824 	 20.181904806795284 	 24.309611988512966 
H 	 21.272013601616788 	 16.987866850584606 	 27.37090846089014 
H 	 28.417604222274573 	 21.318044160234933 	 25.910514971766894 
H 	 30.228874046661453 	 21.5735606256713 	 27.49999302617596 
H 	 24.938548566042904 	 17.53464840286926 	 30.362897000548518 
H 	 26.98379936174007 	 17.610897635777874 	 31.839984385542564 
C 	 31.064729655998878 	 19.703017643811265 	 32.218627088429926 
C 	 30.397690916407075 	 18.952065968560397 	 33.2535333769712 
C 	 32.41645245190338 	 20.09717513324617 	 32.26416043705616 
C 	 33.07453435124198 	 19.609871258339428 	 33.435560639320634 
C 	 32.470910207527304 	 18.801616644116745 	 34.4262450704479 
C 	 31.13741861667505 	 18.466547598594136 	 34.344683700793276 
N 	 34.44092015662826 	 19.739952513619997 	 33.81306761165656 
N 	 33.40623648781362 	 18.40032767673536 	 35.31971301427988 
C 	 34.55318129964086 	 18.871457757769043 	 34.83064742726989 
C 	 35.903732489086394 	 18.66528024521555 	 35.400761684146 
C 	 35.38226379997644 	 20.599921095231235 	 33.37035445071601 
N 	 35.258185957697364 	 21.447768170467974 	 32.530739780617346 
C 	 36.712356250379464 	 20.44485396559889 	 34.03443458405104 
C 	 36.92310134021489 	 19.40436900706314 	 34.921224028894756 
C 	 38.21589378782838 	 19.04922585759575 	 35.33498517080396 
C 	 37.822324855064316 	 21.251560840534978 	 33.66569620074983 
C 	 39.091097604332624 	 20.924911080086595 	 34.019189510615206 
C 	 39.29009998213773 	 19.845240664329083 	 34.89653279151184 
C 	 36.105430142567585 	 17.603002548765378 	 36.26064774426217 
C 	 37.37116370188138 	 17.0983227681623 	 36.49836764522084 
C 	 38.461991942086925 	 17.87917000972038 	 36.111730298636175 
C 	 40.683570252875384 	 19.44854847007047 	 35.28578997643155 
C 	 39.80423246087762 	 17.578452885837212 	 36.539477706698186 
N 	 40.81354150126809 	 18.41027145218349 	 36.13429600719469 
N 	 41.667112558864424 	 20.13248125652228 	 34.99060726732482 
N 	 40.31722909273271 	 16.483410807795078 	 36.997210971227055 
H 	 32.98201571578712 	 20.733325415466595 	 31.501302293390843 
H 	 30.663947708277476 	 17.73740035099008 	 34.9180538801288 
H 	 37.583033195711785 	 22.153806111426768 	 33.09530917448274 
H 	 39.81270103703184 	 21.60743374191819 	 33.66769835896456 
H 	 35.24648375952764 	 17.07990768878524 	 36.675103733716874 
H 	 37.55637094027351 	 16.24326728495602 	 37.124762435892336 
C 	 11.37887454753738 	 19.70455835586878 	 18.442601120231174 
C 	 12.744766712959807 	 19.86349838986395 	 18.457845097421753 
C 	 10.725020587402023 	 18.983972353806752 	 19.399848890636427 
C 	 13.486596936153767 	 19.217289711778548 	 19.484473801000732 
C 	 11.438234217936076 	 18.339907055193983 	 20.473428762819022 
C 	 12.836413514975789 	 18.52579721715836 	 20.470150337118923 
C 	 15.877107359269697 	 19.894986147165156 	 19.19527081339128 
N 	 15.854499206178499 	 20.452835459931855 	 18.067568650617936 
C 	 18.200359422457566 	 20.715092438213592 	 19.666608381916454 
C 	 17.129358932385816 	 19.930499245385054 	 20.073433310554265 
C 	 14.888355012736437 	 18.567921436032055 	 20.953244724955773 
N 	 14.852810994054867 	 19.201225959483455 	 19.750864594256775 
C 	 19.380619918301864 	 20.654394584244578 	 20.429839908494305 
C 	 17.218654143478897 	 19.128906010818355 	 21.28509856905608 
C 	 16.131185974449036 	 18.318745161895162 	 21.63699003613759 
N 	 13.677366171112602 	 18.172410540927935 	 21.46960513368392 
C 	 19.474311597687034 	 19.909013822048173 	 21.595033609338653 
C 	 18.408159724708792 	 19.15970237029659 	 22.04246235184838 
C 	 16.170505369124392 	 17.686238117035973 	 22.89066914673813 
C 	 20.757747746957147 	 19.951204515858574 	 22.429393686380585 
C 	 18.436570579751912 	 18.391621499903685 	 23.242416850003085 
H 	 13.17791699527058 	 20.382530836580507 	 17.70050329951276 
C 	 17.265605364831178 	 17.781719090184804 	 23.715934494485463 
C 	 19.700506388296976 	 18.484989118173576 	 23.984802582122413 
N 	 21.653934810971247 	 20.680373843013612 	 22.03839701991229 
N 	 20.736640920163257 	 19.334098709692483 	 23.592478745576674 
H 	 10.899114660849346 	 17.89738582031997 	 21.302020176766362 
H 	 18.125270116813386 	 21.277723151447347 	 18.766458544896857 
N 	 19.85345656254828 	 17.781495574516786 	 25.182741190713156 
H 	 20.244944803403815 	 21.20329649039767 	 20.198264096595473 
H 	 15.256293319515795 	 17.181950468401887 	 23.264013688275895 
H 	 17.324615569535357 	 17.279143960513984 	 24.693205696645244 
H 	 41.75196851759418 	 18.21052974230072 	 36.4533538399697 
H 	 39.9703356007077 	 16.262116325506096 	 37.94857883781197 
N 	 11.404469240497773 	 21.726978660098904 	 16.20904079059341 
C 	 10.32640557737227 	 21.20890591184274 	 16.673461872054425 
N 	 10.357976998073767 	 20.212327015873242 	 17.615225310882856 
C 	 8.781127864272019 	 22.651830835116733 	 15.254926358834094 
C 	 8.923477224134729 	 21.593671530248077 	 16.13302193584186 
H 	 9.603127323507508 	 23.251785399797598 	 14.951271716824955 
C 	 9.217036457405694 	 19.653793338390486 	 18.130817940813298 
N 	 9.413453816842235 	 19.019515276156316 	 19.310746787457767 
C 	 7.552359677376254 	 23.16753617439484 	 14.955599357311451 
C 	 7.750721777104602 	 21.004152778863123 	 16.664222643732938 
C 	 7.929917609179188 	 19.95380909216857 	 17.554511705014427 
H 	 7.40535972646644 	 23.932975492093956 	 14.232899344151038 
C 	 6.384361718443732 	 22.516504438651175 	 15.379529949063018 
C 	 6.49548139815704 	 21.42594704102432 	 16.206168971840587 
C 	 6.804213785913852 	 19.185531635136606 	 17.93565451891968 
C 	 5.039287544634445 	 23.086379335137444 	 15.056114266750386 
N 	 4.921859538306915 	 24.051776257915567 	 14.386081503628949 
C 	 5.3723221267545895 	 20.765104514707776 	 16.697806528843675 
C 	 5.565626419080138 	 19.629153242898543 	 17.52163464841188 
H 	 6.9172510948261 	 18.336639526783916 	 18.575486162553105 
C 	 4.0516267549481215 	 21.300448637825937 	 16.309091326054006 
N 	 4.037959792241208 	 22.507276968633445 	 15.61870920756346 
C 	 2.6627074549353913 	 22.825192016343102 	 15.70025253667352 
C 	 1.9485913716240515 	 23.871506024233287 	 15.205366055556327 
N 	 2.925769396451653 	 20.774326483695077 	 16.81217462776239 
H 	 4.743704122960109 	 18.999317840778286 	 17.850619488043936 
C 	 2.047205108671834 	 21.782255051045922 	 16.401982444479035 
H 	 2.4795514416969864 	 24.734042774088117 	 14.749178418701455 
N 	 0.6444483056842499 	 26.51044315404339 	 14.326940886017203 
C 	 0.6167819602607919 	 23.889924173154853 	 15.526080881572835 
C 	 -0.3436700070186158 	 25.98050082403717 	 14.671053070721067 
C 	 0.727951584383546 	 21.795283092226686 	 16.707860841416707 
C 	 0.03505853001165693 	 22.871295684252296 	 16.26039418208321 
N 	 -0.42172109565404176 	 24.74593777516473 	 15.078695951053469 
C 	 -1.6821755655611317 	 28.082240641332824 	 14.188676204991948 
C 	 -1.588235921085799 	 26.80978066564969 	 14.695075625786355 
H 	 -0.8538616334384926 	 28.488723418526117 	 13.674942656698144 
C 	 -1.4809497116072585 	 24.23669964151447 	 15.704673679959841 
C 	 -2.8672360467737326 	 28.854025874867116 	 14.23087052301362 
N 	 -1.3324800825828904 	 22.962999485256123 	 16.23990886137747 
C 	 -2.7610315529289906 	 26.326315747494835 	 15.362946812230321 
H 	 0.2788913942983633 	 20.969233104804147 	 17.165980853891508 
C 	 -2.6654363584040586 	 25.024583045248146 	 15.904843973763098 
C 	 -4.000657827512076 	 28.35191515830686 	 14.839963544543584 
H 	 -2.7958342323669765 	 29.824696882019772 	 13.778471014807126 
C 	 -3.896977878928014 	 27.04996863126394 	 15.444277075818203 
C 	 -3.761046252610247 	 24.461724394186167 	 16.57634855298365 
C 	 -5.263113415734314 	 29.108833146181638 	 15.057842074776888 
N 	 -5.4656018516517895 	 30.34378638177961 	 14.835062463587164 
C 	 -5.035939347139624 	 26.46471709770255 	 16.055809078778253 
C 	 -4.943923434088041 	 25.150092618982406 	 16.593119708040884 
C 	 -6.277502021890988 	 27.18810156740886 	 16.101068725850006 
N 	 -6.250311061416309 	 28.462338230958615 	 15.635811516213831 
H 	 -3.673594028096749 	 23.450133842606817 	 17.04581886096169 
C 	 -7.584982010481905 	 28.898042168814555 	 15.92602215286855 
C 	 -8.242168857694324 	 30.113436761947323 	 15.717979364072876 
N 	 -7.390277280156125 	 26.780284794372456 	 16.699562437093135 
C 	 -8.194388117977855 	 27.84743868536366 	 16.581738822397735 
H 	 -5.860381404716453 	 24.636033105097415 	 16.983327269427214 
N 	 -9.69388121075026 	 32.969859667951056 	 15.132969729824513 
H 	 -7.789088975445947 	 30.946243021683664 	 15.122114872257479 
C 	 -9.572971099525352 	 30.206782811989108 	 16.274708809567464 
C 	 -10.65080670068852 	 32.43041047428535 	 15.715034741217677 
C 	 -9.47922687070316 	 27.92199159160777 	 17.020476158752114 
C 	 -10.155795734926253 	 29.118819917785498 	 16.898728255156087 
N 	 -10.536462602595615 	 31.23928536180589 	 16.296639592704825 
C 	 -12.162941542503818 	 34.33230814935578 	 15.186182651891716 
C 	 -11.973957578006834 	 33.12483868869291 	 15.890177028265859 
C 	 -11.599234907747984 	 30.622993776202865 	 17.02641937001873 
H 	 -11.394817271993041 	 34.7131476308162 	 14.526298743985892 
N 	 -11.37487735584211 	 29.299764325790058 	 17.390223284434864 
C 	 -13.388957591427454 	 35.004999718633556 	 15.343836613939821 
C 	 -13.008410040597573 	 32.57076223404436 	 16.684805339588426 
H 	 -9.95730706182724 	 27.12526115176973 	 17.550100922647754 
C 	 -12.828513276015103 	 31.318417649799056 	 17.266219688321772 
C 	 -14.367939623907242 	 34.508238090742644 	 16.21840074934722 
C 	 -14.242849623188334 	 33.28520288028334 	 16.808886361855265 
C 	 -13.930253315755408 	 30.778669024201534 	 18.005548910765675 
H 	 -13.544570872620888 	 35.98595792294942 	 14.983375277839215 
C 	 -15.6967974626445 	 35.25048343508385 	 16.36697417729742 
C 	 -15.29052731618601 	 32.74177215040342 	 17.596433935798498 
N 	 -15.948541677076387 	 36.389856966702816 	 15.956892682220476 
C 	 -15.150321629043441 	 31.49813655266274 	 18.14750633129206 
H 	 -13.673209396021571 	 29.861664553247795 	 18.639372533852505 
C 	 -16.42777129038659 	 33.51747302567066 	 17.893009588893516 
N 	 -16.548615684530468 	 34.635904944993655 	 17.214004815867114 
C 	 -17.77965747156492 	 34.99700535515069 	 17.691812803270366 
N 	 -17.34669844510857 	 33.21471565410941 	 18.83668037200318 
C 	 -18.56335173713252 	 36.055870824968984 	 17.340619549583508 
H 	 -15.92504263535323 	 31.106127095389017 	 18.804718552573863 
C 	 -18.230711168494317 	 34.070318319864604 	 18.61840472635366 
H 	 -18.34956344404109 	 36.804099784299794 	 16.520906823995166 
C 	 -19.733974262851092 	 36.172388575915356 	 18.052393886824014 
C 	 -19.41587883214222 	 34.112658870105655 	 19.312372620030818 
C 	 -20.141153786733426 	 35.259137495569064 	 19.017894519259578 
H 	 -19.704922535473838 	 33.365209831050336 	 20.095826775220868 
N 	 -19.776351308398088 	 38.69378828052505 	 16.47054114719696 
C 	 -20.66561971402962 	 38.38331562130394 	 17.245159620937955 
N 	 -20.682795810510587 	 37.22855044956539 	 17.95058190282781 
C 	 -21.54729084097446 	 36.78055543588863 	 18.926826922992674 
N 	 -21.19860952553294 	 35.65044606714691 	 19.638179778013455 
C 	 -21.77230657453803 	 39.3058459978017 	 17.65823626560703 
C 	 -21.793552070689202 	 40.53988353316374 	 17.048924907722743 
C 	 -22.662354164207716 	 37.60861344602909 	 19.299749768904817 
C 	 -22.73198687102659 	 38.839036361003174 	 18.628756964913578 
C 	 -22.78931749720435 	 41.39886293768182 	 17.463592453530925 
C 	 -23.601074443234438 	 37.26913708391193 	 20.367693460917724 
H 	 -21.07558239261175 	 40.78081952152427 	 16.25606805056527 
C 	 -23.77408835607605 	 39.71970902932859 	 18.949343527649763 
C 	 -23.825736266371614 	 41.01249922642841 	 18.35888171485612 
C 	 -24.65963218106177 	 38.114881981689216 	 20.62536458273438 
C 	 -24.777696831216858 	 39.323035737297786 	 19.89358136002959 
C 	 -25.009224925967523 	 41.90198560858972 	 18.57670358596923 
H 	 -23.046218115250436 	 42.30069980186714 	 16.85666464657033 
N 	 -25.048097514143993 	 43.0505884861693 	 18.19390063103829 
H 	 -23.554848959154384 	 36.242500598762554 	 20.930711460705982 
C 	 -25.92392336326651 	 40.198232951187805 	 20.114707117087377 
N 	 -25.93604113007435 	 41.429399463693514 	 19.441794252220934 
C 	 -27.099887415145137 	 41.98559832517218 	 19.998934650253464 
N 	 -26.884443025817674 	 39.96737035771069 	 21.038509645059936 
C 	 -27.749190131611627 	 43.16745444059538 	 19.71708542708051 
C 	 -27.58221062102923 	 41.11175564883352 	 20.955173194443606 
H 	 -25.389614762649508 	 37.8403947730821 	 21.284390728697954 
C 	 -28.961982314143853 	 43.39037971451796 	 20.436607359001417 
N 	 -28.900272414116436 	 45.986850345491845 	 19.085226036167 
C 	 -28.705172745462946 	 41.35641742574259 	 21.736098555108526 
C 	 -29.798623151301996 	 45.62363849634133 	 19.801215958851433 
C 	 -29.398304505974092 	 42.54057983982307 	 21.476499566316637 
H 	 -27.337833059345193 	 43.958395179602974 	 18.99732025804403 
N 	 -29.900435042295932 	 44.39483163823343 	 20.36372550574611 
C 	 -31.150679722382673 	 47.674018762639434 	 19.286206213803876 
C 	 -30.984271842418696 	 46.49520478531944 	 20.02222193921678 
C 	 -30.740324072745814 	 44.0881784577192 	 21.429213996009263 
N 	 -30.4691585434769 	 42.96561733105068 	 22.104366945160006 
C 	 -32.36184749043792 	 48.44119900673433 	 19.36802575161025 
C 	 -32.01278698722007 	 46.15499456923822 	 20.930213862351028 
C 	 -31.899697727663625 	 44.99328989733619 	 21.675546023805545 
H 	 -30.386346028346875 	 48.00017236829648 	 18.540893479818546 
H 	 -29.041421265596476 	 40.70113993035243 	 22.51021285170123 
C 	 -33.29471011052151 	 48.09129921857895 	 20.323036743270535 
C 	 -33.178747249386234 	 46.90761375400342 	 21.07695760600783 
C 	 -32.81216099760508 	 44.748108530178875 	 22.75042270877516 
C 	 -34.57944375374508 	 48.91015752951168 	 20.299592424929873 
C 	 -34.16567381148388 	 46.69603154489031 	 22.082343318154052 
N 	 -34.805826395233886 	 49.654919123260356 	 19.376966954060677 
C 	 -33.8832558767112 	 45.60857562361171 	 22.906539653810473 
H 	 -32.47709212834144 	 49.31543742640933 	 18.81382418443073 
C 	 -35.21284664583141 	 47.64602176265401 	 22.294373665767868 
N 	 -35.39459567623426 	 48.62861129885207 	 21.36165818318329 
C 	 -36.46034498426537 	 49.29519624698964 	 21.856342368918313 
C 	 -37.155366934782364 	 50.34045669400534 	 21.24865097831853 
H 	 -32.68830509935965 	 43.968354392339734 	 23.507412025670288 
N 	 -35.947699298677044 	 47.84303840325908 	 23.427789306098074 
C 	 -36.761242917664795 	 48.79477413134492 	 23.086766648984128 
C 	 -38.20881253915233 	 50.83875527700897 	 22.045316338226872 
N 	 -38.563422162468655 	 52.5487496177027 	 19.6570575164418 
C 	 -37.84199182819992 	 49.23206847892684 	 23.790124475055123 
C 	 -39.2105797033436 	 52.688083311622115 	 20.682314383325064 
H 	 -34.5438300491512 	 45.45408541103755 	 23.802366901798653 
C 	 -38.52884806589368 	 50.31385454868537 	 23.29656868722304 
H 	 -36.97790156775894 	 50.610287640931205 	 20.206014689613987 
N 	 -39.10304357691719 	 51.83508203802754 	 21.71675586324076 
C 	 -40.42768785144791 	 54.72222936736981 	 19.823337985734835 
C 	 -40.29219825274688 	 53.757352206705875 	 20.84189483192963 
C 	 -39.83547494209165 	 51.92392034882057 	 22.91756867142815 
N 	 -39.575283184196465 	 51.01549924299323 	 23.851816392393086 
C 	 -41.303842040727496 	 55.74774299509349 	 19.95503608271927 
C 	 -41.08728115149732 	 53.86461098493967 	 21.99789823306038 
C 	 -40.899668782049815 	 52.9491687215236 	 23.039032307332022 
H 	 -39.78837275207541 	 54.59966313591201 	 18.914434666906768 
C 	 -42.15617910435254 	 55.85619587941976 	 21.098407099896935 
H 	 -38.03422156723764 	 48.76275046756233 	 24.75550787127506 
C 	 -42.06466612480767 	 54.89319491138763 	 22.109847451890435 
C 	 -41.82743702769942 	 52.99792682235291 	 24.099177029313967 
C 	 -43.108972488346254 	 57.00737566713218 	 21.167239998962646 
C 	 -42.915807182146764 	 54.96620953121017 	 23.204189623516875 
C 	 -42.89889883934249 	 53.93683313024883 	 24.156524262148128 
H 	 -41.41159476754197 	 56.48305436398654 	 19.162437818736763 
N 	 -43.12023220942496 	 57.86376469568335 	 20.317377911548693 
C 	 -43.82802266622125 	 56.1314135972801 	 23.358694222711698 
N 	 -43.77993933402764 	 57.063715281957236 	 22.33162980312325 
H 	 -41.77956724449917 	 52.243999591749514 	 24.90677007923179 
C 	 -44.66369251474654 	 58.009133066312074 	 22.738898679791134 
N 	 -44.613990897540354 	 56.480937659345905 	 24.386410080755393 
C 	 -45.10904627324787 	 59.08969710736283 	 22.08317523028079 
C 	 -45.17525631244077 	 57.62065656130855 	 23.921451458229328 
H 	 -43.64548199561424 	 53.870515489246955 	 24.96897484647578 
C 	 -46.03879621962028 	 58.38887617365186 	 24.667677463712064 
C 	 -45.92663167847665 	 59.92071258934688 	 22.8361524146879 
N 	 -45.88936287492714 	 -61.3594640709732 	 20.376925301439925 
H 	 -44.65753369789707 	 59.29966585262452 	 21.126611952286773 
C 	 -46.327572179196 	 59.57313292335989 	 24.061672837285887 
C 	 -46.41224628831028 	 -60.98633702940099 	 21.38727731629176 
N 	 -46.474257825258995 	 61.199491927830884 	 22.52375625223285 
C 	 -47.02084701873213 	 -61.40961804170454 	 23.709079668057942 
N 	 -47.098229740041475 	 60.4936466430702 	 24.620326599504647 
C 	 -47.11851530272805 	 -59.619965460750166 	 21.49418328670986 
H 	 -46.31027205274703 	 58.04475707190057 	 25.635024391194605 
C 	 -46.98785284317815 	 -58.72077002750311 	 20.442142881757523 
C 	 -47.668951741621015 	 -60.12250699777799 	 23.84767241308857 
C 	 -47.68780844430819 	 -59.25124007856018 	 22.718064371369906 
H 	 -46.521928715444304 	 -59.01738418581918 	 19.526279264991537 
C 	 -47.62551146398459 	 -57.481942907255814 	 20.528814744799686 
C 	 -48.3360672383361 	 -59.730687430021895 	 24.981843895699907 
C 	 -48.29782656017879 	 -58.014093982499084 	 22.79127757638792 
C 	 -48.325700421343235 	 -57.125370106999 	 21.68497930485797 
C 	 -48.923156068783946 	 -58.46155293990733 	 25.081573458277774 
C 	 -48.88818206524994 	 -57.62921812522773 	 23.955248751738353 
H 	 -48.43695163955436 	 -60.34658691408902 	 25.88113181636988 
H 	 -47.52932926451299 	 -56.86034498264756 	 19.65704605947938 
C 	 -48.9252237989486 	 -55.732467718756624 	 21.783628436611167 
N 	 -48.92896662431377 	 -54.932449723373665 	 20.87950039043918 
C 	 -49.49872450395973 	 -56.30091671577009 	 24.107865949363696 
N 	 -49.47105268249493 	 -55.455079214080016 	 23.01295147946647 
H 	 -49.41282118641393 	 -58.122784479488914 	 25.995570762408 
N 	 -49.924081467751265 	 -55.78210256828644 	 25.285376745737715 
C 	 -49.86001085623794 	 -54.26178291541824 	 23.537050669557253 
C 	 -50.1280863924449 	 -54.539487857775384 	 24.87466035685667 
C 	 -49.963598337748856 	 -52.961383327891696 	 22.962977605597985 
C 	 -50.4987274567668 	 -53.507388944461994 	 25.713039955926497 
H 	 -49.72788542568856 	 -52.81940627538735 	 21.94352856052049 
C 	 -50.3722251978031 	 -51.93362220746509 	 23.808157356996716 
C 	 -50.56631734451235 	 -52.23899780602513 	 25.175884007890485 
H 	 -50.718671630047865 	 -53.657883679041255 	 26.774539477309137 
H 	 -50.412367190321135 	 -50.91714830081753 	 23.472249791729375 
H 	 -50.766103471544234 	 -51.34732834444338 	 25.79991418832502 
C 	 -6.467626214051435 	 -23.046892338151224 	 26.34249815136285 
C 	 -5.655187004166541 	 -22.470471337297298 	 27.26900516151688 
C 	 -7.774152971986362 	 -22.55851654652511 	 26.171799757046713 
C 	 -8.068228720805136 	 -21.467158712525464 	 26.95894923003612 
C 	 -7.285062924383427 	 -21.00039330428706 	 27.963709107976108 
C 	 -6.018500863585961 	 -21.490267593533655 	 28.168516571830004 
N 	 -9.249557656061084 	 -20.653474521282998 	 26.986608733087404 
N 	 -7.882616018599812 	 -20.10419058334565 	 28.698625857506617 
C 	 -9.003764455869051 	 -19.846573133600586 	 28.049358308313646 
C 	 -9.843539782914156 	 -18.767363952732666 	 28.358314053556523 
C 	 -10.322156521948921 	 -20.59115007195279 	 26.239914298343233 
N 	 -10.575598665937862 	 -21.4606025068034 	 25.395659080444755 
C 	 -11.273936710430453 	 -19.439978746614376 	 26.52087986949624 
C 	 -10.979316175878816 	 -18.514195313410124 	 27.573864775045102 
C 	 -11.655087597462233 	 -17.332242313384906 	 27.864882089517245 
C 	 -12.480545043367517 	 -19.178392804383726 	 25.79946273916956 
C 	 -13.189348039155606 	 -17.994564978038103 	 26.039062224938 
C 	 -12.792675093185638 	 -17.089553819724372 	 27.02114317656246 
C 	 -9.406919320448006 	 -17.88049233106618 	 29.337421179364227 
C 	 -10.146235559671355 	 -16.69601349584297 	 29.645693347176156 
C 	 -11.298655379236735 	 -16.488606650597056 	 28.879068084442654 
C 	 -13.647268235107843 	 -15.871137097982947 	 27.351667086869398 
C 	 -12.063406656939273 	 -15.288750129172987 	 29.121577298736007 
N 	 -13.151489027281869 	 -14.996887857217303 	 28.30173204000042 
N 	 -14.73298725808674 	 -15.629955429676265 	 26.8606565999753 
N 	 -11.784241610096649 	 -14.46921104297947 	 30.129274511920745 
H 	 -8.39583685494256 	 -22.99489039326724 	 25.37218006730523 
H 	 -5.546529980065642 	 -21.24901996398788 	 29.118105254569095 
H 	 -12.841456491996167 	 -19.827320063223357 	 25.00903320610655 
H 	 -14.080181144453297 	 -17.83446013835702 	 25.470318781343263 
H 	 -8.528025108374921 	 -18.04336298037532 	 29.954143793184453 
H 	 -9.853859826640782 	 -15.999618914812151 	 30.418026799749363 
C 	 -13.620832929333655 	 -13.800625086631454 	 28.980569462544675 
C 	 -12.788782259291395 	 -13.586137108197784 	 29.98508312009759 
C 	 -14.514098188706338 	 -12.881292749703602 	 28.479506125038693 
C 	 -14.685956631450983 	 -11.786667296704486 	 29.29918030979332 
C 	 -13.965140344111543 	 -11.59085488980432 	 30.44524828553444 
C 	 -12.979402178863953 	 -12.505083683526326 	 30.826945822291037 
N 	 -15.517514758337839 	 -10.636626142422708 	 29.1579638172918 
N 	 -14.173816160974534 	 -10.483019008011706 	 31.091879150834952 
C 	 -15.224690099441355 	 -10.014071650206217 	 30.356028868282248 
C 	 -15.736471564901771 	 -8.741591409393008 	 30.64078577798592 
C 	 -16.460583387291393 	 -10.200059090851322 	 28.253906905143232 
N 	 -16.78601599173532 	 -10.85112000510973 	 27.291489961755946 
C 	 -16.800983710731266 	 -8.736580422255095 	 28.473544134611302 
C 	 -16.41324573712768 	 -8.068544828067889 	 29.636973550122416 
C 	 -16.840975991000363 	 -6.749026329124136 	 29.83729563877062 
C 	 -17.78516719938054 	 -8.161742318302624 	 27.627058966826592 
C 	 -18.092691526218076 	 -6.851244590899469 	 27.769316550541046 
C 	 -17.664314960890856 	 -6.131223461362668 	 28.870152660336956 
C 	 -15.448748316117802 	 -8.06194600493868 	 31.80877901532387 
C 	 -15.8855967994282 	 -6.773992765835246 	 31.958846950904864 
C 	 -16.513816229117353 	 -6.044088206047439 	 30.982351829253375 
C 	 -18.04106599906884 	 -4.6440920507642 	 29.023755169511162 
C 	 -16.687511257996174 	 -4.594209157009913 	 31.104498518942073 
N 	 -17.452775960576183 	 -3.992909480790046 	 30.105728813051822 
N 	 -18.68147733847159 	 -4.0298344674503355 	 28.27150360632371 
N 	 -16.439759647457272 	 -3.777323789090423 	 32.06695263981764 
H 	 -14.92494071371201 	 -12.987161966397712 	 27.530407722855543 
H 	 -12.369762746509501 	 -12.459441957739624 	 31.735824853382624 
H 	 -18.21972872158899 	 -8.757832378013592 	 26.838298982849086 
H 	 -18.745898463251883 	 -6.400017330422349 	 27.01417588792585 
H 	 -15.005735336753304 	 -8.537683500470218 	 32.66719387578335 
H 	 -15.640636601263408 	 -6.223064467341 	 32.82323591388089 
C 	 2.2224192650122045 	 -30.544133077260796 	 22.8362412879347 
C 	 0.9164136516923187 	 -30.134141222862507 	 22.671005628493795 
C 	 3.007557551281331 	 -30.001291652111824 	 23.868934215739802 
C 	 0.4528120309848989 	 -29.15914046806181 	 23.556532517856397 
C 	 2.569922404043271 	 -28.98941944505653 	 24.68450670435323 
C 	 1.2423190897490697 	 -28.58355585915601 	 24.513434715475427 
C 	 -1.9804990532159255 	 -28.58726496357936 	 22.975202000026318 
N 	 -2.077022139784024 	 -29.348816316445657 	 22.03340417807786 
C 	 -4.283439329215547 	 -27.7045869245878 	 22.834955046815736 
C 	 -3.0049583013047045 	 -27.57109478741875 	 23.436358263694725 
C 	 -0.5494731926892032 	 -27.595920547807165 	 24.689429044789378 
N 	 -0.794746661687437 	 -28.499587265501205 	 23.660073028675477 
C 	 -5.315192551445716 	 -26.823965494990972 	 23.27065842648591 
C 	 -2.771038177514972 	 -26.621487202093636 	 24.44533553015131 
C 	 -1.5162310920670627 	 -26.650992089938196 	 25.05675779384539 
N 	 0.614932672816287 	 -27.638944420444925 	 25.259288087912022 
C 	 -5.061108510139603 	 -25.76441393520225 	 24.208838386018684 
C 	 -3.7571225717225536 	 -25.75363845830233 	 24.854990588561165 
C 	 -1.2846383784589657 	 -25.903551909650893 	 26.148488363773236 
C 	 -6.115764478656421 	 -24.814778462669793 	 24.660165810968326 
C 	 -3.4692701667458765 	 -24.80825565141576 	 25.825999913265683 
H 	 0.24235581491870573 	 -30.455476613200055 	 21.87206017206543 
C 	 -2.2045264110004235 	 -24.889189946239746 	 26.449312326107083 
C 	 -4.53912866418305 	 -23.921003662520743 	 26.301695114290094 
N 	 -7.236803300404453 	 -24.84829900734043 	 24.206797694494878 
N 	 -5.753885988469432 	 -23.99747044624336 	 25.619512789407803 
H 	 3.138853221122413 	 -28.607382300543133 	 25.52576951930635 
H 	 -4.442295027784988 	 -28.556777474620898 	 22.241065511428197 
N 	 -4.425664471302504 	 -22.995973062495082 	 27.28265008739303 
H 	 -6.337912097709241 	 -26.95586762495372 	 22.820459528515297 
H 	 -0.30675552438492554 	 -25.87296313538547 	 26.689718818056225 
H 	 -1.9746289223109526 	 -24.1739616824706 	 27.278483129591116 
H 	 -17.67302113186569 	 -3.0355558465037165 	 30.21848551680189 
H 	 -15.949807877630684 	 -4.23668336396736 	 32.928792954075334 
N 	 1.5264244379719996 	 -32.18757488435479 	 20.55940572001905 
C 	 2.5979800202908283 	 -32.161354670970276 	 21.025371633356343 
N 	 2.967894041330928 	 -31.42201830843768 	 22.120008581946163 
C 	 3.5109819918889604 	 -33.90757161402566 	 19.462996023029014 
C 	 3.715022786483058 	 -33.00596170496299 	 20.52388926576561 
H 	 2.614981339417475 	 -33.89586127095566 	 18.80586968627364 
C 	 4.120592992092689 	 -31.394690648904486 	 22.827056908631164 
N 	 4.236593204134337 	 -30.556084215410806 	 23.863875660932987 
C 	 4.559657974703095 	 -34.696574550283856 	 19.011962752680624 
C 	 4.9217803189295415 	 -33.07139999621648 	 21.213034553066876 
C 	 5.134393411156001 	 -32.26602685191841 	 22.314566538266707 
H 	 4.371277930064162 	 -35.38730522058289 	 18.177069502522833 
C 	 5.7835010969416345 	 -34.62208679522392 	 19.604072497813704 
C 	 6.022036838972291 	 -33.84697757983374 	 20.757067627496898 
C 	 6.362154095324275 	 -32.290412527607764 	 22.994190439885646 
C 	 6.921774287202479 	 -35.449062444545646 	 19.16796073476884 
N 	 6.737712607586874 	 -36.205823395864506 	 18.246729850876868 
C 	 7.310545925879103 	 -33.683391304151286 	 21.308800567808614 
C 	 7.504250352780885 	 -32.91459421385944 	 22.437176129367934 
H 	 6.426969083514813 	 -31.7390666231365 	 23.900301907599175 
C 	 8.399368800233335 	 -34.560486453597036 	 20.88668289372094 
N 	 8.083189220948801 	 -35.40688098900425 	 19.869357969971542 
C 	 9.331174981776748 	 -36.09078874934919 	 19.706002244840345 
C 	 9.770577714248862 	 -37.15092439932331 	 18.90432584102886 
N 	 9.675398802155849 	 -34.47459346975313 	 21.280002900978133 
H 	 8.458841001157126 	 -32.75444321867681 	 22.914763386846833 
C 	 10.210365770273963 	 -35.449677488447705 	 20.553540592244037 
H 	 9.108051738060038 	 -37.707613860229806 	 18.22733569057891 
N 	 10.473986682892377 	 -39.21305433442228 	 16.864975289700727 
C 	 11.113590056847547 	 -37.481305966815945 	 19.039498051405396 
C 	 11.530221808194243 	 -39.287462058273086 	 17.433239277126766 
C 	 11.517389485135041 	 -35.89256942248744 	 20.744404165434425 
C 	 11.924958443081522 	 -36.92707512807877 	 19.96585322351742 
N 	 11.823750354194074 	 -38.471411637920795 	 18.436989705076538 
C 	 12.276357894461725 	 -41.24473424451327 	 16.07625574550678 
C 	 12.56216656488766 	 -40.261921273032094 	 17.02834111590619 
H 	 11.308435053685953 	 -41.27153096698695 	 15.591213133414586 
C 	 13.032042572872484 	 -38.454440490627555 	 19.144896532909307 
C 	 13.260374520533267 	 -42.12673347109522 	 15.701314001636932 
N 	 13.181701888961594 	 -37.493077931661354 	 20.105194213303157 
C 	 13.80758455344888 	 -40.23202200703762 	 17.63346499422487 
H 	 12.234589675308376 	 -35.45328767836735 	 21.471395588945125 
C 	 14.04206301625738 	 -39.35628296171039 	 18.735672684707158 
C 	 14.506722563360004 	 -42.17750913977854 	 16.30634712589574 
H 	 12.99931367294677 	 -42.831662188763765 	 14.914304924087345 
C 	 14.783576146724714 	 -41.15165312871899 	 17.260870947885547 
C 	 15.293282150163993 	 -39.47095119554017 	 19.378895950045905 
C 	 15.57086685138485 	 -43.22981343483583 	 15.873228588268256 
N 	 15.298247777343544 	 -44.13851168556403 	 15.189422762137006 
C 	 16.03824854348182 	 -41.1712948651037 	 17.877718894600076 
C 	 16.244200315068674 	 -40.3496098233745 	 18.9638233953834 
C 	 17.02120083625996 	 -42.10621284626601 	 17.490253777683478 
N 	 16.80024510397085 	 -42.950301518582094 	 16.4098917593904 
H 	 15.48374648243422 	 -38.818592770493176 	 20.183319313760787 
C 	 18.036296049058194 	 -43.632693307259096 	 16.35500012092718 
C 	 18.553331632628748 	 -44.61909625557901 	 15.505386454426004 
N 	 18.206911090413417 	 -42.21139549782202 	 18.166708233249857 
C 	 18.82268442256674 	 -43.09260130545646 	 17.406310401859045 
H 	 17.19171380940836 	 -40.30011926983203 	 19.46548937958846 
N 	 19.559956355030096 	 -46.87212943479877 	 13.35756612874871 
H 	 18.10764070840714 	 -44.871386752736996 	 14.622585018714673 
C 	 19.886103565581056 	 -45.005074630501824 	 15.719433372674834 
C 	 20.581166079877615 	 -46.83204017448997 	 13.977077605413093 
C 	 20.083363795402196 	 -43.601786465686835 	 17.683141104517226 
C 	 20.596580035449396 	 -44.50566333326164 	 16.801396359454888 
N 	 20.742594987259263 	 -45.929575886355565 	 14.968286523669997 
C 	 21.7366785275734 	 -48.52046368690085 	 12.538214817481753 
C 	 21.81528180258506 	 -47.61019322028754 	 13.61881653847742 
C 	 21.892911729230985 	 -45.780917790820716 	 15.717654519748862 
H 	 20.801259830973176 	 -48.77514547740313 	 12.133402263707758 
N 	 21.858121057715806 	 -44.942134887092436 	 16.82753060914366 
C 	 22.837586355771567 	 -49.22538897508488 	 12.180835923808473 
C 	 23.053396685692412 	 -47.36063104974389 	 14.24073501722651 
H 	 20.613318647333667 	 -43.159690027098364 	 18.559847484823216 
C 	 23.08499429366545 	 -46.476409791014106 	 15.333039000510462 
C 	 24.065141492213098 	 -49.037156074507436 	 12.881517443333417 
C 	 24.202049375463208 	 -48.03756569313566 	 13.849298370325679 
C 	 24.255436499454245 	 -46.31312917876275 	 16.026923769189594 
H 	 22.807169360365567 	 -50.012383173583636 	 11.424638809307485 
C 	 25.302047775946253 	 -49.769506727759406 	 12.338778534011109 
C 	 25.402792476644024 	 -47.77172392605075 	 14.459391761730467 
N 	 25.303737854579786 	 -50.66593036490256 	 11.49905787339849 
C 	 25.410320502512697 	 -46.94998996851474 	 15.545656541372985 
H 	 24.243365810223985 	 -45.70505032420603 	 16.899856180763347 
C 	 26.58619653433102 	 -48.60651852646392 	 14.074483047771492 
N 	 26.44123661270813 	 -49.33277909447091 	 12.891893799569754 
C 	 27.737668866363542 	 -49.733783030375925 	 12.638387079699744 
N 	 27.7701789258399 	 -48.69478948389085 	 14.68191522585515 
C 	 28.32131737918945 	 -50.36155245561261 	 11.517142399494718 
H 	 26.420799000246646 	 -46.66937350119003 	 15.893176852651264 
C 	 28.426379638139636 	 -49.45260537565025 	 13.784441055580714 
H 	 27.7562189180971 	 -50.70517958969298 	 10.627943831228974 
C 	 29.646854977351225 	 -50.72688193340271 	 11.731472859573769 
C 	 29.695387192159608 	 -49.815149552950885 	 14.007636401645726 
C 	 30.34324344332309 	 -50.44075752874037 	 12.877672799284252 
H 	 30.207812595815717 	 -49.54614411406201 	 14.926215530782263 
N 	 29.60500777907064 	 -51.57741893956703 	 8.78437697493975 
C 	 30.5582653654789 	 -51.650188552771766 	 9.51322156714244 
N 	 30.550555859254835 	 -51.35466748054513 	 10.837894834577755 
C 	 31.676134011355206 	 -51.288466345858865 	 11.625774923698021 
N 	 31.603620696607667 	 -50.79501857304079 	 12.833158766240762 
C 	 31.758411248268075 	 -52.3866405916206 	 9.053704283554072 
C 	 31.742699577637538 	 -53.02238452190157 	 7.8253073151385815 
C 	 32.835203023510566 	 -51.97918682353872 	 11.201996291083313 
C 	 32.84133321519355 	 -52.54964377853997 	 9.917923049887634 
C 	 32.849720050481494 	 -53.77080871063344 	 7.432765542449349 
C 	 33.90276655439929 	 -52.25446975728319 	 12.04754667125628 
H 	 30.912127298544654 	 -52.992094105962764 	 7.190058439109913 
C 	 34.00776279746609 	 -53.25287204943355 	 9.513529181132746 
C 	 34.00854313771382 	 -53.8804868807706 	 8.23608515309569 
C 	 35.023657057057065 	 -52.9645011667924 	 11.685667730752687 
C 	 35.06535416929131 	 -53.56168478013583 	 10.400478532399777 
C 	 35.191983379202284 	 -54.66236259275113 	 7.796956520882806 
H 	 32.790123208764804 	 -54.204317766726604 	 6.429122121811042 
N 	 35.29388669038623 	 -55.07893846370748 	 6.6769946229131385 
H 	 33.841837507400854 	 -51.79453808099823 	 13.0862310054879 
C 	 36.23993800972451 	 -54.288337415091505 	 9.936763367679298 
N 	 36.19188787071751 	 -54.7883055060616 	 8.653913192352036 
C 	 37.55254246934541 	 -55.1857415369943 	 8.459982559779753 
N 	 37.355314847835906 	 -54.43783600470476 	 10.636113755917318 
C 	 38.25330469219627 	 -55.812437683349955 	 7.397134336329362 
C 	 38.15189973981715 	 -54.96917030826376 	 9.702494529781015 
H 	 35.831518419374156 	 -53.139035485560825 	 12.403782604741236 
C 	 39.61420387880758 	 -56.10873897254112 	 7.6599997981779335 
N 	 39.77391338087811 	 -57.13026069363307 	 4.8738369805336434 
C 	 39.45864818528644 	 -55.33562964295601 	 9.965717092556016 
C 	 40.736892399032925 	 -57.17478692868484 	 5.636669646628511 
C 	 40.18677418485262 	 -55.866576641864526 	 8.907287377499818 
H 	 37.8384775354241 	 -56.027690012170936 	 6.4115742102156545 
N 	 40.64286281645628 	 -56.72944494206227 	 6.8952692329506275 
C 	 42.15621707607365 	 -58.44493253442316 	 3.988014959998554 
C 	 42.00171654427949 	 -57.852631353587945 	 5.242567634427202 
C 	 41.63119445344147 	 -56.766681611414796 	 7.879580128681503 
N 	 41.41743334265505 	 -56.236417015284694 	 9.107385621722871 
C 	 43.44334642918143 	 -58.86005352740862 	 3.587092864001355 
C 	 43.13449512269621 	 -57.657297551543124 	 6.050738650533382 
C 	 42.937547551918755 	 -57.21519389715881 	 7.3389757417904296 
H 	 41.28605775209662 	 -58.43922394038461 	 3.3723508623968588 
H 	 39.9179521214866 	 -55.026770705881184 	 10.904242014749572 
C 	 44.58956262003824 	 -58.6209608865742 	 4.382719113757341 
C 	 44.42652823723733 	 -58.13217440163141 	 5.6733483419716375 
C 	 43.96541295885605 	 -57.271892486357494 	 8.259008474890889 
C 	 45.961169756285166 	 -59.03456088407451 	 3.916434756424895 
C 	 45.49273142662004 	 -58.01537031399127 	 6.530796168495963 
N 	 46.15691517044399 	 -59.454279968835486 	 2.7888270040580565 
C 	 45.24409370081892 	 -57.56469963903694 	 7.842583687158944 
H 	 43.57591875725178 	 -59.24971532053132 	 2.585830593769223 
C 	 46.85348917466249 	 -58.312070960356785 	 6.097893747030134 
N 	 47.00612279477678 	 -58.846234016850985 	 4.822363930081892 
C 	 48.455987187389965 	 -58.89489244612368 	 4.782594276177334 
C 	 49.39387655123656 	 -59.12681451586789 	 3.73148198172885 
H 	 43.77565069230832 	 -56.938026796620534 	 9.27621374021794 
N 	 47.94869710403663 	 -58.20436250487422 	 6.845456039843834 
C 	 48.884768413259806 	 -58.52682363065178 	 5.993416918692419 
C 	 50.75918705009977 	 -59.09302599029724 	 4.102559484283081 
N 	 51.260591170764826 	 -59.971045164947014 	 1.382735972924616 
C 	 50.20474316689736 	 -58.37296268171959 	 6.319753261588757 
C 	 52.110325380715054 	 -59.429857086194076 	 1.9773882072745097 
H 	 45.99897041821378 	 -57.66637607832672 	 8.655230055661834 
C 	 51.147507293719364 	 -58.63061532142305 	 5.307669639362324 
H 	 49.16914428342371 	 -59.46819136717098 	 2.691121045699964 
N 	 51.897003733309404 	 -59.103962117061585 	 3.270813212177982 
C 	 53.98287797264147 	 -59.52006451649627 	 0.22471050049046773 
C 	 53.56497436815522 	 -59.19288880200586 	 1.5358613171556597 
C 	 52.815521429037695 	 -58.600686778091124 	 4.229725220261054 
N 	 52.3966664948734 	 -58.247470774402245 	 5.4727843674294 
C 	 55.25940821135089 	 -59.24367390161921 	 -0.24428820038850751 
C 	 54.579451262422026 	 -58.78031614734612 	 2.454956929746767 
C 	 54.19173884022411 	 -58.53658126466969 	 3.775064241965813 
H 	 53.24011416801809 	 -59.812277247796565 	 -0.5226223131312069 
C 	 56.23434971031683 	 -58.740161299478565 	 0.6448758156189348 
H 	 50.479553243073234 	 -57.89590251878139 	 7.2950520610112 
C 	 55.88150373816841 	 -58.53564291083474 	 2.0063155591363535 
C 	 55.14077379224116 	 -57.966480932661405 	 4.584063714632797 
C 	 57.609135159908725 	 -58.49069587204831 	 0.20421985730962275 
C 	 56.8059165303753 	 -58.05318297317175 	 2.8676193632098754 
C 	 56.47262594816273 	 -57.810455234961935 	 4.21323294573532 
H 	 55.50194226449481 	 -59.414320033528064 	 -1.2253064101714326 
N 	 58.005623608314544 	 -58.844696026087206 	 -0.9114777397344624 
C 	 58.1917552951615 	 -57.76953151292062 	 2.4921174251756115 
N 	 58.45052046701912 	 -57.924621833177994 	 1.1471208706457323 
H 	 54.872381256909016 	 -57.68999491794385 	 5.635789056934376 
C 	 59.830392659198864 	 -57.56207697781401 	 1.093861353945095 
N 	 59.210046614177855 	 -57.3002402219065 	 3.29427975090376 
C 	 60.64104541746789 	 -57.42388097414059 	 0.01737185255648685 
C 	 60.151060662915704 	 -57.20889804140808 	 2.3981044483454723 
H 	 57.18360150569002 	 -57.45075997676733 	 4.940452772506727 
C 	 -61.45928441905644 	 -56.78750172619678 	 2.7002638288657583 
C 	 -60.96586804587482 	 -57.165911682552235 	 0.3924499203696853 
N 	 -60.40301917842161 	 -57.54527293289402 	 -2.48358420612349 
H 	 60.34338938818586 	 -57.42339390141563 	 -1.0195608653073396 
C 	 -60.569452294732635 	 -56.77801882858824 	 1.6527647867814492 
C 	 -59.60134070367441 	 -57.13322981374225 	 -1.7250113961954692 
N 	 -59.83718845075233 	 -56.92189836976702 	 -0.4284699052599486 
C 	 -58.93554613426479 	 -56.29710226942949 	 0.3842485408895835 
N 	 -59.33946954305917 	 -56.18353279530048 	 1.6931445508282899 
C 	 -58.24541096124477 	 -56.78370271693932 	 -2.228342689151975 
H 	 -61.20555643714329 	 -56.27313667010934 	 3.6676364089135522 
C 	 -57.91781991678832 	 -57.05990078755522 	 -3.575643652656317 
C 	 -57.712755607693296 	 -55.854801080948555 	 -0.09173908157056668 
C 	 -57.289248905723454 	 -56.18812046066299 	 -1.394407520714872 
H 	 -58.549415545486454 	 -57.538741095493 	 -4.24970636995724 
C 	 -56.62387483937167 	 -56.821655791853615 	 -4.019992044928639 
C 	 -56.83017650437956 	 -55.17603847339142 	 0.7131258673503403 
C 	 -55.99314161823595 	 -55.876335382474764 	 -1.8859063164919874 
C 	 -55.62590947191645 	 -56.32154921995334 	 -3.1540278700082585 
C 	 -55.5329313370953 	 -54.903918029697046 	 0.2545026474953224 
C 	 -55.09058032778636 	 -55.27522360491742 	 -0.9991473178299629 
H 	 -57.1330125640758 	 -54.97417980992335 	 1.7740023972716417 
H 	 -56.34967427575011 	 -57.11995262793971 	 -5.015771431275313 
C 	 -54.23612351467508 	 -56.007868772630566 	 -3.6997251600766115 
N 	 -53.91790718725871 	 -56.216522073884875 	 -4.860156471849882 
C 	 -53.76958601456234 	 -54.99784737153508 	 -1.5206889550963532 
N 	 -53.41719166462933 	 -55.41366644853079 	 -2.783901076496354 
H 	 -54.863759935204385 	 -54.41843314262076 	 0.9960223608143226 
N 	 -52.84610332018706 	 -54.4593210721501 	 -0.7858190007077301 
C 	 -52.08687255183731 	 -55.05773947289483 	 -2.805377926344531 
C 	 -51.80335349283186 	 -54.49888801556801 	 -1.607881036448512 
C 	 -51.18066219646598 	 -55.23128827590954 	 -3.839439704196157 
C 	 -50.4965871648759 	 -54.133435678704295 	 -1.3574568184997664 
H 	 -51.50684332374933 	 -55.72865768949339 	 -4.803722376016011 
C 	 -49.920744008820414 	 -54.711918992850315 	 -3.62151063469664 
C 	 -49.52146497211525 	 -54.234045751545885 	 -2.3423225497448166 
H 	 -50.22203106020744 	 -53.73142392719581 	 -0.3426044872117714 
H 	 -49.20216265351936 	 -54.82015281093319 	 -4.4106382501840145 
H 	 -48.49047628249361 	 -53.99402978567154 	 -2.180756322916469 
