C 	 -56.96084441680615 	 5.628377118638082 	 -4.496933416784294 
C 	 -56.14465298867332 	 4.564039107471165 	 -4.057144454746603 
C 	 -57.13169096266469 	 6.793457314097602 	 -3.7876791871840294 
C 	 -56.581775043492726 	 6.798937882241781 	 -2.5098078479251917 
C 	 -55.81011462372428 	 5.732818220426999 	 -2.0506761301382834 
C 	 -55.546049841620615 	 4.625936984258863 	 -2.791202015820977 
N 	 -56.51609522316002 	 7.820028221017485 	 -1.5485019855383473 
N 	 -55.270947229457235 	 5.992932798668329 	 -0.8569772529293297 
C 	 -55.63820852251964 	 7.243075598094288 	 -0.6146243811551497 
C 	 -55.24100182194317 	 8.060982164363207 	 0.510090467772122 
C 	 -57.16655778205007 	 8.979978141515561 	 -1.3886875627908206 
N 	 -57.90716883754001 	 9.537427953314776 	 -2.198438633348851 
C 	 -56.83100330227634 	 9.739630300427105 	 -0.10340449771756621 
C 	 -55.889367575267954 	 9.272205901578383 	 0.8221184440914422 
C 	 -55.53029991984419 	 10.006236127466842 	 2.0088862777046255 
C 	 -57.475386216864266 	 10.893867248607359 	 0.1995642071233791 
C 	 -57.28780073956617 	 11.554493166221903 	 1.4057483529875765 
C 	 -56.266100353104655 	 11.144482527374503 	 2.311986149296428 
C 	 -54.20940529863796 	 7.64873316322344 	 1.3540417289962015 
C 	 -53.8139837257082 	 8.432041905012051 	 2.45012554917505 
C 	 -54.34853464628224 	 9.674472736048827 	 2.73912132985016 
C 	 -55.84818256403312 	 11.992885460213548 	 3.471450107741712 
C 	 -53.957612938110756 	 10.486227408628572 	 3.8286326199003615 
N 	 -54.706303384458124 	 11.645975550515411 	 4.1456749559228365 
N 	 -56.549627872272424 	 12.944087730979366 	 3.7671680930516063 
N 	 -52.69572004615425 	 10.434949711075719 	 4.418039349120922 
H 	 -57.816617809726885 	 7.527059479630563 	 -4.144966258758093 
H 	 -54.90180871075029 	 3.8862441118008753 	 -2.36717271105772 
H 	 -58.253570234980124 	 11.254841645458617 	 -0.4733040847997315 
H 	 -57.91329970781606 	 12.461138657485506 	 1.5923109745331092 
H 	 -53.70641933675595 	 6.667816947648432 	 1.1515655954242658 
H 	 -52.98042067605451 	 8.030302969124085 	 3.0352482997971686 
C 	 -53.838929600999315 	 12.289202192408698 	 5.125520314955347 
C 	 -52.69878955811157 	 11.488069042479632 	 5.201860985647216 
C 	 -54.00944500906584 	 13.42630302851834 	 5.896884398447152 
C 	 -52.88565220818226 	 13.847618115442852 	 6.574249710317956 
C 	 -51.72749771606309 	 13.123226492808127 	 6.51464704259569 
C 	 -51.623756683673676 	 11.887348597904444 	 5.9086270819399225 
N 	 -52.60174591809299 	 14.947700797518158 	 7.377283076179353 
N 	 -50.688406336089095 	 13.652377185429897 	 7.16161175936127 
C 	 -51.280754872848654 	 14.815700667101726 	 7.628838808630218 
C 	 -50.679775928207796 	 15.750816768308825 	 8.500158748181443 
C 	 -53.348583931485244 	 15.97153032366539 	 7.833714124776474 
N 	 -54.528928735016606 	 15.935652190534695 	 7.61824209192177 
C 	 -52.743414999797714 	 16.941090423088472 	 8.776741018372563 
C 	 -51.40320771990546 	 16.791952820003154 	 9.08497360796615 
C 	 -50.813924761087144 	 17.61809884982827 	 10.056070269683715 
C 	 -53.506206367687064 	 17.877215575355887 	 9.320893033906174 
C 	 -52.95241167618775 	 18.839379345830718 	 10.158160430992421 
C 	 -51.63189512760011 	 18.635839727543726 	 10.650062403961742 
C 	 -49.369965285801435 	 15.478502758936552 	 9.019404443575175 
C 	 -48.734783047392845 	 16.340851890591733 	 9.932516336554785 
C 	 -49.43789976720239 	 17.417295691236692 	 10.436843678052762 
C 	 -50.933605505701806 	 19.68356750546076 	 11.458721129388346 
C 	 -48.982213988090045 	 18.161175721131258 	 11.600912379552966 
N 	 -49.704348549050245 	 19.30810595196904 	 11.942427227777394 
N 	 -51.435712905854125 	 20.62661792472169 	 12.05737059732071 
N 	 -48.210940687148394 	 17.62352890627728 	 12.466093489206338 
H 	 -54.779357584297145 	 14.159952026889068 	 5.73459778252783 
H 	 -50.76593884023378 	 11.328920364580823 	 5.8469141873889505 
H 	 -54.58072352671709 	 17.851670917906542 	 9.062049686282531 
H 	 -53.512701926560595 	 19.717637750868562 	 10.487647628039491 
H 	 -48.87265068949163 	 14.585327819221975 	 8.697680044152277 
H 	 -47.6685970743337 	 16.237046639185937 	 10.247425414816696 
C 	 -58.736582173369236 	 -0.35439915267767097 	 -14.678579401536371 
C 	 -58.9766902936006 	 0.7492848474049043 	 -13.916042117461336 
C 	 -58.266012251636326 	 -1.5338380701488297 	 -14.08455365109082 
C 	 -58.61170929978597 	 0.7321964359150647 	 -12.57756865592538 
C 	 -57.72815871551073 	 -1.4769511586227226 	 -12.825804946388223 
C 	 -57.92559404845783 	 -0.3248919504176552 	 -12.101201918309698 
C 	 -59.09076196192268 	 2.877514319497169 	 -11.49787375504362 
N 	 -59.95854624670439 	 3.2875976578260837 	 -12.264135455950791 
C 	 -59.32424407427342 	 4.890126833432749 	 -10.155020333636106 
C 	 -58.809684910159504 	 3.6072512366382203 	 -10.233697740357728 
C 	 -57.770789214192945 	 1.080720244885795 	 -10.582837419664592 
N 	 -58.430638052283065 	 1.6918355021269367 	 -11.60272557464838 
C 	 -59.00687857435805 	 5.658710588477822 	 -9.026086736482513 
C 	 -57.97527845583699 	 3.160195427822528 	 -9.26754294862997 
C 	 -57.38844969564438 	 1.8922625437252554 	 -9.410749242727903 
N 	 -57.30911388597569 	 -0.1752706130900858 	 -10.90701818373646 
C 	 -58.24902747491517 	 5.090471343738858 	 -7.982974709851693 
C 	 -57.77970979788457 	 3.8159566024709055 	 -8.057806676617142 
C 	 -56.64337177547213 	 1.2565546846260773 	 -8.417731513725558 
C 	 -57.98315477072153 	 5.95413774424752 	 -6.807285541289144 
C 	 -56.91622563251961 	 3.2788230973525447 	 -7.110595296744111 
H 	 -59.484138915298914 	 1.6081112575469676 	 -14.236555473337214 
C 	 -56.402680566227744 	 1.9192839548002931 	 -7.236475974750915 
C 	 -56.64754004840962 	 4.022298915592209 	 -5.979588198623766 
N 	 -58.35487598646572 	 7.104515236915522 	 -6.623038551883683 
N 	 -57.3021909589935 	 5.2605031278215675 	 -5.8472493929339935 
H 	 -57.221077421414165 	 -2.304628021431276 	 -12.425406857964918 
H 	 -59.89263048479838 	 5.357698725325017 	 -10.987258351551302 
N 	 -55.88872763959869 	 3.607554170096118 	 -4.966722666367571 
H 	 -59.39803124235238 	 6.737974822653915 	 -8.885127609494154 
H 	 -56.180902460630584 	 0.28579574169603406 	 -8.622311065389939 
H 	 -55.749877143216416 	 1.4603131538180623 	 -6.461363890714896 
H 	 -49.383450488619275 	 19.90975698581086 	 12.654668244135355 
H 	 -47.963341334865845 	 16.66361426741721 	 12.239241433138243 
N 	 -59.55476501629852 	 1.373112920698587 	 -16.97124290286162 
C 	 -59.349133455966054 	 0.15334101929836397 	 -17.09766548272502 
N 	 -59.002503524560936 	 -0.6357826130367564 	 -16.003213752085692 
C 	 -59.65123567208029 	 0.15517985001915607 	 -19.529622306083283 
C 	 -59.319472666340694 	 -0.5887303187317511 	 -18.410777326791223 
H 	 -59.899897907590514 	 1.1768996900769289 	 -19.433449582960648 
C 	 -58.67508213018621 	 -1.9684458763488792 	 -16.077389273558673 
N 	 -58.15174819749252 	 -2.508783761965104 	 -14.936674250650714 
C 	 -59.49318917903062 	 -0.3672782958814214 	 -20.756220770039665 
C 	 -59.023368650855744 	 -1.977941258200746 	 -18.48407730886742 
C 	 -58.60178427064776 	 -2.609482412728729 	 -17.34837021766756 
H 	 -59.711000836250555 	 0.19058539415377582 	 -21.610694181052896 
C 	 -59.29180490212298 	 -1.7596883678908992 	 -20.919616872214473 
C 	 -59.03369761390947 	 -2.522960016387246 	 -19.778211606649894 
C 	 -58.27552388177514 	 -3.9562505804222834 	 -17.532262223012168 
C 	 -59.13220512219894 	 -2.3354348718066125 	 -22.326219376389595 
N 	 -59.306286952028216 	 -1.6380666665807828 	 -23.30064478613089 
C 	 -58.71032978648645 	 -3.879593012954361 	 -19.92792125690975 
C 	 -58.362145110007624 	 -4.5915466650987575 	 -18.79713510489224 
H 	 -58.05624319460046 	 -4.53714925399132 	 -16.619096897444265 
C 	 -58.777162832466715 	 -4.492324790076692 	 -21.23266107941605 
N 	 -58.85196830302136 	 -3.6824344268347673 	 -22.366323976190422 
C 	 -58.65627243864909 	 -4.58123209685306 	 -23.40282978383868 
C 	 -58.41898001800882 	 -4.321784162907169 	 -24.747796315143702 
N 	 -58.48846846692994 	 -5.772035987806011 	 -21.497693990528223 
H 	 -58.23773287434458 	 -5.672976016233638 	 -18.92323249457843 
C 	 -58.50610104233274 	 -5.801783377756148 	 -22.830283490506382 
H 	 -58.382650438538604 	 -3.289551242049376 	 -25.071612126398826 
N 	 -58.09998137247971 	 -3.439521905987698 	 -27.582381915920887 
C 	 -58.163598013907894 	 -5.440134054024972 	 -25.495540046927434 
C 	 -57.60210415926409 	 -4.522983387180539 	 -27.748320433052637 
C 	 -58.26797758603416 	 -6.923967706571819 	 -23.622203569623377 
C 	 -58.00153976823653 	 -6.708884735124071 	 -24.991028423734203 
N 	 -57.8056845124196 	 -5.541553444497517 	 -26.844497971082777 
C 	 -56.55260672746063 	 -4.098453106266647 	 -30.01918287429931 
C 	 -56.88221440402249 	 -4.944053281464687 	 -29.00235412739636 
H 	 -56.90475265899077 	 -3.091265544063447 	 -30.026513624144293 
C 	 -57.308354049714545 	 -6.817339846065344 	 -26.911759087739426 
C 	 -55.80314430623487 	 -4.431564305177857 	 -31.128594186581104 
N 	 -57.49463599938417 	 -7.610044331045942 	 -25.816148533360785 
C 	 -56.49588219388083 	 -6.287319082029274 	 -29.156226226744945 
H 	 -57.99497224509231 	 -7.884488425421432 	 -23.16374989405601 
C 	 -56.68814366315206 	 -7.20482824109797 	 -28.12544972938321 
C 	 -55.23821032936432 	 -5.662189723674438 	 -31.20669639952023 
H 	 -55.71153107374115 	 -3.7101825942678213 	 -31.97724155719652 
C 	 -55.60627173817539 	 -6.615317905431332 	 -30.211379294357393 
C 	 -56.21706344320194 	 -8.526196409248342 	 -28.276335661991126 
C 	 -54.40376436278819 	 -6.027448306433211 	 -32.355447722018134 
N 	 -54.05028734963293 	 -5.248850759391942 	 -33.25521947352684 
C 	 -55.040626611546465 	 -7.947002334482338 	 -30.242055684785946 
C 	 -55.42462081478655 	 -8.9237558555127 	 -29.34104383229063 
C 	 -54.11478669358713 	 -8.221085443460954 	 -31.289814354305022 
N 	 -53.999919079651775 	 -7.337107595187898 	 -32.37181174524546 
H 	 -56.42116284186354 	 -9.350458172686128 	 -27.636466569003115 
C 	 -52.93458589454886 	 -7.956394051522763 	 -33.14846897075282 
C 	 -52.178199525804466 	 -7.456800220027124 	 -34.20480468364773 
N 	 -53.181314181020284 	 -9.21403568252163 	 -31.230840447115256 
C 	 -52.51030954455433 	 -8.992213520871742 	 -32.319010664626425 
H 	 -55.07145874128257 	 -9.984215105502876 	 -29.42193899790408 
N 	 -50.49448605601293 	 -6.2967176638504325 	 -36.72694939559601 
H 	 -52.452952160816466 	 -6.5143446931922515 	 -34.76985336924594 
C 	 -50.94108679873556 	 -8.158242875121498 	 -34.363309443126134 
C 	 -49.604053091256645 	 -6.872975368161573 	 -36.145734536467685 
C 	 -51.345423145915774 	 -9.708746825272781 	 -32.537756267404106 
C 	 -50.562551617294105 	 -9.319293817603475 	 -33.612972689452455 
N 	 -49.79020546296769 	 -7.8086044585249565 	 -35.16763241653592 
C 	 -47.865045094692455 	 -5.548671073758211 	 -37.24565858962822 
C 	 -48.192585824379776 	 -6.71276956122981 	 -36.52083746172347 
C 	 -48.86592666488587 	 -8.739461357142172 	 -34.72664389748716 
H 	 -48.687829334433616 	 -4.854883919472449 	 -37.60912428855244 
N 	 -49.27875018004107 	 -9.687717506569072 	 -33.82064253438464 
C 	 -46.52628441438569 	 -5.367531043783463 	 -37.575675414803854 
C 	 -47.16275687816051 	 -7.5665113744390196 	 -36.034502802546555 
H 	 -50.938725915704055 	 -10.439962663453747 	 -31.897854472103116 
C 	 -47.49356951486475 	 -8.589407688728251 	 -35.15297629021411 
C 	 -45.551303232016004 	 -6.224847375019773 	 -37.15273586037059 
C 	 -45.85151659741988 	 -7.301552331635366 	 -36.31779671738741 
C 	 -46.45122257672314 	 -9.279122854498047 	 -34.60108298648759 
H 	 -46.30838311849318 	 -4.433308336277774 	 -38.155705112409144 
C 	 -44.09761227908081 	 -5.878083889939797 	 -37.536327938854356 
C 	 -44.754362539186296 	 -7.986826500659891 	 -35.74664451055756 
N 	 -43.75445635216287 	 -4.887528829746211 	 -38.160590077468036 
C 	 -45.07504515741806 	 -8.958740192185948 	 -34.82374473068527 
H 	 -46.68143380296709 	 -9.981829510901889 	 -33.83636616616259 
C 	 -43.371593032681744 	 -7.599289842582696 	 -36.014779206495106 
N 	 -43.166346780132294 	 -6.650944556678524 	 -36.96169686310442 
C 	 -41.75068473334777 	 -6.502255219986479 	 -36.85081175484599 
N 	 -42.33821165278773 	 -7.931701668646959 	 -35.20058819072679 
C 	 -40.82797373278232 	 -5.692255265123623 	 -37.48909555318488 
H 	 -44.26920259427338 	 -9.469353837775676 	 -34.390374650075785 
C 	 -41.33717878448942 	 -7.329341371911874 	 -35.79051716640218 
H 	 -41.16468598441987 	 -5.036772133209164 	 -38.40059885712491 
C 	 -39.53076312576005 	 -5.759553675183872 	 -37.00066430132059 
C 	 -40.029133318809514 	 -7.34972804269821 	 -35.35701152008252 
C 	 -39.122753488663136 	 -6.626997268639766 	 -36.07604677558106 
H 	 -39.803366626564205 	 -7.985286639196472 	 -34.573011188031856 
N 	 -38.91697529508629 	 -3.8278837495193465 	 -39.13702319412015 
C 	 -38.01423141352929 	 -4.387077343277336 	 -38.58290367485669 
N 	 -38.315633282152916 	 -5.204402273804062 	 -37.56229263829914 
C 	 -37.383748054051594 	 -5.718652577601183 	 -36.663529380693966 
N 	 -37.85481745959372 	 -6.553028816700729 	 -35.6774763401948 
C 	 -36.573214540263855 	 -4.071783205376335 	 -38.7694759585075 
C 	 -36.06089406764451 	 -3.3480638309321225 	 -39.89435953198905 
C 	 -36.0279538447461 	 -5.238687548763046 	 -36.66656842036763 
C 	 -35.65052837734775 	 -4.383604446436706 	 -37.715812322747354 
C 	 -34.749833127412884 	 -2.959537344888124 	 -39.96386396057163 
C 	 -35.09378578879556 	 -5.715455757625903 	 -35.764967320627726 
H 	 -36.76314993303414 	 -3.1380798440989435 	 -40.69651137883261 
C 	 -34.34341910257748 	 -3.992561671277739 	 -37.77926762294159 
C 	 -33.89339261409173 	 -3.212745464950818 	 -38.85667357852363 
C 	 -33.79025722871996 	 -5.175268136091201 	 -35.696357922739935 
C 	 -33.43002173131288 	 -4.363865145930884 	 -36.772652084908486 
C 	 -32.51985713386317 	 -2.697287201277182 	 -38.95286955133682 
H 	 -34.36871503281068 	 -2.3451534020562432 	 -40.788702423233566 
N 	 -32.19656484614738 	 -1.8685036975073033 	 -39.79300536937706 
H 	 -35.376183358515114 	 -6.467628134112653 	 -35.05402633843615 
C 	 -32.04233746970843 	 -4.021598274046935 	 -37.00306782454393 
N 	 -31.74568921106499 	 -3.1133190446704395 	 -38.0103727016343 
C 	 -30.37174226384065 	 -2.7962191593480448 	 -37.65486934113897 
N 	 -31.075415699799965 	 -4.298442572246744 	 -36.09962245434509 
C 	 -29.488371833400613 	 -1.960297303094464 	 -38.27184040137615 
C 	 -30.07713244742875 	 -3.5389494901278225 	 -36.58539329050926 
H 	 -33.186805149028 	 -5.362370977359894 	 -34.84293889206883 
C 	 -28.260122230260208 	 -1.8686583220462605 	 -37.6376302893272 
N 	 -27.57249463992874 	 0.04979810601554676 	 -39.772940523320585 
C 	 -28.863982631916606 	 -3.4477771635822663 	 -35.9617664814894 
C 	 -26.782350529876027 	 -0.1366939375632808 	 -38.88606233951174 
C 	 -27.93032738102419 	 -2.589874966694819 	 -36.52230541446423 
H 	 -29.839642170882605 	 -1.2730202695869322 	 -39.03843635904076 
N 	 -27.159135096981984 	 -1.0075996935560283 	 -37.86604874141057 
C 	 -25.214813109112313 	 1.6051297608158965 	 -39.532045719152165 
C 	 -25.539633781238937 	 0.5930802367734201 	 -38.68456921948762 
C 	 -26.288695376043805 	 -1.352208559725444 	 -36.82829186820868 
N 	 -26.734019364528727 	 -2.287972949298258 	 -35.96024213162208 
C 	 -24.00329219819334 	 2.2483245748589042 	 -39.463272999020816 
C 	 -24.60928025941924 	 0.29686885861270856 	 -37.626331619238336 
C 	 -24.984570602198907 	 -0.6924134970166805 	 -36.711871666729444 
H 	 -25.878369599363484 	 1.9574510152167415 	 -40.298291831073435 
H 	 -28.75428601466155 	 -4.024726615017383 	 -35.04710320982012 
C 	 -23.090045913816564 	 1.9602404085342373 	 -38.41440864047744 
C 	 -23.44194678740537 	 1.007831493308763 	 -37.46457836275519 
C 	 -24.153287381368582 	 -0.9371492945927756 	 -35.58171792317492 
C 	 -21.839750279509055 	 2.728522952366077 	 -38.20314728461029 
C 	 -22.59687002763065 	 0.6934508783994893 	 -36.34869358266745 
N 	 -21.39643918085509 	 3.4984493247406263 	 -39.058050457442114 
C 	 -22.939378013668517 	 -0.2672858166406632 	 -35.414753680525635 
H 	 -23.83257783801505 	 3.044364246035536 	 -40.09471490965183 
C 	 -21.406578402561493 	 1.4819702642040977 	 -36.12639186710768 
N 	 -21.137796555948245 	 2.4745361468254097 	 -37.01747458391184 
C 	 -19.91596009828165 	 3.024766168894634 	 -36.446513535293946 
C 	 -18.987137562611228 	 3.9136112645793775 	 -36.91315955519435 
H 	 -24.437317211967745 	 -1.6617810521499794 	 -34.8221966884391 
N 	 -20.587710215744604 	 1.3368360502083945 	 -35.03178667806573 
C 	 -19.68861699082889 	 2.3188792391233695 	 -35.24704266739401 
C 	 -17.9262591746529 	 4.229202274703064 	 -36.08158159998203 
N 	 -17.10120096618556 	 5.7906804399011556 	 -38.30367245109755 
C 	 -18.626987206722564 	 2.6421194173832183 	 -34.428026411506025 
C 	 -16.477054017838594 	 5.810513098536922 	 -37.25057452785874 
H 	 -22.371830662177516 	 -0.571856608824772 	 -34.54503388990931 
C 	 -17.770333291099952 	 3.6321843155311213 	 -34.85801792675559 
H 	 -18.98634314664611 	 4.265207139348913 	 -37.91845516714567 
N 	 -16.89980832737554 	 5.114813272312459 	 -36.18168345257137 
C 	 -14.604151434006425 	 7.2454881319621585 	 -38.17160734140557 
C 	 -15.155649128467154 	 6.5197314855044235 	 -37.13410888357404 
C 	 -16.21526504559127 	 4.873401135113301 	 -35.100074159121355 
N 	 -16.715578584089073 	 4.057806261836397 	 -34.1836683393619 
C 	 -13.44227237372734 	 7.915493701570669 	 -37.960007492103905 
C 	 -14.44315319341762 	 6.334146711304038 	 -35.94862694434176 
C 	 -14.943779493387506 	 5.474524809884162 	 -34.95633717479678 
H 	 -15.135487976545646 	 7.2297472144413275 	 -39.13892801433992 
C 	 -12.693088763624406 	 7.8247105827998436 	 -36.790224773060686 
H 	 -18.310434394579975 	 2.136662415838726 	 -33.536943598117865 
C 	 -13.236521475480975 	 7.039255553713505 	 -35.75276225934206 
C 	 -14.262351957752893 	 5.463385573647504 	 -33.75432194113567 
C 	 -11.398838419901113 	 8.51958173568473 	 -36.625208628132725 
C 	 -12.561649395306397 	 7.003195856957267 	 -34.51840681670349 
C 	 -13.0834234027167 	 6.103388609966637 	 -33.54213581079143 
H 	 -13.19076703803555 	 8.491082083904658 	 -38.835854323651354 
N 	 -10.924898701908276 	 9.325991488274402 	 -37.41822509586374 
C 	 -11.330564252566235 	 7.668884861457577 	 -34.34209592782131 
N 	 -10.732007691001323 	 8.262015071052394 	 -35.481634028605946 
H 	 -14.686846448587897 	 4.908802022070613 	 -32.85610741544232 
C 	 -9.55207599536321 	 8.889773530079085 	 -34.93225707758065 
N 	 -10.592825034137846 	 7.699106799528834 	 -33.22099698661583 
C 	 -8.554211837825818 	 9.705351812131143 	 -35.44431399571602 
C 	 -9.548479455139935 	 8.444855933476067 	 -33.64140291747384 
H 	 -12.562238175528028 	 5.909818536115873 	 -32.59248699156009 
C 	 -8.519390552999626 	 8.745394415532141 	 -32.76366842065762 
C 	 -7.51840628058466 	 10.003002442485037 	 -34.564404299316095 
N 	 -6.087434552031567 	 10.795427000010761 	 -37.035871639993715 
H 	 -8.466962492538972 	 10.086021698213408 	 -36.48081582206394 
C 	 -7.548759063946219 	 9.546033162903097 	 -33.21270287824082 
C 	 -5.633714899657249 	 11.024708709148612 	 -35.9056762170195 
N 	 -6.270029612704189 	 10.660413797842615 	 -34.79269854291545 
C 	 -5.859003763399812 	 10.756555779625431 	 -33.46778307000108 
N 	 -6.614074456876409 	 10.14709299305983 	 -32.52468300659036 
C 	 -4.357656034332259 	 11.727227862416505 	 -35.63947290271034 
H 	 -8.484613920497402 	 8.378847315119616 	 -31.814729428956525 
C 	 -3.6536770375718968 	 12.274802143149369 	 -36.680149469461725 
C 	 -4.597990427076033 	 11.442633464680746 	 -33.23350278434874 
C 	 -3.916950967485039 	 11.878711259480193 	 -34.33100443173943 
H 	 -4.054547223863106 	 12.064538376166283 	 -37.69153975065664 
C 	 -2.4662087675856257 	 12.971671107952055 	 -36.43931761430161 
C 	 -4.0761768681213475 	 11.559896238727456 	 -31.95810087261114 
C 	 -2.7346575199357943 	 12.633782509101033 	 -34.09581390240227 
C 	 -2.0084179686363677 	 13.157115997277284 	 -35.17183105880383 
C 	 -2.883859661411559 	 12.262237515326028 	 -31.791587358677532 
C 	 -2.1986162603538113 	 12.767087737771433 	 -32.85199025559171 
H 	 -4.56858088891004 	 11.186760694583754 	 -31.099275575858023 
H 	 -1.922508735417879 	 13.265751848843996 	 -37.33208517359065 
C 	 -0.560568463079455 	 13.63582610198005 	 -34.936727561955024 
N 	 0.22119494372471757 	 13.871304396158484 	 -35.85887954373833 
C 	 -0.9641769892066737 	 13.511872875909617 	 -32.64619220692074 
N 	 -0.20086935303421685 	 13.830233581175545 	 -33.674129399677646 
H 	 -2.479989640190598 	 12.260579578661691 	 -30.80201974039044 
N 	 -0.48410965263297273 	 13.807445998240846 	 -31.43444614670481 
C 	 0.906845006317258 	 14.552315466926265 	 -33.049140680154174 
C 	 0.6318955808025409 	 14.497165849600636 	 -31.71507562040211 
C 	 1.9772068243908858 	 15.293126246175218 	 -33.47479879581901 
C 	 1.4357563539200928 	 15.104841709598178 	 -30.770745348362727 
H 	 2.325807151485484 	 15.295925913083238 	 -34.49994183240137 
C 	 2.799267213657961 	 15.971174025497236 	 -32.55106916782324 
C 	 2.5334193584245064 	 15.899602367520648 	 -31.20626352292089 
H 	 1.3164381971741437 	 14.918556770500096 	 -29.711104937676602 
H 	 3.599388487403541 	 16.61333217657329 	 -32.88182888590011 
H 	 3.0545804376986294 	 16.547835243954236 	 -30.52191039955585 
C 	 -6.467626214051435 	 -23.046892338151224 	 26.34249815136285 
C 	 -5.655187004166541 	 -22.470471337297298 	 27.26900516151688 
C 	 -7.774152971986362 	 -22.55851654652511 	 26.171799757046713 
C 	 -8.068228720805136 	 -21.467158712525464 	 26.95894923003612 
C 	 -7.285062924383427 	 -21.00039330428706 	 27.963709107976108 
C 	 -6.018500863585961 	 -21.490267593533655 	 28.168516571830004 
N 	 -9.249557656061084 	 -20.653474521282998 	 26.986608733087404 
N 	 -7.882616018599812 	 -20.10419058334565 	 28.698625857506617 
C 	 -9.003764455869051 	 -19.846573133600586 	 28.049358308313646 
C 	 -9.843539782914156 	 -18.767363952732666 	 28.358314053556523 
C 	 -10.322156521948921 	 -20.59115007195279 	 26.239914298343233 
N 	 -10.575598665937862 	 -21.4606025068034 	 25.395659080444755 
C 	 -11.273936710430453 	 -19.439978746614376 	 26.52087986949624 
C 	 -10.979316175878816 	 -18.514195313410124 	 27.573864775045102 
C 	 -11.655087597462233 	 -17.332242313384906 	 27.864882089517245 
C 	 -12.480545043367517 	 -19.178392804383726 	 25.79946273916956 
C 	 -13.189348039155606 	 -17.994564978038103 	 26.039062224938 
C 	 -12.792675093185638 	 -17.089553819724372 	 27.02114317656246 
C 	 -9.406919320448006 	 -17.88049233106618 	 29.337421179364227 
C 	 -10.146235559671355 	 -16.69601349584297 	 29.645693347176156 
C 	 -11.298655379236735 	 -16.488606650597056 	 28.879068084442654 
C 	 -13.647268235107843 	 -15.871137097982947 	 27.351667086869398 
C 	 -12.063406656939273 	 -15.288750129172987 	 29.121577298736007 
N 	 -13.151489027281869 	 -14.996887857217303 	 28.30173204000042 
N 	 -14.73298725808674 	 -15.629955429676265 	 26.8606565999753 
N 	 -11.784241610096649 	 -14.46921104297947 	 30.129274511920745 
H 	 -8.39583685494256 	 -22.99489039326724 	 25.37218006730523 
H 	 -5.546529980065642 	 -21.24901996398788 	 29.118105254569095 
H 	 -12.841456491996167 	 -19.827320063223357 	 25.00903320610655 
H 	 -14.080181144453297 	 -17.83446013835702 	 25.470318781343263 
H 	 -8.528025108374921 	 -18.04336298037532 	 29.954143793184453 
H 	 -9.853859826640782 	 -15.999618914812151 	 30.418026799749363 
C 	 -13.620832929333655 	 -13.800625086631454 	 28.980569462544675 
C 	 -12.788782259291395 	 -13.586137108197784 	 29.98508312009759 
C 	 -14.514098188706338 	 -12.881292749703602 	 28.479506125038693 
C 	 -14.685956631450983 	 -11.786667296704486 	 29.29918030979332 
C 	 -13.965140344111543 	 -11.59085488980432 	 30.44524828553444 
C 	 -12.979402178863953 	 -12.505083683526326 	 30.826945822291037 
N 	 -15.517514758337839 	 -10.636626142422708 	 29.1579638172918 
N 	 -14.173816160974534 	 -10.483019008011706 	 31.091879150834952 
C 	 -15.224690099441355 	 -10.014071650206217 	 30.356028868282248 
C 	 -15.736471564901771 	 -8.741591409393008 	 30.64078577798592 
C 	 -16.460583387291393 	 -10.200059090851322 	 28.253906905143232 
N 	 -16.78601599173532 	 -10.85112000510973 	 27.291489961755946 
C 	 -16.800983710731266 	 -8.736580422255095 	 28.473544134611302 
C 	 -16.41324573712768 	 -8.068544828067889 	 29.636973550122416 
C 	 -16.840975991000363 	 -6.749026329124136 	 29.83729563877062 
C 	 -17.78516719938054 	 -8.161742318302624 	 27.627058966826592 
C 	 -18.092691526218076 	 -6.851244590899469 	 27.769316550541046 
C 	 -17.664314960890856 	 -6.131223461362668 	 28.870152660336956 
C 	 -15.448748316117802 	 -8.06194600493868 	 31.80877901532387 
C 	 -15.8855967994282 	 -6.773992765835246 	 31.958846950904864 
C 	 -16.513816229117353 	 -6.044088206047439 	 30.982351829253375 
C 	 -18.04106599906884 	 -4.6440920507642 	 29.023755169511162 
C 	 -16.687511257996174 	 -4.594209157009913 	 31.104498518942073 
N 	 -17.452775960576183 	 -3.992909480790046 	 30.105728813051822 
N 	 -18.68147733847159 	 -4.0298344674503355 	 28.27150360632371 
N 	 -16.439759647457272 	 -3.777323789090423 	 32.06695263981764 
H 	 -14.92494071371201 	 -12.987161966397712 	 27.530407722855543 
H 	 -12.369762746509501 	 -12.459441957739624 	 31.735824853382624 
H 	 -18.21972872158899 	 -8.757832378013592 	 26.838298982849086 
H 	 -18.745898463251883 	 -6.400017330422349 	 27.01417588792585 
H 	 -15.005735336753304 	 -8.537683500470218 	 32.66719387578335 
H 	 -15.640636601263408 	 -6.223064467341 	 32.82323591388089 
C 	 2.2224192650122045 	 -30.544133077260796 	 22.8362412879347 
C 	 0.9164136516923187 	 -30.134141222862507 	 22.671005628493795 
C 	 3.007557551281331 	 -30.001291652111824 	 23.868934215739802 
C 	 0.4528120309848989 	 -29.15914046806181 	 23.556532517856397 
C 	 2.569922404043271 	 -28.98941944505653 	 24.68450670435323 
C 	 1.2423190897490697 	 -28.58355585915601 	 24.513434715475427 
C 	 -1.9804990532159255 	 -28.58726496357936 	 22.975202000026318 
N 	 -2.077022139784024 	 -29.348816316445657 	 22.03340417807786 
C 	 -4.283439329215547 	 -27.7045869245878 	 22.834955046815736 
C 	 -3.0049583013047045 	 -27.57109478741875 	 23.436358263694725 
C 	 -0.5494731926892032 	 -27.595920547807165 	 24.689429044789378 
N 	 -0.794746661687437 	 -28.499587265501205 	 23.660073028675477 
C 	 -5.315192551445716 	 -26.823965494990972 	 23.27065842648591 
C 	 -2.771038177514972 	 -26.621487202093636 	 24.44533553015131 
C 	 -1.5162310920670627 	 -26.650992089938196 	 25.05675779384539 
N 	 0.614932672816287 	 -27.638944420444925 	 25.259288087912022 
C 	 -5.061108510139603 	 -25.76441393520225 	 24.208838386018684 
C 	 -3.7571225717225536 	 -25.75363845830233 	 24.854990588561165 
C 	 -1.2846383784589657 	 -25.903551909650893 	 26.148488363773236 
C 	 -6.115764478656421 	 -24.814778462669793 	 24.660165810968326 
C 	 -3.4692701667458765 	 -24.80825565141576 	 25.825999913265683 
H 	 0.24235581491870573 	 -30.455476613200055 	 21.87206017206543 
C 	 -2.2045264110004235 	 -24.889189946239746 	 26.449312326107083 
C 	 -4.53912866418305 	 -23.921003662520743 	 26.301695114290094 
N 	 -7.236803300404453 	 -24.84829900734043 	 24.206797694494878 
N 	 -5.753885988469432 	 -23.99747044624336 	 25.619512789407803 
H 	 3.138853221122413 	 -28.607382300543133 	 25.52576951930635 
H 	 -4.442295027784988 	 -28.556777474620898 	 22.241065511428197 
N 	 -4.425664471302504 	 -22.995973062495082 	 27.28265008739303 
H 	 -6.337912097709241 	 -26.95586762495372 	 22.820459528515297 
H 	 -0.30675552438492554 	 -25.87296313538547 	 26.689718818056225 
H 	 -1.9746289223109526 	 -24.1739616824706 	 27.278483129591116 
H 	 -17.67302113186569 	 -3.0355558465037165 	 30.21848551680189 
H 	 -15.949807877630684 	 -4.23668336396736 	 32.928792954075334 
N 	 1.5264244379719996 	 -32.18757488435479 	 20.55940572001905 
C 	 2.5979800202908283 	 -32.161354670970276 	 21.025371633356343 
N 	 2.967894041330928 	 -31.42201830843768 	 22.120008581946163 
C 	 3.5109819918889604 	 -33.90757161402566 	 19.462996023029014 
C 	 3.715022786483058 	 -33.00596170496299 	 20.52388926576561 
H 	 2.614981339417475 	 -33.89586127095566 	 18.80586968627364 
C 	 4.120592992092689 	 -31.394690648904486 	 22.827056908631164 
N 	 4.236593204134337 	 -30.556084215410806 	 23.863875660932987 
C 	 4.559657974703095 	 -34.696574550283856 	 19.011962752680624 
C 	 4.9217803189295415 	 -33.07139999621648 	 21.213034553066876 
C 	 5.134393411156001 	 -32.26602685191841 	 22.314566538266707 
H 	 4.371277930064162 	 -35.38730522058289 	 18.177069502522833 
C 	 5.7835010969416345 	 -34.62208679522392 	 19.604072497813704 
C 	 6.022036838972291 	 -33.84697757983374 	 20.757067627496898 
C 	 6.362154095324275 	 -32.290412527607764 	 22.994190439885646 
C 	 6.921774287202479 	 -35.449062444545646 	 19.16796073476884 
N 	 6.737712607586874 	 -36.205823395864506 	 18.246729850876868 
C 	 7.310545925879103 	 -33.683391304151286 	 21.308800567808614 
C 	 7.504250352780885 	 -32.91459421385944 	 22.437176129367934 
H 	 6.426969083514813 	 -31.7390666231365 	 23.900301907599175 
C 	 8.399368800233335 	 -34.560486453597036 	 20.88668289372094 
N 	 8.083189220948801 	 -35.40688098900425 	 19.869357969971542 
C 	 9.331174981776748 	 -36.09078874934919 	 19.706002244840345 
C 	 9.770577714248862 	 -37.15092439932331 	 18.90432584102886 
N 	 9.675398802155849 	 -34.47459346975313 	 21.280002900978133 
H 	 8.458841001157126 	 -32.75444321867681 	 22.914763386846833 
C 	 10.210365770273963 	 -35.449677488447705 	 20.553540592244037 
H 	 9.108051738060038 	 -37.707613860229806 	 18.22733569057891 
N 	 10.473986682892377 	 -39.21305433442228 	 16.864975289700727 
C 	 11.113590056847547 	 -37.481305966815945 	 19.039498051405396 
C 	 11.530221808194243 	 -39.287462058273086 	 17.433239277126766 
C 	 11.517389485135041 	 -35.89256942248744 	 20.744404165434425 
C 	 11.924958443081522 	 -36.92707512807877 	 19.96585322351742 
N 	 11.823750354194074 	 -38.471411637920795 	 18.436989705076538 
C 	 12.276357894461725 	 -41.24473424451327 	 16.07625574550678 
C 	 12.56216656488766 	 -40.261921273032094 	 17.02834111590619 
H 	 11.308435053685953 	 -41.27153096698695 	 15.591213133414586 
C 	 13.032042572872484 	 -38.454440490627555 	 19.144896532909307 
C 	 13.260374520533267 	 -42.12673347109522 	 15.701314001636932 
N 	 13.181701888961594 	 -37.493077931661354 	 20.105194213303157 
C 	 13.80758455344888 	 -40.23202200703762 	 17.63346499422487 
H 	 12.234589675308376 	 -35.45328767836735 	 21.471395588945125 
C 	 14.04206301625738 	 -39.35628296171039 	 18.735672684707158 
C 	 14.506722563360004 	 -42.17750913977854 	 16.30634712589574 
H 	 12.99931367294677 	 -42.831662188763765 	 14.914304924087345 
C 	 14.783576146724714 	 -41.15165312871899 	 17.260870947885547 
C 	 15.293282150163993 	 -39.47095119554017 	 19.378895950045905 
C 	 15.57086685138485 	 -43.22981343483583 	 15.873228588268256 
N 	 15.298247777343544 	 -44.13851168556403 	 15.189422762137006 
C 	 16.03824854348182 	 -41.1712948651037 	 17.877718894600076 
C 	 16.244200315068674 	 -40.3496098233745 	 18.9638233953834 
C 	 17.02120083625996 	 -42.10621284626601 	 17.490253777683478 
N 	 16.80024510397085 	 -42.950301518582094 	 16.4098917593904 
H 	 15.48374648243422 	 -38.818592770493176 	 20.183319313760787 
C 	 18.036296049058194 	 -43.632693307259096 	 16.35500012092718 
C 	 18.553331632628748 	 -44.61909625557901 	 15.505386454426004 
N 	 18.206911090413417 	 -42.21139549782202 	 18.166708233249857 
C 	 18.82268442256674 	 -43.09260130545646 	 17.406310401859045 
H 	 17.19171380940836 	 -40.30011926983203 	 19.46548937958846 
N 	 19.559956355030096 	 -46.87212943479877 	 13.35756612874871 
H 	 18.10764070840714 	 -44.871386752736996 	 14.622585018714673 
C 	 19.886103565581056 	 -45.005074630501824 	 15.719433372674834 
C 	 20.581166079877615 	 -46.83204017448997 	 13.977077605413093 
C 	 20.083363795402196 	 -43.601786465686835 	 17.683141104517226 
C 	 20.596580035449396 	 -44.50566333326164 	 16.801396359454888 
N 	 20.742594987259263 	 -45.929575886355565 	 14.968286523669997 
C 	 21.7366785275734 	 -48.52046368690085 	 12.538214817481753 
C 	 21.81528180258506 	 -47.61019322028754 	 13.61881653847742 
C 	 21.892911729230985 	 -45.780917790820716 	 15.717654519748862 
H 	 20.801259830973176 	 -48.77514547740313 	 12.133402263707758 
N 	 21.858121057715806 	 -44.942134887092436 	 16.82753060914366 
C 	 22.837586355771567 	 -49.22538897508488 	 12.180835923808473 
C 	 23.053396685692412 	 -47.36063104974389 	 14.24073501722651 
H 	 20.613318647333667 	 -43.159690027098364 	 18.559847484823216 
C 	 23.08499429366545 	 -46.476409791014106 	 15.333039000510462 
C 	 24.065141492213098 	 -49.037156074507436 	 12.881517443333417 
C 	 24.202049375463208 	 -48.03756569313566 	 13.849298370325679 
C 	 24.255436499454245 	 -46.31312917876275 	 16.026923769189594 
H 	 22.807169360365567 	 -50.012383173583636 	 11.424638809307485 
C 	 25.302047775946253 	 -49.769506727759406 	 12.338778534011109 
C 	 25.402792476644024 	 -47.77172392605075 	 14.459391761730467 
N 	 25.303737854579786 	 -50.66593036490256 	 11.49905787339849 
C 	 25.410320502512697 	 -46.94998996851474 	 15.545656541372985 
H 	 24.243365810223985 	 -45.70505032420603 	 16.899856180763347 
C 	 26.58619653433102 	 -48.60651852646392 	 14.074483047771492 
N 	 26.44123661270813 	 -49.33277909447091 	 12.891893799569754 
C 	 27.737668866363542 	 -49.733783030375925 	 12.638387079699744 
N 	 27.7701789258399 	 -48.69478948389085 	 14.68191522585515 
C 	 28.32131737918945 	 -50.36155245561261 	 11.517142399494718 
H 	 26.420799000246646 	 -46.66937350119003 	 15.893176852651264 
C 	 28.426379638139636 	 -49.45260537565025 	 13.784441055580714 
H 	 27.7562189180971 	 -50.70517958969298 	 10.627943831228974 
C 	 29.646854977351225 	 -50.72688193340271 	 11.731472859573769 
C 	 29.695387192159608 	 -49.815149552950885 	 14.007636401645726 
C 	 30.34324344332309 	 -50.44075752874037 	 12.877672799284252 
H 	 30.207812595815717 	 -49.54614411406201 	 14.926215530782263 
N 	 29.60500777907064 	 -51.57741893956703 	 8.78437697493975 
C 	 30.5582653654789 	 -51.650188552771766 	 9.51322156714244 
N 	 30.550555859254835 	 -51.35466748054513 	 10.837894834577755 
C 	 31.676134011355206 	 -51.288466345858865 	 11.625774923698021 
N 	 31.603620696607667 	 -50.79501857304079 	 12.833158766240762 
C 	 31.758411248268075 	 -52.3866405916206 	 9.053704283554072 
C 	 31.742699577637538 	 -53.02238452190157 	 7.8253073151385815 
C 	 32.835203023510566 	 -51.97918682353872 	 11.201996291083313 
C 	 32.84133321519355 	 -52.54964377853997 	 9.917923049887634 
C 	 32.849720050481494 	 -53.77080871063344 	 7.432765542449349 
C 	 33.90276655439929 	 -52.25446975728319 	 12.04754667125628 
H 	 30.912127298544654 	 -52.992094105962764 	 7.190058439109913 
C 	 34.00776279746609 	 -53.25287204943355 	 9.513529181132746 
C 	 34.00854313771382 	 -53.8804868807706 	 8.23608515309569 
C 	 35.023657057057065 	 -52.9645011667924 	 11.685667730752687 
C 	 35.06535416929131 	 -53.56168478013583 	 10.400478532399777 
C 	 35.191983379202284 	 -54.66236259275113 	 7.796956520882806 
H 	 32.790123208764804 	 -54.204317766726604 	 6.429122121811042 
N 	 35.29388669038623 	 -55.07893846370748 	 6.6769946229131385 
H 	 33.841837507400854 	 -51.79453808099823 	 13.0862310054879 
C 	 36.23993800972451 	 -54.288337415091505 	 9.936763367679298 
N 	 36.19188787071751 	 -54.7883055060616 	 8.653913192352036 
C 	 37.55254246934541 	 -55.1857415369943 	 8.459982559779753 
N 	 37.355314847835906 	 -54.43783600470476 	 10.636113755917318 
C 	 38.25330469219627 	 -55.812437683349955 	 7.397134336329362 
C 	 38.15189973981715 	 -54.96917030826376 	 9.702494529781015 
H 	 35.831518419374156 	 -53.139035485560825 	 12.403782604741236 
C 	 39.61420387880758 	 -56.10873897254112 	 7.6599997981779335 
N 	 39.77391338087811 	 -57.13026069363307 	 4.8738369805336434 
C 	 39.45864818528644 	 -55.33562964295601 	 9.965717092556016 
C 	 40.736892399032925 	 -57.17478692868484 	 5.636669646628511 
C 	 40.18677418485262 	 -55.866576641864526 	 8.907287377499818 
H 	 37.8384775354241 	 -56.027690012170936 	 6.4115742102156545 
N 	 40.64286281645628 	 -56.72944494206227 	 6.8952692329506275 
C 	 42.15621707607365 	 -58.44493253442316 	 3.988014959998554 
C 	 42.00171654427949 	 -57.852631353587945 	 5.242567634427202 
C 	 41.63119445344147 	 -56.766681611414796 	 7.879580128681503 
N 	 41.41743334265505 	 -56.236417015284694 	 9.107385621722871 
C 	 43.44334642918143 	 -58.86005352740862 	 3.587092864001355 
C 	 43.13449512269621 	 -57.657297551543124 	 6.050738650533382 
C 	 42.937547551918755 	 -57.21519389715881 	 7.3389757417904296 
H 	 41.28605775209662 	 -58.43922394038461 	 3.3723508623968588 
H 	 39.9179521214866 	 -55.026770705881184 	 10.904242014749572 
C 	 44.58956262003824 	 -58.6209608865742 	 4.382719113757341 
C 	 44.42652823723733 	 -58.13217440163141 	 5.6733483419716375 
C 	 43.96541295885605 	 -57.271892486357494 	 8.259008474890889 
C 	 45.961169756285166 	 -59.03456088407451 	 3.916434756424895 
C 	 45.49273142662004 	 -58.01537031399127 	 6.530796168495963 
N 	 46.15691517044399 	 -59.454279968835486 	 2.7888270040580565 
C 	 45.24409370081892 	 -57.56469963903694 	 7.842583687158944 
H 	 43.57591875725178 	 -59.24971532053132 	 2.585830593769223 
C 	 46.85348917466249 	 -58.312070960356785 	 6.097893747030134 
N 	 47.00612279477678 	 -58.846234016850985 	 4.822363930081892 
C 	 48.455987187389965 	 -58.89489244612368 	 4.782594276177334 
C 	 49.39387655123656 	 -59.12681451586789 	 3.73148198172885 
H 	 43.77565069230832 	 -56.938026796620534 	 9.27621374021794 
N 	 47.94869710403663 	 -58.20436250487422 	 6.845456039843834 
C 	 48.884768413259806 	 -58.52682363065178 	 5.993416918692419 
C 	 50.75918705009977 	 -59.09302599029724 	 4.102559484283081 
N 	 51.260591170764826 	 -59.971045164947014 	 1.382735972924616 
C 	 50.20474316689736 	 -58.37296268171959 	 6.319753261588757 
C 	 52.110325380715054 	 -59.429857086194076 	 1.9773882072745097 
H 	 45.99897041821378 	 -57.66637607832672 	 8.655230055661834 
C 	 51.147507293719364 	 -58.63061532142305 	 5.307669639362324 
H 	 49.16914428342371 	 -59.46819136717098 	 2.691121045699964 
N 	 51.897003733309404 	 -59.103962117061585 	 3.270813212177982 
C 	 53.98287797264147 	 -59.52006451649627 	 0.22471050049046773 
C 	 53.56497436815522 	 -59.19288880200586 	 1.5358613171556597 
C 	 52.815521429037695 	 -58.600686778091124 	 4.229725220261054 
N 	 52.3966664948734 	 -58.247470774402245 	 5.4727843674294 
C 	 55.25940821135089 	 -59.24367390161921 	 -0.24428820038850751 
C 	 54.579451262422026 	 -58.78031614734612 	 2.454956929746767 
C 	 54.19173884022411 	 -58.53658126466969 	 3.775064241965813 
H 	 53.24011416801809 	 -59.812277247796565 	 -0.5226223131312069 
C 	 56.23434971031683 	 -58.740161299478565 	 0.6448758156189348 
H 	 50.479553243073234 	 -57.89590251878139 	 7.2950520610112 
C 	 55.88150373816841 	 -58.53564291083474 	 2.0063155591363535 
C 	 55.14077379224116 	 -57.966480932661405 	 4.584063714632797 
C 	 57.609135159908725 	 -58.49069587204831 	 0.20421985730962275 
C 	 56.8059165303753 	 -58.05318297317175 	 2.8676193632098754 
C 	 56.47262594816273 	 -57.810455234961935 	 4.21323294573532 
H 	 55.50194226449481 	 -59.414320033528064 	 -1.2253064101714326 
N 	 58.005623608314544 	 -58.844696026087206 	 -0.9114777397344624 
C 	 58.1917552951615 	 -57.76953151292062 	 2.4921174251756115 
N 	 58.45052046701912 	 -57.924621833177994 	 1.1471208706457323 
H 	 54.872381256909016 	 -57.68999491794385 	 5.635789056934376 
C 	 59.830392659198864 	 -57.56207697781401 	 1.093861353945095 
N 	 59.210046614177855 	 -57.3002402219065 	 3.29427975090376 
C 	 60.64104541746789 	 -57.42388097414059 	 0.01737185255648685 
C 	 60.151060662915704 	 -57.20889804140808 	 2.3981044483454723 
H 	 57.18360150569002 	 -57.45075997676733 	 4.940452772506727 
C 	 -61.45928441905644 	 -56.78750172619678 	 2.7002638288657583 
C 	 -60.96586804587482 	 -57.165911682552235 	 0.3924499203696853 
N 	 -60.40301917842161 	 -57.54527293289402 	 -2.48358420612349 
H 	 60.34338938818586 	 -57.42339390141563 	 -1.0195608653073396 
C 	 -60.569452294732635 	 -56.77801882858824 	 1.6527647867814492 
C 	 -59.60134070367441 	 -57.13322981374225 	 -1.7250113961954692 
N 	 -59.83718845075233 	 -56.92189836976702 	 -0.4284699052599486 
C 	 -58.93554613426479 	 -56.29710226942949 	 0.3842485408895835 
N 	 -59.33946954305917 	 -56.18353279530048 	 1.6931445508282899 
C 	 -58.24541096124477 	 -56.78370271693932 	 -2.228342689151975 
H 	 -61.20555643714329 	 -56.27313667010934 	 3.6676364089135522 
C 	 -57.91781991678832 	 -57.05990078755522 	 -3.575643652656317 
C 	 -57.712755607693296 	 -55.854801080948555 	 -0.09173908157056668 
C 	 -57.289248905723454 	 -56.18812046066299 	 -1.394407520714872 
H 	 -58.549415545486454 	 -57.538741095493 	 -4.24970636995724 
C 	 -56.62387483937167 	 -56.821655791853615 	 -4.019992044928639 
C 	 -56.83017650437956 	 -55.17603847339142 	 0.7131258673503403 
C 	 -55.99314161823595 	 -55.876335382474764 	 -1.8859063164919874 
C 	 -55.62590947191645 	 -56.32154921995334 	 -3.1540278700082585 
C 	 -55.5329313370953 	 -54.903918029697046 	 0.2545026474953224 
C 	 -55.09058032778636 	 -55.27522360491742 	 -0.9991473178299629 
H 	 -57.1330125640758 	 -54.97417980992335 	 1.7740023972716417 
H 	 -56.34967427575011 	 -57.11995262793971 	 -5.015771431275313 
C 	 -54.23612351467508 	 -56.007868772630566 	 -3.6997251600766115 
N 	 -53.91790718725871 	 -56.216522073884875 	 -4.860156471849882 
C 	 -53.76958601456234 	 -54.99784737153508 	 -1.5206889550963532 
N 	 -53.41719166462933 	 -55.41366644853079 	 -2.783901076496354 
H 	 -54.863759935204385 	 -54.41843314262076 	 0.9960223608143226 
N 	 -52.84610332018706 	 -54.4593210721501 	 -0.7858190007077301 
C 	 -52.08687255183731 	 -55.05773947289483 	 -2.805377926344531 
C 	 -51.80335349283186 	 -54.49888801556801 	 -1.607881036448512 
C 	 -51.18066219646598 	 -55.23128827590954 	 -3.839439704196157 
C 	 -50.4965871648759 	 -54.133435678704295 	 -1.3574568184997664 
H 	 -51.50684332374933 	 -55.72865768949339 	 -4.803722376016011 
C 	 -49.920744008820414 	 -54.711918992850315 	 -3.62151063469664 
C 	 -49.52146497211525 	 -54.234045751545885 	 -2.3423225497448166 
H 	 -50.22203106020744 	 -53.73142392719581 	 -0.3426044872117714 
H 	 -49.20216265351936 	 -54.82015281093319 	 -4.4106382501840145 
H 	 -48.49047628249361 	 -53.99402978567154 	 -2.180756322916469 
