C 	 21.668908039610173 	 19.103206557021693 	 24.694841886173084 
C 	 21.09395638708388 	 18.200776833596564 	 25.59664821366996 
C 	 22.911028851721145 	 19.64028454331015 	 24.952847503945353 
C 	 23.501642381143487 	 19.22688731078424 	 26.164319063837574 
C 	 22.887328606189598 	 18.36355219245082 	 27.06545433315472 
C 	 21.686131751233336 	 17.783167827641854 	 26.757899594247004 
N 	 24.749598756564158 	 19.555274953042765 	 26.828153021291243 
N 	 23.516956727501135 	 18.147044056409335 	 28.15666738033176 
C 	 24.679348510319848 	 18.822189481277622 	 27.988242381758926 
C 	 25.860460230820877 	 18.806242455929162 	 28.85088605732596 
C 	 25.872497206634925 	 20.189939011741398 	 26.37179126733555 
N 	 25.98415837618761 	 20.66950154508594 	 25.25106104741576 
C 	 27.06543967842409 	 20.251334858403148 	 27.317679953112222 
C 	 26.99206295050879 	 19.581794774900136 	 28.545959263978858 
C 	 28.026535661993844 	 19.738499052917483 	 29.470709901447172 
C 	 28.201543957526003 	 20.933467670636304 	 26.905137683670905 
C 	 29.317054525561453 	 21.01777528520831 	 27.76816323692241 
C 	 29.16051599212298 	 20.462416098421567 	 29.06637087702392 
C 	 25.785204394871258 	 18.138385959781285 	 30.058693514107887 
C 	 26.889892342259802 	 18.186760261682394 	 30.95085883919552 
C 	 27.990680415237485 	 18.99160745086392 	 30.679919675950742 
C 	 30.330523219611997 	 20.565634255502673 	 30.00113713162979 
C 	 29.120557998466747 	 19.096198170493217 	 31.58949548548992 
N 	 30.21085226971226 	 19.890325720215714 	 31.142407598436332 
N 	 31.355464110096396 	 21.14009946648521 	 29.67524274008861 
N 	 29.110006981244393 	 18.543051683819996 	 32.84711807067675 
H 	 23.50096180214824 	 20.181904806795284 	 24.309611988512966 
H 	 21.272013601616788 	 16.987866850584606 	 27.37090846089014 
H 	 28.417604222274573 	 21.318044160234933 	 25.910514971766894 
H 	 30.228874046661453 	 21.5735606256713 	 27.49999302617596 
H 	 24.938548566042904 	 17.53464840286926 	 30.362897000548518 
H 	 26.98379936174007 	 17.610897635777874 	 31.839984385542564 
C 	 31.064729655998878 	 19.703017643811265 	 32.218627088429926 
C 	 30.397690916407075 	 18.952065968560397 	 33.2535333769712 
C 	 32.41645245190338 	 20.09717513324617 	 32.26416043705616 
C 	 33.07453435124198 	 19.609871258339428 	 33.435560639320634 
C 	 32.470910207527304 	 18.801616644116745 	 34.4262450704479 
C 	 31.13741861667505 	 18.466547598594136 	 34.344683700793276 
N 	 34.44092015662826 	 19.739952513619997 	 33.81306761165656 
N 	 33.40623648781362 	 18.40032767673536 	 35.31971301427988 
C 	 34.55318129964086 	 18.871457757769043 	 34.83064742726989 
C 	 35.903732489086394 	 18.66528024521555 	 35.400761684146 
C 	 35.38226379997644 	 20.599921095231235 	 33.37035445071601 
N 	 35.258185957697364 	 21.447768170467974 	 32.530739780617346 
C 	 36.712356250379464 	 20.44485396559889 	 34.03443458405104 
C 	 36.92310134021489 	 19.40436900706314 	 34.921224028894756 
C 	 38.21589378782838 	 19.04922585759575 	 35.33498517080396 
C 	 37.822324855064316 	 21.251560840534978 	 33.66569620074983 
C 	 39.091097604332624 	 20.924911080086595 	 34.019189510615206 
C 	 39.29009998213773 	 19.845240664329083 	 34.89653279151184 
C 	 36.105430142567585 	 17.603002548765378 	 36.26064774426217 
C 	 37.37116370188138 	 17.0983227681623 	 36.49836764522084 
C 	 38.461991942086925 	 17.87917000972038 	 36.111730298636175 
C 	 40.683570252875384 	 19.44854847007047 	 35.28578997643155 
C 	 39.80423246087762 	 17.578452885837212 	 36.539477706698186 
N 	 40.81354150126809 	 18.41027145218349 	 36.13429600719469 
N 	 41.667112558864424 	 20.13248125652228 	 34.99060726732482 
N 	 40.31722909273271 	 16.483410807795078 	 36.997210971227055 
H 	 32.98201571578712 	 20.733325415466595 	 31.501302293390843 
H 	 30.663947708277476 	 17.73740035099008 	 34.9180538801288 
H 	 37.583033195711785 	 22.153806111426768 	 33.09530917448274 
H 	 39.81270103703184 	 21.60743374191819 	 33.66769835896456 
H 	 35.24648375952764 	 17.07990768878524 	 36.675103733716874 
H 	 37.55637094027351 	 16.24326728495602 	 37.124762435892336 
C 	 11.37887454753738 	 19.70455835586878 	 18.442601120231174 
C 	 12.744766712959807 	 19.86349838986395 	 18.457845097421753 
C 	 10.725020587402023 	 18.983972353806752 	 19.399848890636427 
C 	 13.486596936153767 	 19.217289711778548 	 19.484473801000732 
C 	 11.438234217936076 	 18.339907055193983 	 20.473428762819022 
C 	 12.836413514975789 	 18.52579721715836 	 20.470150337118923 
C 	 15.877107359269697 	 19.894986147165156 	 19.19527081339128 
N 	 15.854499206178499 	 20.452835459931855 	 18.067568650617936 
C 	 18.200359422457566 	 20.715092438213592 	 19.666608381916454 
C 	 17.129358932385816 	 19.930499245385054 	 20.073433310554265 
C 	 14.888355012736437 	 18.567921436032055 	 20.953244724955773 
N 	 14.852810994054867 	 19.201225959483455 	 19.750864594256775 
C 	 19.380619918301864 	 20.654394584244578 	 20.429839908494305 
C 	 17.218654143478897 	 19.128906010818355 	 21.28509856905608 
C 	 16.131185974449036 	 18.318745161895162 	 21.63699003613759 
N 	 13.677366171112602 	 18.172410540927935 	 21.46960513368392 
C 	 19.474311597687034 	 19.909013822048173 	 21.595033609338653 
C 	 18.408159724708792 	 19.15970237029659 	 22.04246235184838 
C 	 16.170505369124392 	 17.686238117035973 	 22.89066914673813 
C 	 20.757747746957147 	 19.951204515858574 	 22.429393686380585 
C 	 18.436570579751912 	 18.391621499903685 	 23.242416850003085 
H 	 13.17791699527058 	 20.382530836580507 	 17.70050329951276 
C 	 17.265605364831178 	 17.781719090184804 	 23.715934494485463 
C 	 19.700506388296976 	 18.484989118173576 	 23.984802582122413 
N 	 21.653934810971247 	 20.680373843013612 	 22.03839701991229 
N 	 20.736640920163257 	 19.334098709692483 	 23.592478745576674 
H 	 10.899114660849346 	 17.89738582031997 	 21.302020176766362 
H 	 18.125270116813386 	 21.277723151447347 	 18.766458544896857 
N 	 19.85345656254828 	 17.781495574516786 	 25.182741190713156 
H 	 20.244944803403815 	 21.20329649039767 	 20.198264096595473 
H 	 15.256293319515795 	 17.181950468401887 	 23.264013688275895 
H 	 17.324615569535357 	 17.279143960513984 	 24.693205696645244 
H 	 41.75196851759418 	 18.21052974230072 	 36.4533538399697 
H 	 39.9703356007077 	 16.262116325506096 	 37.94857883781197 
N 	 11.404469240497773 	 21.726978660098904 	 16.20904079059341 
C 	 10.32640557737227 	 21.20890591184274 	 16.673461872054425 
N 	 10.357976998073767 	 20.212327015873242 	 17.615225310882856 
C 	 8.781127864272019 	 22.651830835116733 	 15.254926358834094 
C 	 8.923477224134729 	 21.593671530248077 	 16.13302193584186 
H 	 9.603127323507508 	 23.251785399797598 	 14.951271716824955 
C 	 9.217036457405694 	 19.653793338390486 	 18.130817940813298 
N 	 9.413453816842235 	 19.019515276156316 	 19.310746787457767 
C 	 7.552359677376254 	 23.16753617439484 	 14.955599357311451 
C 	 7.750721777104602 	 21.004152778863123 	 16.664222643732938 
C 	 7.929917609179188 	 19.95380909216857 	 17.554511705014427 
H 	 7.40535972646644 	 23.932975492093956 	 14.232899344151038 
C 	 6.384361718443732 	 22.516504438651175 	 15.379529949063018 
C 	 6.49548139815704 	 21.42594704102432 	 16.206168971840587 
C 	 6.804213785913852 	 19.185531635136606 	 17.93565451891968 
C 	 5.039287544634445 	 23.086379335137444 	 15.056114266750386 
N 	 4.921859538306915 	 24.051776257915567 	 14.386081503628949 
C 	 5.3723221267545895 	 20.765104514707776 	 16.697806528843675 
C 	 5.565626419080138 	 19.629153242898543 	 17.52163464841188 
H 	 6.9172510948261 	 18.336639526783916 	 18.575486162553105 
C 	 4.0516267549481215 	 21.300448637825937 	 16.309091326054006 
N 	 4.037959792241208 	 22.507276968633445 	 15.61870920756346 
C 	 2.6627074549353913 	 22.825192016343102 	 15.70025253667352 
C 	 1.9485913716240515 	 23.871506024233287 	 15.205366055556327 
N 	 2.925769396451653 	 20.774326483695077 	 16.81217462776239 
H 	 4.743704122960109 	 18.999317840778286 	 17.850619488043936 
C 	 2.047205108671834 	 21.782255051045922 	 16.401982444479035 
H 	 2.4795514416969864 	 24.734042774088117 	 14.749178418701455 
N 	 0.6444483056842499 	 26.51044315404339 	 14.326940886017203 
C 	 0.6167819602607919 	 23.889924173154853 	 15.526080881572835 
C 	 -0.3436700070186158 	 25.98050082403717 	 14.671053070721067 
C 	 0.727951584383546 	 21.795283092226686 	 16.707860841416707 
C 	 0.03505853001165693 	 22.871295684252296 	 16.26039418208321 
N 	 -0.42172109565404176 	 24.74593777516473 	 15.078695951053469 
C 	 -1.6821755655611317 	 28.082240641332824 	 14.188676204991948 
C 	 -1.588235921085799 	 26.80978066564969 	 14.695075625786355 
H 	 -0.8538616334384926 	 28.488723418526117 	 13.674942656698144 
C 	 -1.4809497116072585 	 24.23669964151447 	 15.704673679959841 
C 	 -2.8672360467737326 	 28.854025874867116 	 14.23087052301362 
N 	 -1.3324800825828904 	 22.962999485256123 	 16.23990886137747 
C 	 -2.7610315529289906 	 26.326315747494835 	 15.362946812230321 
H 	 0.2788913942983633 	 20.969233104804147 	 17.165980853891508 
C 	 -2.6654363584040586 	 25.024583045248146 	 15.904843973763098 
C 	 -4.000657827512076 	 28.35191515830686 	 14.839963544543584 
H 	 -2.7958342323669765 	 29.824696882019772 	 13.778471014807126 
C 	 -3.896977878928014 	 27.04996863126394 	 15.444277075818203 
C 	 -3.761046252610247 	 24.461724394186167 	 16.57634855298365 
C 	 -5.263113415734314 	 29.108833146181638 	 15.057842074776888 
N 	 -5.4656018516517895 	 30.34378638177961 	 14.835062463587164 
C 	 -5.035939347139624 	 26.46471709770255 	 16.055809078778253 
C 	 -4.943923434088041 	 25.150092618982406 	 16.593119708040884 
C 	 -6.277502021890988 	 27.18810156740886 	 16.101068725850006 
N 	 -6.250311061416309 	 28.462338230958615 	 15.635811516213831 
H 	 -3.673594028096749 	 23.450133842606817 	 17.04581886096169 
C 	 -7.584982010481905 	 28.898042168814555 	 15.92602215286855 
C 	 -8.242168857694324 	 30.113436761947323 	 15.717979364072876 
N 	 -7.390277280156125 	 26.780284794372456 	 16.699562437093135 
C 	 -8.194388117977855 	 27.84743868536366 	 16.581738822397735 
H 	 -5.860381404716453 	 24.636033105097415 	 16.983327269427214 
N 	 -9.69388121075026 	 32.969859667951056 	 15.132969729824513 
H 	 -7.789088975445947 	 30.946243021683664 	 15.122114872257479 
C 	 -9.572971099525352 	 30.206782811989108 	 16.274708809567464 
C 	 -10.65080670068852 	 32.43041047428535 	 15.715034741217677 
C 	 -9.47922687070316 	 27.92199159160777 	 17.020476158752114 
C 	 -10.155795734926253 	 29.118819917785498 	 16.898728255156087 
N 	 -10.536462602595615 	 31.23928536180589 	 16.296639592704825 
C 	 -12.162941542503818 	 34.33230814935578 	 15.186182651891716 
C 	 -11.973957578006834 	 33.12483868869291 	 15.890177028265859 
C 	 -11.599234907747984 	 30.622993776202865 	 17.02641937001873 
H 	 -11.394817271993041 	 34.7131476308162 	 14.526298743985892 
N 	 -11.37487735584211 	 29.299764325790058 	 17.390223284434864 
C 	 -13.388957591427454 	 35.004999718633556 	 15.343836613939821 
C 	 -13.008410040597573 	 32.57076223404436 	 16.684805339588426 
H 	 -9.95730706182724 	 27.12526115176973 	 17.550100922647754 
C 	 -12.828513276015103 	 31.318417649799056 	 17.266219688321772 
C 	 -14.367939623907242 	 34.508238090742644 	 16.21840074934722 
C 	 -14.242849623188334 	 33.28520288028334 	 16.808886361855265 
C 	 -13.930253315755408 	 30.778669024201534 	 18.005548910765675 
H 	 -13.544570872620888 	 35.98595792294942 	 14.983375277839215 
C 	 -15.6967974626445 	 35.25048343508385 	 16.36697417729742 
C 	 -15.29052731618601 	 32.74177215040342 	 17.596433935798498 
N 	 -15.948541677076387 	 36.389856966702816 	 15.956892682220476 
C 	 -15.150321629043441 	 31.49813655266274 	 18.14750633129206 
H 	 -13.673209396021571 	 29.861664553247795 	 18.639372533852505 
C 	 -16.42777129038659 	 33.51747302567066 	 17.893009588893516 
N 	 -16.548615684530468 	 34.635904944993655 	 17.214004815867114 
C 	 -17.77965747156492 	 34.99700535515069 	 17.691812803270366 
N 	 -17.34669844510857 	 33.21471565410941 	 18.83668037200318 
C 	 -18.56335173713252 	 36.055870824968984 	 17.340619549583508 
H 	 -15.92504263535323 	 31.106127095389017 	 18.804718552573863 
C 	 -18.230711168494317 	 34.070318319864604 	 18.61840472635366 
H 	 -18.34956344404109 	 36.804099784299794 	 16.520906823995166 
C 	 -19.733974262851092 	 36.172388575915356 	 18.052393886824014 
C 	 -19.41587883214222 	 34.112658870105655 	 19.312372620030818 
C 	 -20.141153786733426 	 35.259137495569064 	 19.017894519259578 
H 	 -19.704922535473838 	 33.365209831050336 	 20.095826775220868 
N 	 -19.776351308398088 	 38.69378828052505 	 16.47054114719696 
C 	 -20.66561971402962 	 38.38331562130394 	 17.245159620937955 
N 	 -20.682795810510587 	 37.22855044956539 	 17.95058190282781 
C 	 -21.54729084097446 	 36.78055543588863 	 18.926826922992674 
N 	 -21.19860952553294 	 35.65044606714691 	 19.638179778013455 
C 	 -21.77230657453803 	 39.3058459978017 	 17.65823626560703 
C 	 -21.793552070689202 	 40.53988353316374 	 17.048924907722743 
C 	 -22.662354164207716 	 37.60861344602909 	 19.299749768904817 
C 	 -22.73198687102659 	 38.839036361003174 	 18.628756964913578 
C 	 -22.78931749720435 	 41.39886293768182 	 17.463592453530925 
C 	 -23.601074443234438 	 37.26913708391193 	 20.367693460917724 
H 	 -21.07558239261175 	 40.78081952152427 	 16.25606805056527 
C 	 -23.77408835607605 	 39.71970902932859 	 18.949343527649763 
C 	 -23.825736266371614 	 41.01249922642841 	 18.35888171485612 
C 	 -24.65963218106177 	 38.114881981689216 	 20.62536458273438 
C 	 -24.777696831216858 	 39.323035737297786 	 19.89358136002959 
C 	 -25.009224925967523 	 41.90198560858972 	 18.57670358596923 
H 	 -23.046218115250436 	 42.30069980186714 	 16.85666464657033 
N 	 -25.048097514143993 	 43.0505884861693 	 18.19390063103829 
H 	 -23.554848959154384 	 36.242500598762554 	 20.930711460705982 
C 	 -25.92392336326651 	 40.198232951187805 	 20.114707117087377 
N 	 -25.93604113007435 	 41.429399463693514 	 19.441794252220934 
C 	 -27.099887415145137 	 41.98559832517218 	 19.998934650253464 
N 	 -26.884443025817674 	 39.96737035771069 	 21.038509645059936 
C 	 -27.749190131611627 	 43.16745444059538 	 19.71708542708051 
C 	 -27.58221062102923 	 41.11175564883352 	 20.955173194443606 
H 	 -25.389614762649508 	 37.8403947730821 	 21.284390728697954 
C 	 -28.961982314143853 	 43.39037971451796 	 20.436607359001417 
N 	 -28.900272414116436 	 45.986850345491845 	 19.085226036167 
C 	 -28.705172745462946 	 41.35641742574259 	 21.736098555108526 
C 	 -29.798623151301996 	 45.62363849634133 	 19.801215958851433 
C 	 -29.398304505974092 	 42.54057983982307 	 21.476499566316637 
H 	 -27.337833059345193 	 43.958395179602974 	 18.99732025804403 
N 	 -29.900435042295932 	 44.39483163823343 	 20.36372550574611 
C 	 -31.150679722382673 	 47.674018762639434 	 19.286206213803876 
C 	 -30.984271842418696 	 46.49520478531944 	 20.02222193921678 
C 	 -30.740324072745814 	 44.0881784577192 	 21.429213996009263 
N 	 -30.4691585434769 	 42.96561733105068 	 22.104366945160006 
C 	 -32.36184749043792 	 48.44119900673433 	 19.36802575161025 
C 	 -32.01278698722007 	 46.15499456923822 	 20.930213862351028 
C 	 -31.899697727663625 	 44.99328989733619 	 21.675546023805545 
H 	 -30.386346028346875 	 48.00017236829648 	 18.540893479818546 
H 	 -29.041421265596476 	 40.70113993035243 	 22.51021285170123 
C 	 -33.29471011052151 	 48.09129921857895 	 20.323036743270535 
C 	 -33.178747249386234 	 46.90761375400342 	 21.07695760600783 
C 	 -32.81216099760508 	 44.748108530178875 	 22.75042270877516 
C 	 -34.57944375374508 	 48.91015752951168 	 20.299592424929873 
C 	 -34.16567381148388 	 46.69603154489031 	 22.082343318154052 
N 	 -34.805826395233886 	 49.654919123260356 	 19.376966954060677 
C 	 -33.8832558767112 	 45.60857562361171 	 22.906539653810473 
H 	 -32.47709212834144 	 49.31543742640933 	 18.81382418443073 
C 	 -35.21284664583141 	 47.64602176265401 	 22.294373665767868 
N 	 -35.39459567623426 	 48.62861129885207 	 21.36165818318329 
C 	 -36.46034498426537 	 49.29519624698964 	 21.856342368918313 
C 	 -37.155366934782364 	 50.34045669400534 	 21.24865097831853 
H 	 -32.68830509935965 	 43.968354392339734 	 23.507412025670288 
N 	 -35.947699298677044 	 47.84303840325908 	 23.427789306098074 
C 	 -36.761242917664795 	 48.79477413134492 	 23.086766648984128 
C 	 -38.20881253915233 	 50.83875527700897 	 22.045316338226872 
N 	 -38.563422162468655 	 52.5487496177027 	 19.6570575164418 
C 	 -37.84199182819992 	 49.23206847892684 	 23.790124475055123 
C 	 -39.2105797033436 	 52.688083311622115 	 20.682314383325064 
H 	 -34.5438300491512 	 45.45408541103755 	 23.802366901798653 
C 	 -38.52884806589368 	 50.31385454868537 	 23.29656868722304 
H 	 -36.97790156775894 	 50.610287640931205 	 20.206014689613987 
N 	 -39.10304357691719 	 51.83508203802754 	 21.71675586324076 
C 	 -40.42768785144791 	 54.72222936736981 	 19.823337985734835 
C 	 -40.29219825274688 	 53.757352206705875 	 20.84189483192963 
C 	 -39.83547494209165 	 51.92392034882057 	 22.91756867142815 
N 	 -39.575283184196465 	 51.01549924299323 	 23.851816392393086 
C 	 -41.303842040727496 	 55.74774299509349 	 19.95503608271927 
C 	 -41.08728115149732 	 53.86461098493967 	 21.99789823306038 
C 	 -40.899668782049815 	 52.9491687215236 	 23.039032307332022 
H 	 -39.78837275207541 	 54.59966313591201 	 18.914434666906768 
C 	 -42.15617910435254 	 55.85619587941976 	 21.098407099896935 
H 	 -38.03422156723764 	 48.76275046756233 	 24.75550787127506 
C 	 -42.06466612480767 	 54.89319491138763 	 22.109847451890435 
C 	 -41.82743702769942 	 52.99792682235291 	 24.099177029313967 
C 	 -43.108972488346254 	 57.00737566713218 	 21.167239998962646 
C 	 -42.915807182146764 	 54.96620953121017 	 23.204189623516875 
C 	 -42.89889883934249 	 53.93683313024883 	 24.156524262148128 
H 	 -41.41159476754197 	 56.48305436398654 	 19.162437818736763 
N 	 -43.12023220942496 	 57.86376469568335 	 20.317377911548693 
C 	 -43.82802266622125 	 56.1314135972801 	 23.358694222711698 
N 	 -43.77993933402764 	 57.063715281957236 	 22.33162980312325 
H 	 -41.77956724449917 	 52.243999591749514 	 24.90677007923179 
C 	 -44.66369251474654 	 58.009133066312074 	 22.738898679791134 
N 	 -44.613990897540354 	 56.480937659345905 	 24.386410080755393 
C 	 -45.10904627324787 	 59.08969710736283 	 22.08317523028079 
C 	 -45.17525631244077 	 57.62065656130855 	 23.921451458229328 
H 	 -43.64548199561424 	 53.870515489246955 	 24.96897484647578 
C 	 -46.03879621962028 	 58.38887617365186 	 24.667677463712064 
C 	 -45.92663167847665 	 59.92071258934688 	 22.8361524146879 
N 	 -45.88936287492714 	 -61.3594640709732 	 20.376925301439925 
H 	 -44.65753369789707 	 59.29966585262452 	 21.126611952286773 
C 	 -46.327572179196 	 59.57313292335989 	 24.061672837285887 
C 	 -46.41224628831028 	 -60.98633702940099 	 21.38727731629176 
N 	 -46.474257825258995 	 61.199491927830884 	 22.52375625223285 
C 	 -47.02084701873213 	 -61.40961804170454 	 23.709079668057942 
N 	 -47.098229740041475 	 60.4936466430702 	 24.620326599504647 
C 	 -47.11851530272805 	 -59.619965460750166 	 21.49418328670986 
H 	 -46.31027205274703 	 58.04475707190057 	 25.635024391194605 
C 	 -46.98785284317815 	 -58.72077002750311 	 20.442142881757523 
C 	 -47.668951741621015 	 -60.12250699777799 	 23.84767241308857 
C 	 -47.68780844430819 	 -59.25124007856018 	 22.718064371369906 
H 	 -46.521928715444304 	 -59.01738418581918 	 19.526279264991537 
C 	 -47.62551146398459 	 -57.481942907255814 	 20.528814744799686 
C 	 -48.3360672383361 	 -59.730687430021895 	 24.981843895699907 
C 	 -48.29782656017879 	 -58.014093982499084 	 22.79127757638792 
C 	 -48.325700421343235 	 -57.125370106999 	 21.68497930485797 
C 	 -48.923156068783946 	 -58.46155293990733 	 25.081573458277774 
C 	 -48.88818206524994 	 -57.62921812522773 	 23.955248751738353 
H 	 -48.43695163955436 	 -60.34658691408902 	 25.88113181636988 
H 	 -47.52932926451299 	 -56.86034498264756 	 19.65704605947938 
C 	 -48.9252237989486 	 -55.732467718756624 	 21.783628436611167 
N 	 -48.92896662431377 	 -54.932449723373665 	 20.87950039043918 
C 	 -49.49872450395973 	 -56.30091671577009 	 24.107865949363696 
N 	 -49.47105268249493 	 -55.455079214080016 	 23.01295147946647 
H 	 -49.41282118641393 	 -58.122784479488914 	 25.995570762408 
N 	 -49.924081467751265 	 -55.78210256828644 	 25.285376745737715 
C 	 -49.86001085623794 	 -54.26178291541824 	 23.537050669557253 
C 	 -50.1280863924449 	 -54.539487857775384 	 24.87466035685667 
C 	 -49.963598337748856 	 -52.961383327891696 	 22.962977605597985 
C 	 -50.4987274567668 	 -53.507388944461994 	 25.713039955926497 
H 	 -49.72788542568856 	 -52.81940627538735 	 21.94352856052049 
C 	 -50.3722251978031 	 -51.93362220746509 	 23.808157356996716 
C 	 -50.56631734451235 	 -52.23899780602513 	 25.175884007890485 
H 	 -50.718671630047865 	 -53.657883679041255 	 26.774539477309137 
H 	 -50.412367190321135 	 -50.91714830081753 	 23.472249791729375 
H 	 -50.766103471544234 	 -51.34732834444338 	 25.79991418832502 
C 	 20.31503175205964 	 -57.98213841215389 	 -35.355347042002805 
C 	 19.59811582399892 	 -58.61289131630277 	 -36.36753671419563 
C 	 21.706351769167117 	 -57.79062832114031 	 -35.35965353969464 
C 	 22.32752042332739 	 -58.30506263672322 	 -36.49614925750427 
C 	 21.611059701078542 	 -58.93194452588476 	 -37.460256883163495 
C 	 20.233784492929637 	 -59.07740395328912 	 -37.460944036415746 
N 	 23.665690466711563 	 -58.37682909346174 	 -36.84824388336097 
N 	 22.353362223995568 	 -59.52731152770993 	 -38.42317947933665 
C 	 23.592988875901582 	 -59.112741876857115 	 -37.99919859347466 
C 	 24.78742054631594 	 -59.1850432126812 	 -38.80673231430738 
C 	 24.857575654307034 	 -57.84512256739229 	 -36.274667545125 
N 	 24.892314197998257 	 -57.38370149579149 	 -35.10882084137062 
C 	 26.048899635879383 	 -57.96301848695598 	 -37.12456115304088 
C 	 25.98894145444461 	 -58.622301568811324 	 -38.3800738618862 
C 	 27.106147640719445 	 -58.5799220537075 	 -39.255800708351465 
C 	 27.199785730606727 	 -57.26540212367286 	 -36.71693470636956 
C 	 28.326697610525056 	 -57.318392109388824 	 -37.52535743275347 
C 	 28.331466761774823 	 -57.97658547896732 	 -38.78596478424885 
C 	 24.725838711273315 	 -59.4949356563636 	 -40.18105099590442 
C 	 25.89858053246511 	 -59.56953277619842 	 -41.00972922485463 
C 	 27.074842144428004 	 -59.129656111262406 	 -40.538972844419504 
C 	 29.614936210415724 	 -58.08143886818597 	 -39.577555775585026 
C 	 28.226816850319672 	 -59.074504827038446 	 -41.352971599182744 
N 	 29.45372983243353 	 -58.668619072645946 	 -40.76896818910084 
N 	 30.669889066829526 	 -57.60677496091964 	 -39.26427581100221 
N 	 28.227201232555842 	 -59.48999877894932 	 -42.647935675658964 
H 	 22.295035766494923 	 -57.1875952570289 	 -34.61277783358524 
H 	 19.75644907406249 	 -59.62681127738938 	 -38.25577562901693 
H 	 27.075031141758394 	 -56.615367248735666 	 -35.794788440176 
H 	 29.287517525458256 	 -56.92852094622214 	 -37.16734392844023 
H 	 23.745594671946396 	 -59.66139433195746 	 -40.64145843554374 
H 	 25.82559339198841 	 -59.96778846243641 	 -41.99587821207828 
C 	 30.362529296977023 	 -59.17335957757875 	 -41.7139407286214 
C 	 29.570224475719606 	 -59.53884992411631 	 -42.80108610189903 
C 	 31.70536342556288 	 -59.454433074217995 	 -41.56012998783622 
C 	 32.207660425098915 	 -60.18814499588164 	 -42.583137336297206 
C 	 31.485807840388972 	 -60.55830662136364 	 -43.680791625325114 
C 	 30.143638397355208 	 -60.21552382502831 	 -43.86797610619302 
N 	 33.413828347691556 	 -60.90893505086304 	 -42.68695117391409 
N 	 32.09508151832532 	 -61.33431453876189 	 -44.5473786386946 
C 	 33.331253143878556 	 -61.400770597464756 	 -43.96130471374815 
C 	 34.42256220317351 	 60.724611287790324 	 -44.51486216682062 
C 	 34.60043044035536 	 -60.8468057685915 	 -42.00378374944588 
N 	 34.75246188293146 	 -60.103433203235646 	 -41.033491971206246 
C 	 35.713263376993666 	 61.225989323855146 	 -42.61401028481432 
C 	 35.60707517049058 	 60.532762361556934 	 -43.82980594001035 
C 	 36.68764606712644 	 59.90374819328463 	 -44.343415757448135 
C 	 36.88876524888984 	 61.14588444869292 	 -41.888561129820836 
C 	 38.04514407282146 	 60.551204429324294 	 -42.41365690299086 
C 	 37.941390833072404 	 59.992526407732925 	 -43.71074599096566 
C 	 34.250421345665885 	 60.05459709933553 	 -45.77875681221507 
C 	 35.326180774862884 	 59.265591583708144 	 -46.28076675998019 
C 	 36.538441644005104 	 59.20488269711861 	 -45.576873436501906 
C 	 39.10699496173391 	 59.40441250180277 	 -44.41097153516449 
C 	 37.667562350789964 	 58.60346629478673 	 -46.17680076080734 
N 	 38.8684417033451 	 58.69454716400978 	 -45.498292925085 
N 	 40.21830671461605 	 59.236522236004184 	 -43.962049355614916 
N 	 37.925968689428565 	 57.958774267658036 	 -47.26663850385604 
H 	 32.31879162205048 	 -59.271295775935116 	 -40.68465687076953 
H 	 29.54329721293073 	 -60.595818059241196 	 -44.67820372747242 
H 	 36.96522779312482 	 -61.32368836437375 	 -40.85478475470606 
H 	 38.920583927051744 	 60.4493613348052 	 -41.86142119532395 
H 	 33.30184700606957 	 60.09435378521649 	 -46.29220728866396 
H 	 35.11652561199751 	 58.71727289668593 	 -47.23442541559237 
C 	 9.828952823035674 	 -56.09471379612029 	 -29.727913291671616 
C 	 11.19092953016484 	 -55.8690960118301 	 -29.63791866560591 
C 	 9.183103276641972 	 -56.474979602858305 	 -30.85188266286815 
C 	 11.87622035046807 	 -56.24593307056756 	 -30.771128582723897 
C 	 9.923377350861838 	 -56.88461559178529 	 -31.9373929788683 
C 	 11.273707757236599 	 -56.78653292356907 	 -31.906941333123505 
C 	 14.399305725151264 	 -55.879145010842265 	 -30.398443062540302 
N 	 14.36003616244798 	 -55.43318293345387 	 -29.281768110346164 
C 	 16.973172483626463 	 -55.75398769004762 	 -30.479596248324786 
C 	 15.70867954864759 	 -56.034508670343556 	 -31.0958254145199 
C 	 13.296201477411026 	 -56.746838307896425 	 -32.36891455391189 
N 	 13.28367891421275 	 -56.23121878677041 	 -31.09313325688566 
C 	 18.154626778840598 	 -56.02291706793422 	 -31.17880858508995 
C 	 15.72431103662125 	 -56.533129070805245 	 -32.387618265280516 
C 	 14.54672387662708 	 -57.09007681934599 	 -32.94547754907615 
N 	 12.138644662302154 	 -57.073903482964695 	 -32.88829011808743 
C 	 18.200325630193106 	 -56.55828244491363 	 -32.49039087106586 
C 	 16.953944649917215 	 -56.75954445300679 	 -33.10213782426903 
C 	 14.627466986973637 	 -57.811594244598076 	 -34.11205360193268 
C 	 19.455671242005373 	 -56.93049889806604 	 -33.20958921992073 
C 	 16.961048334113894 	 -57.46654186508649 	 -34.3245833731886 
H 	 11.767439911590555 	 -55.50506827908584 	 -28.741760942435008 
C 	 15.780500804658287 	 -57.84901569138018 	 -34.84935014004147 
C 	 18.165864665944156 	 -57.74146914408818 	 -35.068152649118765 
N 	 20.563887241051116 	 -56.88359396164813 	 -32.694786581524454 
N 	 19.343633408368294 	 -57.48882564601929 	 -34.43018195247575 
H 	 9.467275479560056 	 -57.29965499931852 	 -32.85217509481263 
H 	 17.01582257430724 	 -55.49177565195627 	 -29.418183235465566 
N 	 18.236219563556848 	 -58.448266880545795 	 -36.245814260709196 
H 	 19.12090322040777 	 -55.78081315502294 	 -30.71062843091037 
H 	 13.762443742377776 	 -58.250788777189726 	 -34.576770704457914 
H 	 15.756238152857135 	 -58.38119887698615 	 -35.759410276681926 
H 	 39.74506159993191 	 58.338543326839755 	 -45.84098100467987 
H 	 37.461125018723 	 57.0112101248953 	 -47.10908871953662 
N 	 9.99980542680881 	 -54.88473729022803 	 -27.033435261981207 
C 	 8.900375577018462 	 -55.000032856007735 	 -27.65306715116897 
N 	 8.855390042851843 	 -55.65062749438753 	 -28.865398952200948 
C 	 7.621994104898058 	 -53.79644325701375 	 -25.896399329007433 
C 	 7.652918912119712 	 -54.495587497810874 	 -27.082166779557614 
H 	 8.576596528620806 	 -53.62117511246077 	 -25.307936547792256 
C 	 7.700040469191792 	 -55.87200596256471 	 -29.598524673302002 
N 	 7.83428254393305 	 -56.42316488907964 	 -30.779730580683985 
C 	 6.403683747447993 	 -53.34591710618671 	 -25.348864464467944 
C 	 6.442766860566415 	 -54.74264208818217 	 -27.748711821193897 
C 	 6.426917488218342 	 -55.4785447679964 	 -28.98746932548296 
H 	 6.456075462932285 	 -52.528363165495335 	 -24.565131910037692 
C 	 5.1944448828763745 	 -53.59523186684322 	 -26.0126510248567 
C 	 5.209171496112538 	 -54.350732961533524 	 -27.212882827780298 
C 	 5.242844550321354 	 -55.81754781474879 	 -29.664467045238947 
C 	 3.916767954255335 	 -53.06296855841828 	 -25.465841651695822 
N 	 3.932833968818376 	 -52.19549954261278 	 -24.591358961577228 
C 	 4.025245221381201 	 -54.63424218697788 	 -27.91737715317307 
C 	 4.042731793509222 	 -55.3631990904521 	 -29.130587936342387 
H 	 5.22944346081436 	 -56.2647813604189 	 -30.639212700695815 
C 	 2.7693018464163472 	 -54.3061411577427 	 -27.2035920382248 
N 	 2.827653766178969 	 -53.529995133970964 	 -26.057357132076387 
C 	 1.449725357300376 	 -53.379522359561335 	 -25.74760026846635 
C 	 0.7671773316229062 	 -52.6402279226517 	 -24.75778096003158 
N 	 1.525218846245793 	 -54.61338904034237 	 -27.621240472895586 
H 	 3.095860844848681 	 -55.542801478249345 	 -29.62267392648658 
C 	 0.7721733501292815 	 -54.0639231060623 	 -26.681732785041785 
H 	 1.3622774263945048 	 -52.20928087334106 	 -23.921612389509406 
N 	 -0.5411249779808354 	 -50.80094154029068 	 -22.359169229255688 
C 	 -0.602300801222911 	 -52.72445412891751 	 -24.800560504364288 
C 	 -1.583366397323461 	 -51.25003759360138 	 -22.910900607802585 
C 	 -0.6022933193111638 	 -54.209048896449254 	 -26.635136451218788 
C 	 -1.3264872593143135 	 -53.53219644847591 	 -25.638698501521713 
N 	 -1.610395591883295 	 -52.14609016000108 	 -23.944774509673643 
C 	 -2.937305479676015 	 -50.01547648890358 	 -21.194914243421838 
C 	 -2.8881551826613436 	 -50.92554345702507 	 -22.25397931678701 
H 	 -2.0800199298023747 	 -49.393612764120306 	 -20.91442760064861 
C 	 -2.764829658869156 	 -52.769680301532595 	 -24.313612529400675 
C 	 -4.125475578453603 	 -49.76635913493444 	 -20.492733062294448 
N 	 -2.604595105455156 	 -53.575973619425014 	 -25.42359597616793 
C 	 -4.047178089933524 	 -51.54908284381449 	 -22.61411154660855 
H 	 -1.1528882964522713 	 -54.83879937833757 	 -27.340375584625278 
C 	 -4.027652227109492 	 -52.512703049259315 	 -23.632884837203395 
C 	 -5.295917495567291 	 -50.46837554604568 	 -20.793818647227237 
H 	 -4.234499548016523 	 -49.013286717859906 	 -19.655066156082775 
C 	 -5.257073848454439 	 -51.33828000461613 	 -21.889004972185308 
C 	 -5.1876840991509345 	 -53.212344207796136 	 -23.892577888789617 
C 	 -6.515217904239769 	 -50.18198358068679 	 -20.06180109718258 
N 	 -6.678361115642599 	 -49.34758643889879 	 -19.178585990586058 
C 	 -6.4204628410226965 	 -52.02454940055292 	 -22.242127757735833 
C 	 -6.347797777483047 	 -53.03748162992685 	 -23.181710322932112 
C 	 -7.633603614175845 	 -51.66362511386161 	 -21.615142887014066 
N 	 -7.609801947616354 	 -50.73745866397734 	 -20.58140923828241 
H 	 -5.146112322202142 	 -54.046304457161725 	 -24.65165432390902 
C 	 -8.99846146596664 	 -50.53540788316558 	 -20.456329001509836 
C 	 -9.700492330975216 	 -49.71739605313262 	 -19.577116871478427 
N 	 -8.803407766498866 	 -52.071567816385134 	 -22.133273385982005 
C 	 -9.634139101087845 	 -51.375292601813484 	 -21.327933777441846 
H 	 -7.283404892343143 	 -53.4929582232708 	 -23.544143823107195 
N 	 -11.237330340985618 	 -47.87606679331886 	 -17.420453377894876 
H 	 -9.272597473747426 	 -48.99117499876678 	 -18.873729536517335 
C 	 -11.083104234269445 	 -49.78835436812223 	 -19.727493951299916 
C 	 -12.200284130826125 	 -48.100309992720575 	 -18.09822840322699 
C 	 -11.02604966290557 	 -51.42780636565949 	 -21.50663913637585 
C 	 -11.73554697707139 	 -50.57469406853878 	 -20.72901513732749 
N 	 -12.122672866946932 	 -49.0393855016983 	 -19.071101169577506 
C 	 -13.673739294841521 	 -46.634638340223844 	 -16.687179558025232 
C 	 -13.523369198554096 	 -47.55341312960775 	 -17.75211183517875 
C 	 -13.2162152991769 	 -49.61208668233245 	 -19.706933155337754 
H 	 -12.797191640110805 	 -46.34175372203985 	 -16.035640779274857 
N 	 -13.069670760228794 	 -50.50005125554865 	 -20.68231358037059 
C 	 -14.901376863710913 	 -45.98440896559685 	 -16.458130297030436 
C 	 -14.613948524930475 	 -47.94474644820657 	 -18.515953862267185 
H 	 -11.477241005480606 	 -52.11854107324108 	 -22.22582375583058 
C 	 -14.488408903373207 	 -48.93983912063061 	 -19.48737622988354 
C 	 -15.979018468258174 	 -46.31539786904089 	 -17.284388528865506 
C 	 -15.833292695588746 	 -47.35033248487498 	 -18.27074885996083 
C 	 -15.554231029778325 	 -49.3496059813989 	 -20.20990774339002 
H 	 -15.036194635116658 	 -45.2702995059388 	 -15.652700202811253 
C 	 -17.243760483997477 	 -45.52818917299621 	 -17.154003621238616 
C 	 -16.897386323257333 	 -47.740562303545055 	 -19.01145316000621 
N 	 -17.43844178888192 	 -44.64133535973914 	 -16.361930111139255 
C 	 -16.784586389120307 	 -48.71570777125188 	 -20.049760979164752 
H 	 -15.459125880257934 	 -50.22090963808089 	 -20.843350743998663 
C 	 -18.108874383400906 	 -47.01753074760524 	 -18.783148579278254 
N 	 -18.1221085538074 	 -45.83717629309396 	 -18.068219152023936 
C 	 -19.50422438005608 	 -45.54632685506332 	 -18.14012232180223 
N 	 -19.296603372941778 	 -47.48611697407597 	 -19.227596752421253 
C 	 -20.247984953123808 	 -44.47225720753101 	 -17.68773239762718 
H 	 -17.674930443776333 	 -48.924230150804 	 -20.645448161974155 
C 	 -20.116482904884005 	 -46.55082598789105 	 -18.851171085367657 
H 	 -19.695646868056098 	 -43.69866443619104 	 -17.197068030749232 
C 	 -21.642064013457052 	 -44.559911878739676 	 -17.878474881282347 
C 	 -21.47219808927177 	 -46.50876815080561 	 -19.23386426189902 
C 	 -22.21274240929283 	 -45.55397281946171 	 -18.662225647718273 
H 	 -21.89763547118439 	 -47.206643544618586 	 -19.95607552241773 
N 	 -21.81428002713935 	 -42.07272373874856 	 -16.199815419825534 
C 	 -22.756811865222065 	 -42.571332309926426 	 -16.840822492754107 
N 	 -22.68223354153385 	 -43.7860693600377 	 -17.42048451500694 
C 	 -23.732319063839217 	 -44.359584809781616 	 -18.033157623351183 
N 	 -23.505649026563187 	 -45.46266734383581 	 -18.75459588050181 
C 	 -24.045193641503346 	 -41.812514324587326 	 -16.950522574762374 
C 	 -24.228960095739577 	 -40.545895946034534 	 -16.3566868394447 
C 	 -25.031894901476086 	 -43.755594839787534 	 -17.966796728694028 
C 	 -25.152448060300514 	 -42.47968498598822 	 -17.529252901636827 
C 	 -25.477930133710842 	 -39.84121381372798 	 -16.578139493228022 
C 	 -26.159043415004977 	 -44.43339140372848 	 -18.426446018346688 
H 	 -23.406445613721214 	 -40.13695340922561 	 -15.782783938105162 
C 	 -26.40809090987097 	 -41.74632231478048 	 -17.66786387883632 
C 	 -26.546607196899796 	 -40.40970066579765 	 -17.242053843821655 
C 	 -27.38377553880449 	 -43.808292689119995 	 -18.425270093125768 
C 	 -27.47469329757686 	 -42.456901330679635 	 -18.168466615688963 
C 	 -27.923839625329038 	 -39.75300050344015 	 -17.40170233508895 
H 	 -25.521250727845178 	 -38.83451391251302 	 -16.207411415722607 
N 	 -28.045248458682767 	 -38.54034483342948 	 -17.35127706663547 
H 	 -25.997757698368343 	 -45.47867405941727 	 -18.784879661149137 
C 	 -28.82143491367648 	 -41.890266239406444 	 -18.188101774562636 
N 	 -28.941512105180966 	 -40.54612083585401 	 -17.87668522654507 
C 	 -30.313011246999228 	 -40.35877514111574 	 -18.077278936069636 
N 	 -29.941009310770557 	 -42.48913401754146 	 -18.716788369378435 
C 	 -31.078635688875313 	 -39.16109351901161 	 -18.028258944958708 
C 	 -30.884446048474224 	 -41.53366552534857 	 -18.520159455800133 
H 	 -28.289553506975462 	 -44.328620825127025 	 -18.767126100849474 
C 	 -32.4852433138976 	 -39.38254691590076 	 -18.32758415580673 
N 	 -32.711481340298015 	 -36.55381179841211 	 -17.933275477744694 
C 	 -32.19332011746207 	 -41.71325669647437 	 -18.743301013093834 
C 	 -33.708822430000865 	 -37.188800923856206 	 -18.22208670646704 
C 	 -32.966629956418785 	 -40.6111765055784 	 -18.632551702020162 
H 	 -30.674792922220607 	 -38.13866250028811 	 -17.909887902137392 
N 	 -33.607184588536775 	 -38.50463769777426 	 -18.435742545275946 
C 	 -35.19627672255159 	 -35.18537178514727 	 -18.4312908340821 
C 	 -35.036017284205755 	 -36.59922726105028 	 -18.50308711289655 
C 	 -34.60973120908388 	 -39.38057190303024 	 -18.788439427841944 
N 	 -34.25310713995558 	 -40.683150232895024 	 -18.946329839189705 
C 	 -36.47320968086445 	 -34.57578559492871 	 -18.5792915299634 
C 	 -36.115776502371006 	 -37.40463598779577 	 -18.83182478649334 
C 	 -35.92890455286482 	 -38.806136194558626 	 -19.015393834269915 
H 	 -34.31495843433736 	 -34.60791413721722 	 -18.217199272739755 
H 	 -32.66522422772847 	 -42.677949633894876 	 -19.10337693659025 
C 	 -37.595586648475404 	 -35.464477851326514 	 -18.853347828146497 
C 	 -37.41557534649478 	 -36.824188159920396 	 -19.006825391011485 
C 	 -36.98661882945763 	 -39.575918232162074 	 -19.42283610549582 
C 	 -38.99126282201148 	 -34.9202865997046 	 -19.116999561972474 
C 	 -38.49137742269255 	 -37.61013831991794 	 -19.415013383466082 
N 	 -39.2058866983787 	 -33.71604989563658 	 -19.238888208054455 
C 	 -38.246429774190716 	 -39.00616361128894 	 -19.558439290073007 
H 	 -36.56892748305925 	 -33.530014218541396 	 -18.407394019043217 
C 	 -39.763305672677774 	 -37.05452882377749 	 -19.68928463795458 
N 	 -39.97121410465526 	 -35.75536140089544 	 -19.301396841462058 
C 	 -41.35655184763748 	 -35.644326637651325 	 -19.74175969701355 
C 	 -42.22948592494047 	 -34.601030613507 	 -19.532089032992968 
H 	 -36.889049907759954 	 -40.60694390878199 	 -19.641850896173754 
N 	 -40.671412953709535 	 -37.65797143570105 	 -20.43903867209783 
C 	 -41.71769075890576 	 -36.802297958212044 	 -20.389960372702603 
C 	 -43.435535560036534 	 -34.86838660215426 	 -20.190471970949684 
N 	 -43.715546323467784 	 -32.01919649452289 	 -19.545644538669194 
C 	 -42.914118821151945 	 -37.05460643218351 	 -20.96046742770554 
C 	 -44.49313962890551 	 -32.60595877383483 	 -20.25429909878878 
H 	 -39.12093559774961 	 -39.693147871658134 	 -19.750884109100994 
C 	 -43.75287035911795 	 -35.981917347827526 	 -20.89663163879563 
H 	 -42.00796056726676 	 -33.619612758000905 	 -19.00622892344867 
N 	 -44.49911644682657 	 -33.95233028425356 	 -20.366868502139873 
C 	 -45.73837092255151 	 -30.583282256021736 	 -20.81510131146927 
C 	 -45.566500586371504 	 -31.927094243551583 	 -21.01369561678933 
C 	 -45.302012589791296 	 -34.67540903301125 	 -21.227805467522543 
N 	 -44.948070667573795 	 -35.94871992821417 	 -21.507049358499362 
C 	 -46.78574296326442 	 -29.964888380413164 	 -21.366654795583184 
C 	 -46.43205895406058 	 -32.57184330292279 	 -21.91846228730911 
C 	 -46.32575236130911 	 -33.988377048825264 	 -21.983742935928653 
H 	 -45.20285342250415 	 -30.141751746723568 	 -20.01503269852254 
C 	 -47.68552735620294 	 -30.563671688742154 	 -22.199600747691203 
H 	 -43.205172177335506 	 -38.02539564444573 	 -21.43286548704907 
C 	 -47.47361802001647 	 -31.91263014418039 	 -22.50521906239852 
C 	 -47.1775355865889 	 -34.65509431609377 	 -22.899085174009063 
C 	 -48.77486788264796 	 -29.740035501688343 	 -22.93336505847969 
C 	 -48.37550275574026 	 -32.56949774032821 	 -23.331588393135227 
C 	 -48.20253633476324 	 -33.95608925900955 	 -23.50480321808176 
H 	 -46.93432672890053 	 -28.890617642767936 	 -21.079567422399332 
N 	 -48.9644849480448 	 -28.58293911364693 	 -22.699519563346165 
C 	 -49.3170197803139 	 -31.7626951686941 	 -24.114446808245305 
N 	 -49.44963136121898 	 -30.397167733116518 	 -23.897662571796275 
H 	 -47.008094075791924 	 -35.6735826673373 	 -23.04473902249252 
C 	 -50.51008117618931 	 -30.05003512218101 	 -24.658243798299974 
N 	 -50.11189294191079 	 -32.31306420674565 	 -25.009960172994578 
C 	 -51.179191671737364 	 -28.85322019856389 	 -24.927234761766144 
C 	 -50.822378964404315 	 -31.176192194920056 	 -25.325187157128674 
H 	 -48.92459689870854 	 -34.53212267842966 	 -24.118735524803807 
C 	 -51.77937768097945 	 -31.177154044458725 	 -26.300635165675107 
C 	 -52.1467600250866 	 -28.83276420669375 	 -25.92276704607779 
N 	 -52.15770883275009 	 -26.008314227058015 	 -25.439419472844857 
H 	 -50.99881972812756 	 -27.949250312508727 	 -24.37420982896742 
C 	 -52.45418200319097 	 -29.994444544624344 	 -26.532272100100027 
C 	 -52.60250837898902 	 -26.44901739979188 	 -26.48358900603113 
N 	 -52.72924670484402 	 -27.784343390261515 	 -26.58903447194404 
C 	 -53.427126414051784 	 -28.435013226238098 	 -27.57751349271534 
N 	 -53.2795059924815 	 -29.780756855692772 	 -27.627693340595467 
C 	 -53.33831719299939 	 -25.59032149393518 	 -27.474757941158323 
H 	 -51.91965704013284 	 -32.04517882666247 	 -26.821711688997176 
C 	 -53.24800747065267 	 -24.19427681533593 	 -27.556355033387856 
C 	 -54.06419126635214 	 -27.600949691219363 	 -28.643051373269333 
C 	 -54.03708125069055 	 -26.239707528716625 	 -28.504018783186154 
H 	 -52.64161223171513 	 -23.516722194695763 	 -26.832593460884624 
C 	 -53.887149220373736 	 -23.517416736954296 	 -28.527952300256405 
C 	 -54.677540479152725 	 -28.228503933240017 	 -29.725667059843197 
C 	 -54.624984799908056 	 -25.52704442608071 	 -29.519725247740073 
C 	 -54.49233242851097 	 -24.166105550556004 	 -29.561213639653037 
C 	 -55.408402552209104 	 -27.478050898296512 	 -30.60267357834878 
C 	 -55.35385185809031 	 -26.106288920246328 	 -30.56751166502285 
H 	 -54.81268460442618 	 -29.349989854332453 	 -29.83631327438192 
H 	 -53.86339054599811 	 -22.461141969132466 	 -28.394785763175523 
C 	 -55.20375946618149 	 -23.362067054460073 	 -30.57876058566564 
N 	 -55.292168491774575 	 -22.18681261385785 	 -30.466701731283987 
C 	 -56.134455373968365 	 -25.321338503489706 	 -31.47602918788735 
N 	 -55.91391039471769 	 -23.974881638666957 	 -31.530220072674208 
H 	 -55.989943856950816 	 -27.87753853751612 	 -31.401315496069223 
N 	 -57.054670552946206 	 -25.876882096250057 	 -32.3567415857382 
C 	 -56.907440548500844 	 -23.605022249929277 	 -32.47327432096371 
C 	 -57.56471659965074 	 -24.75793846677651 	 -32.842028759133456 
C 	 -57.53065246602768 	 -22.38316505535756 	 -32.694392011847604 
C 	 -58.51106738975075 	 -24.787808243589684 	 -33.80597398291615 
H 	 -57.126995595812346 	 -21.46267772724963 	 -32.22357237817181 
C 	 -58.547308656325775 	 -22.298573719752646 	 -33.679378480304784 
C 	 -59.00330437157497 	 -23.50917168332709 	 -34.20290798989198 
H 	 -58.79661489269912 	 -25.71313075386385 	 -34.22583011772814 
H 	 -59.061801011798195 	 -21.401111775269115 	 -34.03870970043331 
H 	 -59.86640101075366 	 -23.51858076935472 	 -34.92133630464198 
