C 	 6.752766080608341 	 50.73239622974939 	 -12.745927700199468 
C 	 5.979774786093915 	 49.78643612148181 	 -13.409123565307263 
C 	 8.062824815876196 	 51.032904536112454 	 -13.142196723921423 
C 	 8.57404592831626 	 50.19422034009569 	 -14.148085808766057 
C 	 7.738542242709598 	 49.23303406345301 	 -14.76013227192357 
C 	 6.4586487871839156 	 49.046802529296706 	 -14.490584040084261 
N 	 9.884898789644264 	 49.99445639552611 	 -14.618137934763524 
N 	 8.446501272641763 	 48.513888488128394 	 -15.692218439744074 
C 	 9.67154814101977 	 49.02133364037156 	 -15.541591539343564 
C 	 10.764861971220217 	 48.56316819352484 	 -16.268563145079806 
C 	 11.099299482094995 	 50.42190157641897 	 -14.181395528683167 
N 	 11.288279601406725 	 51.42361713565101 	 -13.544945558386347 
C 	 12.171178314037764 	 49.52728272962871 	 -14.609399461827076 
C 	 12.006563146184845 	 48.6249379586242 	 -15.669772146488665 
C 	 13.093918339975659 	 47.8583519473546 	 -16.14043875663671 
C 	 13.455539432884796 	 49.566175238581145 	 -14.008032964063174 
C 	 14.463792994938643 	 48.728079049148135 	 -14.401284034894667 
C 	 14.275482618375234 	 47.88225824860906 	 -15.4991727897685 
C 	 10.544550474165126 	 47.65204518880517 	 -17.29183833824028 
C 	 11.619020294309532 	 46.905714000142005 	 -17.763333712200822 
C 	 12.882312259521434 	 47.04265436540184 	 -17.2354955973205 
C 	 15.40588349538847 	 47.063248953885484 	 -16.04123780833627 
C 	 13.927609041812667 	 46.29793891095515 	 -17.821702283769216 
N 	 15.07214474361691 	 46.21165541494839 	 -17.074859610310178 
N 	 16.4505520184183 	 47.07904916011486 	 -15.441087383845833 
N 	 13.854169858511353 	 45.58024357424846 	 -18.985440447882016 
H 	 8.673135586370597 	 51.7368901365527 	 -12.62693980121431 
H 	 5.818055555829434 	 48.264634880639534 	 -14.935915988441716 
H 	 13.705821278003276 	 50.29414453472293 	 -13.228201480076606 
H 	 15.413397222913398 	 48.74545736819832 	 -13.880634287133468 
H 	 9.533152079883324 	 47.49788436184378 	 -17.65142456240642 
H 	 11.42474674649321 	 46.22516766632633 	 -18.63998691173486 
C 	 15.812027031374823 	 45.23045058102882 	 -17.78409357609357 
C 	 15.0061160064529 	 44.88456668876081 	 -18.87946846250864 
C 	 16.94576735281047 	 44.49259091805194 	 -17.474438215346023 
C 	 17.24958340703307 	 43.39507101625691 	 -18.379248317327257 
C 	 16.4547860642544 	 43.16184854208312 	 -19.508260789917863 
C 	 15.377377653912324 	 43.87634867889665 	 -19.775683048407217 
N 	 17.99708786723356 	 42.235429453365605 	 -18.11619337250772 
N 	 16.637834600064256 	 41.941099179162734 	 -20.007030812153616 
C 	 17.59668501687787 	 41.42061620359032 	 -19.15768404521695 
C 	 17.813791036153585 	 40.00622174997168 	 -19.070323501387033 
C 	 18.637822553932136 	 41.823462868015895 	 -16.999658417086188 
N 	 18.801317207662095 	 42.48440005021356 	 -16.030999866818593 
C 	 18.988820391826707 	 40.37162803267596 	 -16.973462355392783 
C 	 18.525259846161692 	 39.51398273320877 	 -17.961629354354262 
C 	 18.767428461480186 	 38.124626549665656 	 -17.896962825944584 
C 	 19.61969662313097 	 39.86940341363835 	 -15.815604277495071 
C 	 19.816571415482187 	 38.49569871524457 	 -15.765228229563718 
C 	 19.441364505986012 	 37.611766330729914 	 -16.818298918490378 
C 	 17.340312167621626 	 39.11573115783297 	 -20.11325176946954 
C 	 17.699498635226007 	 37.767842488497436 	 -20.01377155323746 
C 	 18.383662640582084 	 37.264133082493494 	 -18.909798409956775 
C 	 19.637593548369274 	 36.08548862101916 	 -16.720181312531142 
C 	 18.633353390707445 	 35.82814253468079 	 -18.85012762243703 
N 	 19.190929058497503 	 35.325350524947936 	 -17.70968167749887 
N 	 20.425627085893037 	 35.625033253894905 	 -15.920087329522335 
N 	 18.286817621930936 	 34.83431111110896 	 -19.617819405966742 
H 	 17.538481385068806 	 44.606761156624614 	 -16.511098690442648 
H 	 14.627512746186008 	 43.53801443253901 	 -20.51012386969776 
H 	 19.753154501161486 	 40.452873602665676 	 -15.001421933353049 
H 	 20.237726530530445 	 37.98096036790244 	 -14.894919685512583 
H 	 16.731965620914053 	 39.530072898159155 	 -20.919065681223785 
H 	 17.36155920748812 	 37.101843018723166 	 -20.784635157292588 
C 	 -3.0885543535159816 	 53.582942703119805 	 -6.399688156534202 
C 	 -1.7918912850520696 	 53.991144260666694 	 -6.724990684652613 
C 	 -3.6563037808489085 	 52.52581523784043 	 -7.089478034424365 
C 	 -1.2292891181661472 	 53.34861706904138 	 -7.8159480645210815 
C 	 -3.092959231871055 	 51.89490416425755 	 -8.145608928767789 
C 	 -1.8568305680765607 	 52.34847821823213 	 -8.505977731905292 
C 	 1.3272081227809827 	 54.04858044943264 	 -8.032832762111791 
N 	 1.2466189991159402 	 55.09164193165393 	 -7.504729672514091 
C 	 3.8373141575925516 	 54.18539467557181 	 -8.472326511011607 
C 	 2.5973615304324356 	 53.56596271826021 	 -8.684872333719845 
C 	 0.09050918702135875 	 52.27980865009567 	 -9.138236663680859 
N 	 0.17222541968740637 	 53.3108490661543 	 -8.217657201521071 
C 	 4.962550529308152 	 53.8097523722485 	 -9.18679902928361 
C 	 2.4662689517199543 	 52.535677423908695 	 -9.650046569250973 
C 	 1.2461464535796998 	 51.894953138297744 	 -9.932018084654365 
N 	 -1.0319379526946215 	 51.550843541983134 	 -9.239172703653619 
C 	 4.834030913426566 	 52.776671306641695 	 -10.137352096860099 
C 	 3.5472559091161933 	 52.17288372346383 	 -10.403282742908395 
C 	 1.2055138506319614 	 50.835197700420025 	 -10.87008954410128 
C 	 6.050385648919245 	 52.28348731448529 	 -10.871117691016583 
C 	 3.5038454610885896 	 51.15098023707201 	 -11.353333649956127 
H 	 -1.2517854619438515 	 54.7754324101665 	 -6.164244303755251 
C 	 2.346475323142515 	 50.43913071400773 	 -11.589941499989346 
C 	 4.681294812353226 	 50.75316242792109 	 -12.094612152043482 
N 	 7.146174064329341 	 52.75388117166745 	 -10.574913035105101 
N 	 5.872289025709304 	 51.31705505078645 	 -11.776215335290178 
H 	 -3.475266738741181 	 50.98404629651661 	 -8.65572812604077 
H 	 3.8371218449396247 	 55.06165177099327 	 -7.801365449111147 
N 	 4.706336072150808 	 49.718518724861944 	 -13.00727276913779 
H 	 5.980037899671475 	 54.28649375197612 	 -9.063756801663244 
H 	 0.28326071345883125 	 50.18657980198066 	 -11.05011762759688 
H 	 2.2447014734682287 	 49.5848570875133 	 -12.244950105813992 
H 	 19.375175095943536 	 34.3266500322762 	 -17.664328516752235 
H 	 17.28852692173961 	 34.94202514959917 	 -19.986183250783544 
N 	 -3.312931398114045 	 56.06639813218101 	 -4.942090873320634 
C 	 -4.278479558439969 	 55.26327358075744 	 -4.901953950661732 
N 	 -4.08540572365059 	 54.07922208082748 	 -5.549491740732547 
C 	 -6.125571843951383 	 56.76585789360672 	 -3.9735350203009023 
C 	 -5.633207996817023 	 55.52507588436717 	 -4.326138619914135 
H 	 -5.5149038664116175 	 57.64540185664603 	 -4.097301141669663 
C 	 -5.079359136586789 	 53.137052217761585 	 -5.6885007085075685 
N 	 -4.84264223068673 	 52.228653199548425 	 -6.646172977097028 
C 	 -7.446905326566662 	 56.93748406970831 	 -3.5428069303857086 
C 	 -6.563070995273131 	 54.432005122286114 	 -4.281448755350032 
C 	 -6.27891124421383 	 53.21986168494632 	 -4.882341993376177 
H 	 -7.8015375957787 	 57.944445230932054 	 -3.3259536910887904 
C 	 -8.338676293187973 	 55.892469830537564 	 -3.4233833338418678 
C 	 -7.877194924809364 	 54.624492960172184 	 -3.7328093229032486 
C 	 -7.175531605219508 	 52.205764745110535 	 -4.796584026064862 
C 	 -9.785705926023017 	 56.156880601502436 	 -3.106476048353481 
N 	 -10.308016259560766 	 57.24099891267077 	 -3.026896951817775 
C 	 -8.711128448040286 	 53.5012916569311 	 -3.575487198359973 
C 	 -8.345525282739963 	 52.271319869070055 	 -4.091838201137183 
H 	 -6.9638187936711375 	 51.274417677995004 	 -5.287950036999754 
C 	 -10.00255486675256 	 53.71695591541093 	 -2.949362623103412 
N 	 -10.529904192112346 	 54.99663667918318 	 -2.971968676544211 
C 	 -11.921844828073448 	 54.741930214128935 	 -2.667848817657865 
C 	 -13.067448855138872 	 55.48490427538911 	 -2.9774832443097488 
N 	 -10.79983933259998 	 52.77850730224502 	 -2.436151250347112 
H 	 -9.002849515814015 	 51.41013159334256 	 -4.137738181138741 
C 	 -11.973166461892717 	 53.38954361277279 	 -2.3348537641224625 
H 	 -13.0503497977239 	 56.42800772963976 	 -3.4663109720940906 
N 	 -15.592391758525471 	 57.22133269645413 	 -3.603047452460553 
C 	 -14.220520657667876 	 54.855932103763976 	 -2.483547929507302 
C 	 -16.177090193140803 	 56.23048309679562 	 -3.2321979716266163 
C 	 -13.138563121863033 	 52.81703246212976 	 -1.8188105498244544 
C 	 -14.22969718838454 	 53.59883986966457 	 -1.937597915976467 
N 	 -15.58706218715874 	 55.173554038038226 	 -2.7229583711293355 
C 	 -18.36706616888128 	 57.21257421798788 	 -3.6869219333343057 
C 	 -17.696276536515338 	 56.08860768236846 	 -3.2597193137348457 
H 	 -17.875803356768724 	 58.0052506137916 	 -4.144391734471415 
C 	 -16.201546666918947 	 54.023204267604044 	 -2.2646832769531997 
C 	 -19.733050027125845 	 57.1970165309618 	 -3.640416426173202 
N 	 -15.452781392528404 	 53.12959702200413 	 -1.669577357696977 
C 	 -18.345635015171393 	 54.9801889724387 	 -2.8040183381217823 
H 	 -13.244064718314538 	 51.80163303961714 	 -1.5322471214024909 
C 	 -17.619304318802975 	 53.90931504208596 	 -2.270724189592544 
C 	 -20.4366049081066 	 56.042454842861275 	 -3.192621517306581 
H 	 -20.289325439728728 	 58.13829299999587 	 -3.823755117925519 
C 	 -19.715010081731407 	 54.88939129582229 	 -2.8284447264050017 
C 	 -18.30873201326834 	 52.779320097757 	 -1.8156273338667448 
C 	 -21.930838413289155 	 55.969095697130825 	 -3.3552841758030523 
N 	 -22.611004265996616 	 56.96085916057681 	 -3.6139196763871317 
C 	 -20.353624985566206 	 53.781478335540584 	 -2.3216586473672467 
C 	 -19.690594671678376 	 52.686645893243 	 -1.8196007672628347 
C 	 -21.805575358416554 	 53.70683337254381 	 -2.521451020551036 
N 	 -22.416787957875453 	 54.790785218781565 	 -3.09154989692926 
H 	 -17.827624708198936 	 51.94774861264304 	 -1.3415661991357664 
C 	 -23.783650657951007 	 54.36553331807897 	 -3.0323985960063258 
C 	 -24.862428712023767 	 54.95332186314125 	 -3.660747320596558 
N 	 -22.605300105839184 	 52.73345205416894 	 -2.0873219221683685 
C 	 -23.812113555278028 	 53.10773011378577 	 -2.5083811495316564 
H 	 -20.23971193590003 	 51.82857949293501 	 -1.568507732949474 
N 	 -26.93679988097122 	 56.355517260538015 	 -5.377643385850138 
H 	 -24.798629157970556 	 55.80566271472564 	 -4.2744759507537085 
C 	 -26.004708131130077 	 54.1075230112926 	 -3.751929147297275 
C 	 -27.60332154905454 	 55.33081786413612 	 -5.248863059431632 
C 	 -24.979661403797078 	 52.344430863857085 	 -2.4912895541981035 
C 	 -26.041351338822743 	 52.86401291577067 	 -3.172123306143226 
N 	 -27.21222818486091 	 54.35581506856011 	 -4.455581491295361 
C 	 -29.44512750449242 	 56.011705200827286 	 -6.779016738646675 
C 	 -28.978180430703432 	 55.11990423958073 	 -5.849913006898608 
C 	 -27.896795667986662 	 53.19999655206521 	 -4.145542257371917 
H 	 -28.835652168957864 	 56.889345594398115 	 -6.9804310369776505 
N 	 -27.269133750554914 	 52.33847914189348 	 -3.391844626620288 
C 	 -30.669684333733 	 55.820589776566386 	 -7.357887802128916 
C 	 -29.744145737074167 	 53.97690579064083 	 -5.493138147153077 
H 	 -25.02812984763521 	 51.46937377372942 	 -1.829224085092124 
C 	 -29.259162616992153 	 53.02123027843675 	 -4.66463354589192 
C 	 -31.438937836467545 	 54.698132849177625 	 -7.011763026030025 
C 	 -31.021147729469064 	 53.781805121309084 	 -6.029779137759386 
C 	 -30.025929317205797 	 51.91750207796817 	 -4.292992171692232 
H 	 -30.99331431534032 	 56.39331905452656 	 -8.255290889606341 
C 	 -32.73346031321642 	 54.47729041748951 	 -7.764771241229821 
C 	 -31.730542175156497 	 52.59299166462075 	 -5.855990783345799 
N 	 -33.14692445260571 	 55.169616259459055 	 -8.706853993003232 
C 	 -31.18840626000487 	 51.65934657858584 	 -4.9737947066114225 
H 	 -29.569493423040296 	 51.08274466677508 	 -3.7281252443640027 
C 	 -33.00365334590373 	 52.4124267042982 	 -6.565887021324262 
N 	 -33.407043911971755 	 53.33809577288955 	 -7.493166294900343 
C 	 -34.43935875783046 	 52.625267120956835 	 -8.101764489861123 
N 	 -33.75049155086597 	 51.246495372744455 	 -6.446963848687742 
C 	 -35.143453320777674 	 52.98981580204304 	 -9.199189458142119 
H 	 -31.706467809295614 	 50.709646280326226 	 -4.872812581780301 
C 	 -34.633761788408385 	 51.459169361561415 	 -7.447914901393981 
H 	 -34.96867134714043 	 53.924513983779775 	 -9.824982119044503 
C 	 -36.10201805043972 	 51.99261997628578 	 -9.58774509455017 
C 	 -35.597261957421296 	 50.544729669578906 	 -7.769044304415529 
C 	 -36.2963133946944 	 50.78416582149291 	 -8.943790896338205 
H 	 -35.79542096019633 	 49.692446991103836 	 -7.0778007730463575 
N 	 -36.79898043897864 	 53.87762858979032 	 -11.851883052072044 
C 	 -37.50111117195928 	 52.896371725266654 	 -11.604512923476724 
N 	 -37.14797026466643 	 52.02115689772764 	 -10.573369907985471 
C 	 -37.79975527506687 	 50.798300304964464 	 -10.366634318655796 
N 	 -37.36124353185173 	 50.06937949976742 	 -9.383170459402356 
C 	 -38.69359873165987 	 52.51414280882413 	 -12.413252379653068 
C 	 -38.96848014256243 	 53.21445526041193 	 -13.591403918687135 
C 	 -39.01093513901985 	 50.50140508325742 	 -11.098332142161485 
C 	 -39.40888119017241 	 51.34087531720093 	 -12.11663537211545 
C 	 -39.96322946800959 	 52.77498259069154 	 -14.440899587525896 
C 	 -39.71065504415987 	 49.33497751827648 	 -10.807611628825125 
H 	 -38.32216375184633 	 54.08135321456867 	 -13.922189928815413 
C 	 -40.43178991350534 	 50.93543805229705 	 -12.955784619448885 
C 	 -40.74899079911784 	 51.70191554126958 	 -14.088298341573479 
C 	 -40.792688453330165 	 48.99840524065785 	 -11.559528455644623 
C 	 -41.209755424811156 	 49.792246970985616 	 -12.68128255863851 
C 	 -41.93425461428156 	 51.373199880793784 	 -14.867715239808375 
H 	 -40.14352584211428 	 53.35144988229366 	 -15.370913959239386 
N 	 -42.15547795535481 	 51.899039986342544 	 -15.968120047354404 
H 	 -39.39449984424652 	 48.71968992076912 	 -9.95233040297711 
C 	 -42.413828193667406 	 49.53396961231483 	 -13.412010836057588 
N 	 -42.795588858258235 	 50.41207949706123 	 -14.40223791983741 
C 	 -43.88177989245213 	 49.7445608225046 	 -14.992944322377923 
N 	 -43.227879109847635 	 48.46069194492525 	 -13.24481621665063 
C 	 -44.7874970895345 	 50.04300307526231 	 -16.070757677625355 
C 	 -44.15306839465629 	 48.68439197024594 	 -14.203418209453554 
H 	 -41.32028148280212 	 48.02546363325291 	 -11.535444653966048 
C 	 -45.861730081584135 	 49.1776081171886 	 -16.249277004106286 
N 	 -46.329811783008985 	 50.77295874705954 	 -18.532086926748864 
C 	 -45.18444167633401 	 47.75863140298001 	 -14.391105860993864 
C 	 -47.00380577879177 	 49.83686406218223 	 -18.244879304402886 
C 	 -46.01160367986059 	 48.00892418957959 	 -15.461366458347783 
H 	 -44.424053427827474 	 50.734162767799134 	 -16.835783669968183 
N 	 -46.899669821132726 	 49.090810207840214 	 -17.140961526506572 
C 	 -48.35834532859822 	 49.871272211064415 	 -20.375067663477314 
C 	 -48.16188888536761 	 49.2748989397301 	 -19.104217357253077 
C 	 -47.464416693543924 	 47.83179062783799 	 -16.883979136395837 
N 	 -47.03518574351626 	 47.19744042037252 	 -15.804705272532543 
C 	 -49.346003681575596 	 49.43876487850957 	 -21.231762420641715 
C 	 -48.88547334824221 	 48.094938780303046 	 -18.82871454123025 
C 	 -48.63421891112593 	 47.40823158945421 	 -17.59253896092475 
H 	 -47.744213639857136 	 50.70326564118749 	 -20.608993907582946 
H 	 -45.28881611545425 	 46.99011102567338 	 -13.62027844733119 
C 	 -50.11172064993614 	 48.37565768123153 	 -20.782123627202605 
C 	 -49.94776859886017 	 47.68737901191546 	 -19.56473279578268 
C 	 -49.33008837802615 	 46.270611320722885 	 -17.29856883328399 
C 	 -51.39687723585323 	 48.0463398387158 	 -21.479997082034078 
C 	 -50.80960136410637 	 46.65254387048508 	 -19.14618570908369 
N 	 -51.74356049821824 	 48.626988284833935 	 -22.471860835027336 
C 	 -50.445135075566 	 45.91824636931522 	 -18.017288969326565 
H 	 -49.543074484342156 	 49.984141688711766 	 -22.175543834197182 
C 	 -51.900050399973885 	 46.23162251680735 	 -19.934912939580034 
N 	 -52.18538062914501 	 47.00070444681881 	 -21.027220459763186 
C 	 -53.35317371183359 	 46.44061779252465 	 -21.576753748800982 
C 	 -54.15655447117277 	 46.67292894217321 	 -22.68952045068099 
H 	 -48.913922473127755 	 45.565614408624796 	 -16.54138814607148 
N 	 -52.75853894295891 	 45.1772269837041 	 -19.69849902834083 
C 	 -53.63717550583983 	 45.38041744020942 	 -20.68450032242231 
C 	 -55.2521086841155 	 45.83965796196329 	 -22.770405807633576 
N 	 -55.566776647246506 	 47.115211249305624 	 -25.446944829173557 
C 	 -54.80862165008449 	 44.690646918808426 	 -20.727015019218538 
C 	 -56.342082522284024 	 46.278804367114574 	 -24.98458107461846 
H 	 -51.04364674076331 	 45.09749125223333 	 -17.77628563943283 
C 	 -55.65947419208818 	 44.94139508139093 	 -21.815548011384983 
H 	 -53.9293862890987 	 47.405305268509515 	 -23.476034051132267 
N 	 -56.21819332028551 	 45.69824911704406 	 -23.75887004264857 
C 	 -57.70938898333405 	 46.392908425633735 	 -27.047053083254223 
C 	 -57.55843110673492 	 45.84617663686213 	 -25.75119608094132 
C 	 -57.046681200650255 	 44.67942023685902 	 -23.253827941071762 
N 	 -56.78327799291683 	 44.2266104903452 	 -22.040785217113495 
C 	 -58.67275805416056 	 45.918934832536365 	 -27.945186917409647 
C 	 -58.336873468201674 	 44.80406913216335 	 -25.342748915854557 
C 	 -58.17622432027004 	 44.16687945121429 	 -24.09446214600897 
H 	 -56.99695737934825 	 47.17798151160751 	 -27.321185020348096 
C 	 -59.50034452663643 	 44.89956573882947 	 -27.548915669586034 
H 	 -55.04476302790001 	 43.93492841983877 	 -19.955914730688182 
C 	 -59.315472176064375 	 44.3309896646304 	 -26.243516698006474 
C 	 -58.97932901128344 	 43.094633288639784 	 -23.71344750306672 
C 	 -60.54185994436353 	 44.382408752615575 	 -28.450694694433835 
C 	 -60.19405124498636 	 43.27572687758686 	 -25.81021699514378 
C 	 -59.96395472919617 	 42.5742663510994 	 -24.56052334623877 
H 	 -58.71836244997922 	 46.34289917527987 	 -28.926956161652004 
N 	 -60.67018410919504 	 44.76573388953595 	 -29.600096729373234 
C 	 -61.25900241352867 	 42.87525742476806 	 -26.664312413494024 
N 	 -61.255292103764496 	 43.32018506419206 	 -27.946680702709 
H 	 -58.833510139841046 	 42.779580051813575 	 -22.695620660563446 
C 	 60.50176266380078 	 42.680615200856025 	 -28.480275431025966 
N 	 60.59271267968986 	 42.117397326559086 	 -26.282605286541127 
C 	 60.10616907180314 	 42.51657582885262 	 -29.76904389899146 
C 	 59.85654504518437 	 42.016923454346 	 -27.4038518169839 
H 	 -60.62649627262801 	 41.80652830382837 	 -24.230210290208355 
C 	 58.77981796953017 	 41.17961186692009 	 -27.62553070490911 
C 	 59.059657690449654 	 41.66262600033755 	 -29.931112356094346 
N 	 59.614618613305 	 42.18988489453108 	 -32.80464938486332 
H 	 60.55924009991421 	 43.00333797095499 	 -30.643933626411595 
C 	 58.48782502299358 	 40.98477074459944 	 -28.90465819541297 
C 	 58.68784046914801 	 41.467703960089516 	 -32.472368257263184 
N 	 58.44230692396772 	 41.17202210435258 	 -31.15300302423088 
C 	 57.470895999638124 	 40.3346371632542 	 -30.654814752983707 
N 	 57.47317873333935 	 40.1918905820937 	 -29.29591242014947 
C 	 57.88983596983997 	 40.648389425477646 	 -33.47091251009145 
H 	 58.26913128334997 	 40.530820900316435 	 -26.882396216809372 
C 	 58.18273772487636 	 40.76919929096454 	 -34.847369188412806 
C 	 56.7206708775551 	 39.53629750892716 	 -31.647874297322048 
C 	 56.94084182160496 	 39.71633365314176 	 -32.995105152895746 
H 	 58.82174865183907 	 41.4143024255708 	 -35.26060684494092 
C 	 57.52824391520086 	 39.90199803833766 	 -35.712513866554076 
C 	 55.62423117525527 	 38.76612741409425 	 -31.188672811363404 
C 	 56.29436679677286 	 38.7949999843227 	 -33.93595948308514 
C 	 56.6111340232353 	 38.89495293132662 	 -35.27030006105231 
C 	 54.960989520249676 	 37.94196429199673 	 -32.11834345793733 
C 	 55.356163940044006 	 37.91311955720986 	 -33.438658994938606 
H 	 55.37988204670942 	 38.694343888604564 	 -30.14278477661773 
H 	 57.74179355847407 	 39.946237798185145 	 -36.779397399482534 
C 	 56.04234000716269 	 37.90904794527375 	 -36.24718439806951 
N 	 56.305216150873086 	 37.95694338544213 	 -37.44640609393788 
C 	 54.85631450158224 	 36.93029357218131 	 -34.3213151700881 
N 	 55.24916736554195 	 36.97883524688239 	 -35.67602843006414 
H 	 54.06382067229898 	 37.35860013684994 	 -31.830698974511325 
N 	 54.02109571268994 	 35.89390179233856 	 -33.96655424837861 
C 	 54.704408290981576 	 35.7645506055994 	 -36.141852235216525 
C 	 53.99665842577766 	 35.195938307941155 	 -35.14787705806382 
C 	 55.122600120751976 	 35.05071710422882 	 -37.24697492837402 
C 	 53.55016657943818 	 33.88781546646845 	 -35.25319719370387 
H 	 55.69913590438337 	 35.43358991669268 	 -38.02853750974017 
C 	 54.639981880887255 	 33.771791835924546 	 -37.38248880296314 
C 	 53.89578006360673 	 33.16529729350861 	 -36.34252181862279 
H 	 53.06083212524572 	 33.411888496023515 	 -34.438735653219645 
H 	 54.925885413594834 	 33.28997080562463 	 -38.298390363598934 
H 	 53.690274772474154 	 32.137771847549104 	 -36.483510449583804 
C 	 -56.96084441680615 	 5.628377118638082 	 -4.496933416784294 
C 	 -56.14465298867332 	 4.564039107471165 	 -4.057144454746603 
C 	 -57.13169096266469 	 6.793457314097602 	 -3.7876791871840294 
C 	 -56.581775043492726 	 6.798937882241781 	 -2.5098078479251917 
C 	 -55.81011462372428 	 5.732818220426999 	 -2.0506761301382834 
C 	 -55.546049841620615 	 4.625936984258863 	 -2.791202015820977 
N 	 -56.51609522316002 	 7.820028221017485 	 -1.5485019855383473 
N 	 -55.270947229457235 	 5.992932798668329 	 -0.8569772529293297 
C 	 -55.63820852251964 	 7.243075598094288 	 -0.6146243811551497 
C 	 -55.24100182194317 	 8.060982164363207 	 0.510090467772122 
C 	 -57.16655778205007 	 8.979978141515561 	 -1.3886875627908206 
N 	 -57.90716883754001 	 9.537427953314776 	 -2.198438633348851 
C 	 -56.83100330227634 	 9.739630300427105 	 -0.10340449771756621 
C 	 -55.889367575267954 	 9.272205901578383 	 0.8221184440914422 
C 	 -55.53029991984419 	 10.006236127466842 	 2.0088862777046255 
C 	 -57.475386216864266 	 10.893867248607359 	 0.1995642071233791 
C 	 -57.28780073956617 	 11.554493166221903 	 1.4057483529875765 
C 	 -56.266100353104655 	 11.144482527374503 	 2.311986149296428 
C 	 -54.20940529863796 	 7.64873316322344 	 1.3540417289962015 
C 	 -53.8139837257082 	 8.432041905012051 	 2.45012554917505 
C 	 -54.34853464628224 	 9.674472736048827 	 2.73912132985016 
C 	 -55.84818256403312 	 11.992885460213548 	 3.471450107741712 
C 	 -53.957612938110756 	 10.486227408628572 	 3.8286326199003615 
N 	 -54.706303384458124 	 11.645975550515411 	 4.1456749559228365 
N 	 -56.549627872272424 	 12.944087730979366 	 3.7671680930516063 
N 	 -52.69572004615425 	 10.434949711075719 	 4.418039349120922 
H 	 -57.816617809726885 	 7.527059479630563 	 -4.144966258758093 
H 	 -54.90180871075029 	 3.8862441118008753 	 -2.36717271105772 
H 	 -58.253570234980124 	 11.254841645458617 	 -0.4733040847997315 
H 	 -57.91329970781606 	 12.461138657485506 	 1.5923109745331092 
H 	 -53.70641933675595 	 6.667816947648432 	 1.1515655954242658 
H 	 -52.98042067605451 	 8.030302969124085 	 3.0352482997971686 
C 	 -53.838929600999315 	 12.289202192408698 	 5.125520314955347 
C 	 -52.69878955811157 	 11.488069042479632 	 5.201860985647216 
C 	 -54.00944500906584 	 13.42630302851834 	 5.896884398447152 
C 	 -52.88565220818226 	 13.847618115442852 	 6.574249710317956 
C 	 -51.72749771606309 	 13.123226492808127 	 6.51464704259569 
C 	 -51.623756683673676 	 11.887348597904444 	 5.9086270819399225 
N 	 -52.60174591809299 	 14.947700797518158 	 7.377283076179353 
N 	 -50.688406336089095 	 13.652377185429897 	 7.16161175936127 
C 	 -51.280754872848654 	 14.815700667101726 	 7.628838808630218 
C 	 -50.679775928207796 	 15.750816768308825 	 8.500158748181443 
C 	 -53.348583931485244 	 15.97153032366539 	 7.833714124776474 
N 	 -54.528928735016606 	 15.935652190534695 	 7.61824209192177 
C 	 -52.743414999797714 	 16.941090423088472 	 8.776741018372563 
C 	 -51.40320771990546 	 16.791952820003154 	 9.08497360796615 
C 	 -50.813924761087144 	 17.61809884982827 	 10.056070269683715 
C 	 -53.506206367687064 	 17.877215575355887 	 9.320893033906174 
C 	 -52.95241167618775 	 18.839379345830718 	 10.158160430992421 
C 	 -51.63189512760011 	 18.635839727543726 	 10.650062403961742 
C 	 -49.369965285801435 	 15.478502758936552 	 9.019404443575175 
C 	 -48.734783047392845 	 16.340851890591733 	 9.932516336554785 
C 	 -49.43789976720239 	 17.417295691236692 	 10.436843678052762 
C 	 -50.933605505701806 	 19.68356750546076 	 11.458721129388346 
C 	 -48.982213988090045 	 18.161175721131258 	 11.600912379552966 
N 	 -49.704348549050245 	 19.30810595196904 	 11.942427227777394 
N 	 -51.435712905854125 	 20.62661792472169 	 12.05737059732071 
N 	 -48.210940687148394 	 17.62352890627728 	 12.466093489206338 
H 	 -54.779357584297145 	 14.159952026889068 	 5.73459778252783 
H 	 -50.76593884023378 	 11.328920364580823 	 5.8469141873889505 
H 	 -54.58072352671709 	 17.851670917906542 	 9.062049686282531 
H 	 -53.512701926560595 	 19.717637750868562 	 10.487647628039491 
H 	 -48.87265068949163 	 14.585327819221975 	 8.697680044152277 
H 	 -47.6685970743337 	 16.237046639185937 	 10.247425414816696 
C 	 -58.736582173369236 	 -0.35439915267767097 	 -14.678579401536371 
C 	 -58.9766902936006 	 0.7492848474049043 	 -13.916042117461336 
C 	 -58.266012251636326 	 -1.5338380701488297 	 -14.08455365109082 
C 	 -58.61170929978597 	 0.7321964359150647 	 -12.57756865592538 
C 	 -57.72815871551073 	 -1.4769511586227226 	 -12.825804946388223 
C 	 -57.92559404845783 	 -0.3248919504176552 	 -12.101201918309698 
C 	 -59.09076196192268 	 2.877514319497169 	 -11.49787375504362 
N 	 -59.95854624670439 	 3.2875976578260837 	 -12.264135455950791 
C 	 -59.32424407427342 	 4.890126833432749 	 -10.155020333636106 
C 	 -58.809684910159504 	 3.6072512366382203 	 -10.233697740357728 
C 	 -57.770789214192945 	 1.080720244885795 	 -10.582837419664592 
N 	 -58.430638052283065 	 1.6918355021269367 	 -11.60272557464838 
C 	 -59.00687857435805 	 5.658710588477822 	 -9.026086736482513 
C 	 -57.97527845583699 	 3.160195427822528 	 -9.26754294862997 
C 	 -57.38844969564438 	 1.8922625437252554 	 -9.410749242727903 
N 	 -57.30911388597569 	 -0.1752706130900858 	 -10.90701818373646 
C 	 -58.24902747491517 	 5.090471343738858 	 -7.982974709851693 
C 	 -57.77970979788457 	 3.8159566024709055 	 -8.057806676617142 
C 	 -56.64337177547213 	 1.2565546846260773 	 -8.417731513725558 
C 	 -57.98315477072153 	 5.95413774424752 	 -6.807285541289144 
C 	 -56.91622563251961 	 3.2788230973525447 	 -7.110595296744111 
H 	 -59.484138915298914 	 1.6081112575469676 	 -14.236555473337214 
C 	 -56.402680566227744 	 1.9192839548002931 	 -7.236475974750915 
C 	 -56.64754004840962 	 4.022298915592209 	 -5.979588198623766 
N 	 -58.35487598646572 	 7.104515236915522 	 -6.623038551883683 
N 	 -57.3021909589935 	 5.2605031278215675 	 -5.8472493929339935 
H 	 -57.221077421414165 	 -2.304628021431276 	 -12.425406857964918 
H 	 -59.89263048479838 	 5.357698725325017 	 -10.987258351551302 
N 	 -55.88872763959869 	 3.607554170096118 	 -4.966722666367571 
H 	 -59.39803124235238 	 6.737974822653915 	 -8.885127609494154 
H 	 -56.180902460630584 	 0.28579574169603406 	 -8.622311065389939 
H 	 -55.749877143216416 	 1.4603131538180623 	 -6.461363890714896 
H 	 -49.383450488619275 	 19.90975698581086 	 12.654668244135355 
H 	 -47.963341334865845 	 16.66361426741721 	 12.239241433138243 
N 	 -59.55476501629852 	 1.373112920698587 	 -16.97124290286162 
C 	 -59.349133455966054 	 0.15334101929836397 	 -17.09766548272502 
N 	 -59.002503524560936 	 -0.6357826130367564 	 -16.003213752085692 
C 	 -59.65123567208029 	 0.15517985001915607 	 -19.529622306083283 
C 	 -59.319472666340694 	 -0.5887303187317511 	 -18.410777326791223 
H 	 -59.899897907590514 	 1.1768996900769289 	 -19.433449582960648 
C 	 -58.67508213018621 	 -1.9684458763488792 	 -16.077389273558673 
N 	 -58.15174819749252 	 -2.508783761965104 	 -14.936674250650714 
C 	 -59.49318917903062 	 -0.3672782958814214 	 -20.756220770039665 
C 	 -59.023368650855744 	 -1.977941258200746 	 -18.48407730886742 
C 	 -58.60178427064776 	 -2.609482412728729 	 -17.34837021766756 
H 	 -59.711000836250555 	 0.19058539415377582 	 -21.610694181052896 
C 	 -59.29180490212298 	 -1.7596883678908992 	 -20.919616872214473 
C 	 -59.03369761390947 	 -2.522960016387246 	 -19.778211606649894 
C 	 -58.27552388177514 	 -3.9562505804222834 	 -17.532262223012168 
C 	 -59.13220512219894 	 -2.3354348718066125 	 -22.326219376389595 
N 	 -59.306286952028216 	 -1.6380666665807828 	 -23.30064478613089 
C 	 -58.71032978648645 	 -3.879593012954361 	 -19.92792125690975 
C 	 -58.362145110007624 	 -4.5915466650987575 	 -18.79713510489224 
H 	 -58.05624319460046 	 -4.53714925399132 	 -16.619096897444265 
C 	 -58.777162832466715 	 -4.492324790076692 	 -21.23266107941605 
N 	 -58.85196830302136 	 -3.6824344268347673 	 -22.366323976190422 
C 	 -58.65627243864909 	 -4.58123209685306 	 -23.40282978383868 
C 	 -58.41898001800882 	 -4.321784162907169 	 -24.747796315143702 
N 	 -58.48846846692994 	 -5.772035987806011 	 -21.497693990528223 
H 	 -58.23773287434458 	 -5.672976016233638 	 -18.92323249457843 
C 	 -58.50610104233274 	 -5.801783377756148 	 -22.830283490506382 
H 	 -58.382650438538604 	 -3.289551242049376 	 -25.071612126398826 
N 	 -58.09998137247971 	 -3.439521905987698 	 -27.582381915920887 
C 	 -58.163598013907894 	 -5.440134054024972 	 -25.495540046927434 
C 	 -57.60210415926409 	 -4.522983387180539 	 -27.748320433052637 
C 	 -58.26797758603416 	 -6.923967706571819 	 -23.622203569623377 
C 	 -58.00153976823653 	 -6.708884735124071 	 -24.991028423734203 
N 	 -57.8056845124196 	 -5.541553444497517 	 -26.844497971082777 
C 	 -56.55260672746063 	 -4.098453106266647 	 -30.01918287429931 
C 	 -56.88221440402249 	 -4.944053281464687 	 -29.00235412739636 
H 	 -56.90475265899077 	 -3.091265544063447 	 -30.026513624144293 
C 	 -57.308354049714545 	 -6.817339846065344 	 -26.911759087739426 
C 	 -55.80314430623487 	 -4.431564305177857 	 -31.128594186581104 
N 	 -57.49463599938417 	 -7.610044331045942 	 -25.816148533360785 
C 	 -56.49588219388083 	 -6.287319082029274 	 -29.156226226744945 
H 	 -57.99497224509231 	 -7.884488425421432 	 -23.16374989405601 
C 	 -56.68814366315206 	 -7.20482824109797 	 -28.12544972938321 
C 	 -55.23821032936432 	 -5.662189723674438 	 -31.20669639952023 
H 	 -55.71153107374115 	 -3.7101825942678213 	 -31.97724155719652 
C 	 -55.60627173817539 	 -6.615317905431332 	 -30.211379294357393 
C 	 -56.21706344320194 	 -8.526196409248342 	 -28.276335661991126 
C 	 -54.40376436278819 	 -6.027448306433211 	 -32.355447722018134 
N 	 -54.05028734963293 	 -5.248850759391942 	 -33.25521947352684 
C 	 -55.040626611546465 	 -7.947002334482338 	 -30.242055684785946 
C 	 -55.42462081478655 	 -8.9237558555127 	 -29.34104383229063 
C 	 -54.11478669358713 	 -8.221085443460954 	 -31.289814354305022 
N 	 -53.999919079651775 	 -7.337107595187898 	 -32.37181174524546 
H 	 -56.42116284186354 	 -9.350458172686128 	 -27.636466569003115 
C 	 -52.93458589454886 	 -7.956394051522763 	 -33.14846897075282 
C 	 -52.178199525804466 	 -7.456800220027124 	 -34.20480468364773 
N 	 -53.181314181020284 	 -9.21403568252163 	 -31.230840447115256 
C 	 -52.51030954455433 	 -8.992213520871742 	 -32.319010664626425 
H 	 -55.07145874128257 	 -9.984215105502876 	 -29.42193899790408 
N 	 -50.49448605601293 	 -6.2967176638504325 	 -36.72694939559601 
H 	 -52.452952160816466 	 -6.5143446931922515 	 -34.76985336924594 
C 	 -50.94108679873556 	 -8.158242875121498 	 -34.363309443126134 
C 	 -49.604053091256645 	 -6.872975368161573 	 -36.145734536467685 
C 	 -51.345423145915774 	 -9.708746825272781 	 -32.537756267404106 
C 	 -50.562551617294105 	 -9.319293817603475 	 -33.612972689452455 
N 	 -49.79020546296769 	 -7.8086044585249565 	 -35.16763241653592 
C 	 -47.865045094692455 	 -5.548671073758211 	 -37.24565858962822 
C 	 -48.192585824379776 	 -6.71276956122981 	 -36.52083746172347 
C 	 -48.86592666488587 	 -8.739461357142172 	 -34.72664389748716 
H 	 -48.687829334433616 	 -4.854883919472449 	 -37.60912428855244 
N 	 -49.27875018004107 	 -9.687717506569072 	 -33.82064253438464 
C 	 -46.52628441438569 	 -5.367531043783463 	 -37.575675414803854 
C 	 -47.16275687816051 	 -7.5665113744390196 	 -36.034502802546555 
H 	 -50.938725915704055 	 -10.439962663453747 	 -31.897854472103116 
C 	 -47.49356951486475 	 -8.589407688728251 	 -35.15297629021411 
C 	 -45.551303232016004 	 -6.224847375019773 	 -37.15273586037059 
C 	 -45.85151659741988 	 -7.301552331635366 	 -36.31779671738741 
C 	 -46.45122257672314 	 -9.279122854498047 	 -34.60108298648759 
H 	 -46.30838311849318 	 -4.433308336277774 	 -38.155705112409144 
C 	 -44.09761227908081 	 -5.878083889939797 	 -37.536327938854356 
C 	 -44.754362539186296 	 -7.986826500659891 	 -35.74664451055756 
N 	 -43.75445635216287 	 -4.887528829746211 	 -38.160590077468036 
C 	 -45.07504515741806 	 -8.958740192185948 	 -34.82374473068527 
H 	 -46.68143380296709 	 -9.981829510901889 	 -33.83636616616259 
C 	 -43.371593032681744 	 -7.599289842582696 	 -36.014779206495106 
N 	 -43.166346780132294 	 -6.650944556678524 	 -36.96169686310442 
C 	 -41.75068473334777 	 -6.502255219986479 	 -36.85081175484599 
N 	 -42.33821165278773 	 -7.931701668646959 	 -35.20058819072679 
C 	 -40.82797373278232 	 -5.692255265123623 	 -37.48909555318488 
H 	 -44.26920259427338 	 -9.469353837775676 	 -34.390374650075785 
C 	 -41.33717878448942 	 -7.329341371911874 	 -35.79051716640218 
H 	 -41.16468598441987 	 -5.036772133209164 	 -38.40059885712491 
C 	 -39.53076312576005 	 -5.759553675183872 	 -37.00066430132059 
C 	 -40.029133318809514 	 -7.34972804269821 	 -35.35701152008252 
C 	 -39.122753488663136 	 -6.626997268639766 	 -36.07604677558106 
H 	 -39.803366626564205 	 -7.985286639196472 	 -34.573011188031856 
N 	 -38.91697529508629 	 -3.8278837495193465 	 -39.13702319412015 
C 	 -38.01423141352929 	 -4.387077343277336 	 -38.58290367485669 
N 	 -38.315633282152916 	 -5.204402273804062 	 -37.56229263829914 
C 	 -37.383748054051594 	 -5.718652577601183 	 -36.663529380693966 
N 	 -37.85481745959372 	 -6.553028816700729 	 -35.6774763401948 
C 	 -36.573214540263855 	 -4.071783205376335 	 -38.7694759585075 
C 	 -36.06089406764451 	 -3.3480638309321225 	 -39.89435953198905 
C 	 -36.0279538447461 	 -5.238687548763046 	 -36.66656842036763 
C 	 -35.65052837734775 	 -4.383604446436706 	 -37.715812322747354 
C 	 -34.749833127412884 	 -2.959537344888124 	 -39.96386396057163 
C 	 -35.09378578879556 	 -5.715455757625903 	 -35.764967320627726 
H 	 -36.76314993303414 	 -3.1380798440989435 	 -40.69651137883261 
C 	 -34.34341910257748 	 -3.992561671277739 	 -37.77926762294159 
C 	 -33.89339261409173 	 -3.212745464950818 	 -38.85667357852363 
C 	 -33.79025722871996 	 -5.175268136091201 	 -35.696357922739935 
C 	 -33.43002173131288 	 -4.363865145930884 	 -36.772652084908486 
C 	 -32.51985713386317 	 -2.697287201277182 	 -38.95286955133682 
H 	 -34.36871503281068 	 -2.3451534020562432 	 -40.788702423233566 
N 	 -32.19656484614738 	 -1.8685036975073033 	 -39.79300536937706 
H 	 -35.376183358515114 	 -6.467628134112653 	 -35.05402633843615 
C 	 -32.04233746970843 	 -4.021598274046935 	 -37.00306782454393 
N 	 -31.74568921106499 	 -3.1133190446704395 	 -38.0103727016343 
C 	 -30.37174226384065 	 -2.7962191593480448 	 -37.65486934113897 
N 	 -31.075415699799965 	 -4.298442572246744 	 -36.09962245434509 
C 	 -29.488371833400613 	 -1.960297303094464 	 -38.27184040137615 
C 	 -30.07713244742875 	 -3.5389494901278225 	 -36.58539329050926 
H 	 -33.186805149028 	 -5.362370977359894 	 -34.84293889206883 
C 	 -28.260122230260208 	 -1.8686583220462605 	 -37.6376302893272 
N 	 -27.57249463992874 	 0.04979810601554676 	 -39.772940523320585 
C 	 -28.863982631916606 	 -3.4477771635822663 	 -35.9617664814894 
C 	 -26.782350529876027 	 -0.1366939375632808 	 -38.88606233951174 
C 	 -27.93032738102419 	 -2.589874966694819 	 -36.52230541446423 
H 	 -29.839642170882605 	 -1.2730202695869322 	 -39.03843635904076 
N 	 -27.159135096981984 	 -1.0075996935560283 	 -37.86604874141057 
C 	 -25.214813109112313 	 1.6051297608158965 	 -39.532045719152165 
C 	 -25.539633781238937 	 0.5930802367734201 	 -38.68456921948762 
C 	 -26.288695376043805 	 -1.352208559725444 	 -36.82829186820868 
N 	 -26.734019364528727 	 -2.287972949298258 	 -35.96024213162208 
C 	 -24.00329219819334 	 2.2483245748589042 	 -39.463272999020816 
C 	 -24.60928025941924 	 0.29686885861270856 	 -37.626331619238336 
C 	 -24.984570602198907 	 -0.6924134970166805 	 -36.711871666729444 
H 	 -25.878369599363484 	 1.9574510152167415 	 -40.298291831073435 
H 	 -28.75428601466155 	 -4.024726615017383 	 -35.04710320982012 
C 	 -23.090045913816564 	 1.9602404085342373 	 -38.41440864047744 
C 	 -23.44194678740537 	 1.007831493308763 	 -37.46457836275519 
C 	 -24.153287381368582 	 -0.9371492945927756 	 -35.58171792317492 
C 	 -21.839750279509055 	 2.728522952366077 	 -38.20314728461029 
C 	 -22.59687002763065 	 0.6934508783994893 	 -36.34869358266745 
N 	 -21.39643918085509 	 3.4984493247406263 	 -39.058050457442114 
C 	 -22.939378013668517 	 -0.2672858166406632 	 -35.414753680525635 
H 	 -23.83257783801505 	 3.044364246035536 	 -40.09471490965183 
C 	 -21.406578402561493 	 1.4819702642040977 	 -36.12639186710768 
N 	 -21.137796555948245 	 2.4745361468254097 	 -37.01747458391184 
C 	 -19.91596009828165 	 3.024766168894634 	 -36.446513535293946 
C 	 -18.987137562611228 	 3.9136112645793775 	 -36.91315955519435 
H 	 -24.437317211967745 	 -1.6617810521499794 	 -34.8221966884391 
N 	 -20.587710215744604 	 1.3368360502083945 	 -35.03178667806573 
C 	 -19.68861699082889 	 2.3188792391233695 	 -35.24704266739401 
C 	 -17.9262591746529 	 4.229202274703064 	 -36.08158159998203 
N 	 -17.10120096618556 	 5.7906804399011556 	 -38.30367245109755 
C 	 -18.626987206722564 	 2.6421194173832183 	 -34.428026411506025 
C 	 -16.477054017838594 	 5.810513098536922 	 -37.25057452785874 
H 	 -22.371830662177516 	 -0.571856608824772 	 -34.54503388990931 
C 	 -17.770333291099952 	 3.6321843155311213 	 -34.85801792675559 
H 	 -18.98634314664611 	 4.265207139348913 	 -37.91845516714567 
N 	 -16.89980832737554 	 5.114813272312459 	 -36.18168345257137 
C 	 -14.604151434006425 	 7.2454881319621585 	 -38.17160734140557 
C 	 -15.155649128467154 	 6.5197314855044235 	 -37.13410888357404 
C 	 -16.21526504559127 	 4.873401135113301 	 -35.100074159121355 
N 	 -16.715578584089073 	 4.057806261836397 	 -34.1836683393619 
C 	 -13.44227237372734 	 7.915493701570669 	 -37.960007492103905 
C 	 -14.44315319341762 	 6.334146711304038 	 -35.94862694434176 
C 	 -14.943779493387506 	 5.474524809884162 	 -34.95633717479678 
H 	 -15.135487976545646 	 7.2297472144413275 	 -39.13892801433992 
C 	 -12.693088763624406 	 7.8247105827998436 	 -36.790224773060686 
H 	 -18.310434394579975 	 2.136662415838726 	 -33.536943598117865 
C 	 -13.236521475480975 	 7.039255553713505 	 -35.75276225934206 
C 	 -14.262351957752893 	 5.463385573647504 	 -33.75432194113567 
C 	 -11.398838419901113 	 8.51958173568473 	 -36.625208628132725 
C 	 -12.561649395306397 	 7.003195856957267 	 -34.51840681670349 
C 	 -13.0834234027167 	 6.103388609966637 	 -33.54213581079143 
H 	 -13.19076703803555 	 8.491082083904658 	 -38.835854323651354 
N 	 -10.924898701908276 	 9.325991488274402 	 -37.41822509586374 
C 	 -11.330564252566235 	 7.668884861457577 	 -34.34209592782131 
N 	 -10.732007691001323 	 8.262015071052394 	 -35.481634028605946 
H 	 -14.686846448587897 	 4.908802022070613 	 -32.85610741544232 
C 	 -9.55207599536321 	 8.889773530079085 	 -34.93225707758065 
N 	 -10.592825034137846 	 7.699106799528834 	 -33.22099698661583 
C 	 -8.554211837825818 	 9.705351812131143 	 -35.44431399571602 
C 	 -9.548479455139935 	 8.444855933476067 	 -33.64140291747384 
H 	 -12.562238175528028 	 5.909818536115873 	 -32.59248699156009 
C 	 -8.519390552999626 	 8.745394415532141 	 -32.76366842065762 
C 	 -7.51840628058466 	 10.003002442485037 	 -34.564404299316095 
N 	 -6.087434552031567 	 10.795427000010761 	 -37.035871639993715 
H 	 -8.466962492538972 	 10.086021698213408 	 -36.48081582206394 
C 	 -7.548759063946219 	 9.546033162903097 	 -33.21270287824082 
C 	 -5.633714899657249 	 11.024708709148612 	 -35.9056762170195 
N 	 -6.270029612704189 	 10.660413797842615 	 -34.79269854291545 
C 	 -5.859003763399812 	 10.756555779625431 	 -33.46778307000108 
N 	 -6.614074456876409 	 10.14709299305983 	 -32.52468300659036 
C 	 -4.357656034332259 	 11.727227862416505 	 -35.63947290271034 
H 	 -8.484613920497402 	 8.378847315119616 	 -31.814729428956525 
C 	 -3.6536770375718968 	 12.274802143149369 	 -36.680149469461725 
C 	 -4.597990427076033 	 11.442633464680746 	 -33.23350278434874 
C 	 -3.916950967485039 	 11.878711259480193 	 -34.33100443173943 
H 	 -4.054547223863106 	 12.064538376166283 	 -37.69153975065664 
C 	 -2.4662087675856257 	 12.971671107952055 	 -36.43931761430161 
C 	 -4.0761768681213475 	 11.559896238727456 	 -31.95810087261114 
C 	 -2.7346575199357943 	 12.633782509101033 	 -34.09581390240227 
C 	 -2.0084179686363677 	 13.157115997277284 	 -35.17183105880383 
C 	 -2.883859661411559 	 12.262237515326028 	 -31.791587358677532 
C 	 -2.1986162603538113 	 12.767087737771433 	 -32.85199025559171 
H 	 -4.56858088891004 	 11.186760694583754 	 -31.099275575858023 
H 	 -1.922508735417879 	 13.265751848843996 	 -37.33208517359065 
C 	 -0.560568463079455 	 13.63582610198005 	 -34.936727561955024 
N 	 0.22119494372471757 	 13.871304396158484 	 -35.85887954373833 
C 	 -0.9641769892066737 	 13.511872875909617 	 -32.64619220692074 
N 	 -0.20086935303421685 	 13.830233581175545 	 -33.674129399677646 
H 	 -2.479989640190598 	 12.260579578661691 	 -30.80201974039044 
N 	 -0.48410965263297273 	 13.807445998240846 	 -31.43444614670481 
C 	 0.906845006317258 	 14.552315466926265 	 -33.049140680154174 
C 	 0.6318955808025409 	 14.497165849600636 	 -31.71507562040211 
C 	 1.9772068243908858 	 15.293126246175218 	 -33.47479879581901 
C 	 1.4357563539200928 	 15.104841709598178 	 -30.770745348362727 
H 	 2.325807151485484 	 15.295925913083238 	 -34.49994183240137 
C 	 2.799267213657961 	 15.971174025497236 	 -32.55106916782324 
C 	 2.5334193584245064 	 15.899602367520648 	 -31.20626352292089 
H 	 1.3164381971741437 	 14.918556770500096 	 -29.711104937676602 
H 	 3.599388487403541 	 16.61333217657329 	 -32.88182888590011 
H 	 3.0545804376986294 	 16.547835243954236 	 -30.52191039955585 
