C 	 41.83306842226775 	 -0.7802185112117863 	 38.112704406088454 
C 	 42.903317459931955 	 -0.19649592959259352 	 37.46459581554702 
C 	 41.406924344397716 	 -2.115173494329879 	 37.95603688574399 
C 	 42.203015175245454 	 -2.8529925296337395 	 37.07254091608908 
C 	 43.23142792353458 	 -2.2750435548127124 	 36.399112146131934 
C 	 43.5471226479206 	 -0.9508782249768977 	 36.47435861113369 
N 	 42.08959113237933 	 -4.1824474962296865 	 36.439439457891005 
N 	 43.76671498130101 	 -2.9950107646882045 	 35.38921474758194 
C 	 43.04768717343521 	 -4.158615786140882 	 35.4302864272797 
C 	 43.047635916613565 	 -5.156717344260772 	 34.40939841365087 
C 	 41.17778512207148 	 -5.190708228960516 	 36.538871460118806 
N 	 40.25734101029177 	 -5.1031940202348975 	 37.36829434134225 
C 	 41.37418103651572 	 -6.337274636602028 	 35.61700337817465 
C 	 42.26899276329131 	 -6.273577562990579 	 34.58059627368911 
C 	 42.3417664089612 	 -7.287360190111477 	 33.65078634399541 
C 	 40.659368550609784 	 -7.518244274048019 	 35.84364682112692 
C 	 40.83904853768821 	 -8.623223177787036 	 35.02189987622365 
C 	 41.63928011396122 	 -8.482454116662591 	 33.896319986342746 
C 	 43.93299080797882 	 -5.006749696151442 	 33.30550808172196 
C 	 43.8713096882044 	 -5.9706810228238965 	 32.26151062412941 
C 	 43.13651928110056 	 -7.133245374195437 	 32.49371431540791 
C 	 41.72910631735412 	 -9.631304006231286 	 32.89846239068345 
C 	 43.07489696205031 	 -8.161658830698677 	 31.524513464271354 
N 	 42.3118812513816 	 -9.257432214133196 	 31.781330859189172 
N 	 41.22425998751662 	 -10.713442202016678 	 33.11586936699593 
N 	 43.784290112160484 	 -8.15427801419833 	 30.343360972414473 
H 	 40.49053208388772 	 -2.542147948291826 	 38.36285288109433 
H 	 44.29228471176926 	 -0.614439066330334 	 35.84800158015748 
H 	 39.95704619097284 	 -7.542318528636168 	 36.66761739305373 
H 	 40.197170547405136 	 -9.49888563758847 	 35.072893098129356 
H 	 44.50087704455091 	 -4.113298441158296 	 33.12438468499096 
H 	 44.37094176043467 	 -5.851291513573714 	 31.27919186728103 
C 	 42.45988990750602 	 -9.961924406249913 	 30.598417742538977 
C 	 43.34592455272556 	 -9.245457295955447 	 29.748919431198907 
C 	 41.76134102240301 	 -11.126046664170694 	 30.131279840255534 
C 	 42.03237618084809 	 -11.44866810150755 	 28.795367100958945 
C 	 42.92023757606703 	 -10.775490323823583 	 27.984154509753736 
C 	 43.54275293496812 	 -9.66261269111999 	 28.459890990452514 
N 	 41.46369899213494 	 -12.468515831856015 	 28.008064740893357 
N 	 43.00142256739401 	 -11.30265554009362 	 26.674951662017804 
C 	 42.10610876477805 	 -12.381102974789133 	 26.800708625854423 
C 	 41.59152430211893 	 -13.157597476855027 	 25.7019160017842 
C 	 40.448624369291444 	 -13.283166510872636 	 28.25130076305159 
N 	 39.97204123276526 	 -13.440556977434344 	 29.355012179198617 
C 	 39.81144496936253 	 -13.983414752429413 	 27.090058073386192 
C 	 40.39299508047398 	 -13.81237187789824 	 25.876773685460876 
C 	 39.78527137177727 	 -14.446715834770046 	 24.774661015809787 
C 	 38.50479922384007 	 -14.470778957312517 	 27.25117481338356 
C 	 37.95279493501829 	 -15.09220799898424 	 26.131798924417847 
C 	 38.574977776923205 	 -15.110594705707786 	 24.910705010215878 
C 	 42.248901339965236 	 -13.088785717898794 	 24.560729844860507 
C 	 41.62389586155253 	 -13.69176288595792 	 23.422796313799015 
C 	 40.33862409758561 	 -14.233691313863483 	 23.543553923169867 
C 	 38.03836511637374 	 -15.848981673116434 	 23.781249512968934 
C 	 39.65667924036571 	 -14.849030839606048 	 22.371097751076807 
N 	 38.61121515985345 	 -15.726090424318004 	 22.55049149581107 
N 	 37.06206446283908 	 -16.547775857002204 	 24.002032759794368 
N 	 39.67592114641205 	 -14.346713400356895 	 21.207021466357524 
H 	 40.96343111390894 	 -11.653039341566533 	 30.71716121417521 
H 	 44.22070301044189 	 -9.02652773657985 	 27.843475441183443 
H 	 37.93140312939358 	 -14.494617823861912 	 28.201175203335204 
H 	 36.957706563978675 	 -15.489933852170061 	 26.28582624100938 
H 	 43.26550594590163 	 -12.507553087694058 	 24.45042989139495 
H 	 42.15356289024487 	 -13.634784314003088 	 22.504225772685817 
C 	 38.55610090258513 	 10.08173575883978 	 42.07186697397886 
C 	 38.22952304246388 	 8.747128702409622 	 41.77455134708238 
C 	 39.80168867158066 	 10.55873320494527 	 41.87463540638391 
C 	 39.33837083307976 	 8.006604731246794 	 41.385208648223816 
C 	 40.84434646814038 	 9.811682747562052 	 41.39443797025922 
C 	 40.60111680334357 	 8.441522899397068 	 41.30285797303843 
C 	 38.50088765616292 	 5.610301139171509 	 41.21690449318167 
N 	 37.39611453721272 	 5.816158500812021 	 41.61464606573781 
C 	 38.05561411187904 	 3.179323550063199 	 41.02956465378257 
C 	 38.95446825517452 	 4.243097110711867 	 40.89483899618307 
C 	 40.68725879374353 	 6.486012449047037 	 40.71046631690718 
N 	 39.399232615827614 	 6.600630351737151 	 41.0668368080866 
C 	 38.39792930444614 	 1.8988385631757942 	 40.638476958315145 
C 	 40.17860290980749 	 4.043794473806775 	 40.31745621371662 
C 	 41.06046264783735 	 5.152691013420827 	 40.21579550162102 
N 	 41.4778030093956 	 7.538030333383756 	 40.82227194714568 
C 	 39.6398039895862 	 1.6570715677744972 	 40.00163257996579 
C 	 40.524067503520094 	 2.7562233349614056 	 39.861265778601435 
C 	 42.3268967451069 	 4.924344519111751 	 39.578799958646115 
C 	 40.04091321619757 	 0.2883736186092534 	 39.502249510507326 
C 	 41.73652525109497 	 2.5583788969981045 	 39.18979592819094 
H 	 37.18605625027698 	 8.325502279711884 	 41.924219152340115 
C 	 42.662615687030005 	 3.660716542310509 	 39.129519048172206 
C 	 42.026364123389584 	 1.3056333886077065 	 38.54429959896804 
N 	 39.43838644238772 	 -0.7044809204331546 	 39.872301629511725 
N 	 41.239734049371314 	 0.2235796746179162 	 38.94322965064734 
H 	 41.802407688392805 	 10.193007531332333 	 41.24038444252172 
H 	 37.05786851009277 	 3.315073542512228 	 41.332314721618175 
N 	 43.022777589470486 	 1.1299376299591062 	 37.65033329493142 
H 	 37.67857814899742 	 1.104703584495453 	 40.88341308609847 
H 	 43.01554843210785 	 5.732601909103009 	 39.39976559682666 
H 	 43.57977094801604 	 3.5163966997241745 	 38.53785567943677 
H 	 38.04234183095166 	 -16.11511948535787 	 21.743521362012373 
H 	 39.03916463610277 	 -14.690990071012827 	 20.52696740657335 
N 	 35.747250476230576 	 10.454130806945189 	 42.59417352976145 
C 	 36.55824839298692 	 11.262219695820404 	 42.926681185721364 
N 	 37.8596418288299 	 11.069739410391298 	 42.74715185229305 
C 	 34.868537043327684 	 12.969500744349524 	 43.77619363925334 
C 	 36.16883968186042 	 12.64128538046892 	 43.52131259916333 
H 	 34.085757982982464 	 12.2271654717403 	 43.595720866732044 
C 	 38.865811682137746 	 11.971650043954432 	 42.97295957202499 
N 	 40.05695253698166 	 11.704864613808963 	 42.489803406294875 
C 	 34.5462751079493 	 14.252328389792192 	 44.20098897110392 
C 	 37.18986023982459 	 13.563943516880519 	 43.82816952244067 
C 	 38.518080944876374 	 13.242542975748519 	 43.58280961118364 
H 	 33.5137715170255 	 14.520266594946763 	 44.40440932354396 
C 	 35.533697836255655 	 15.216304376312225 	 44.40597399515606 
C 	 36.91259610951194 	 14.779169868471266 	 44.437085578303346 
C 	 39.52568008654391 	 14.185994049362357 	 43.88858607040427 
C 	 35.26729857518304 	 16.617880631083896 	 44.80061081313683 
N 	 34.183695072249996 	 17.122078655396955 	 44.58222270328244 
C 	 37.90661627724378 	 15.70335257174066 	 44.883382039759034 
C 	 39.24990337322919 	 15.390281926334023 	 44.54275272322979 
H 	 40.553398771676854 	 13.994579167856253 	 43.67948701680546 
C 	 37.550224433298325 	 16.81488625621456 	 45.640504931228435 
N 	 36.23489742820621 	 17.2466214951893 	 45.51713002476497 
C 	 36.19936062006685 	 18.228474888361273 	 46.474748352287094 
C 	 35.210501866765796 	 19.168750041357413 	 46.623972311257766 
N 	 38.348164072490924 	 17.331361931256637 	 46.61608786686916 
H 	 40.06164081343849 	 16.073428129281066 	 44.757679655408175 
C 	 37.45607719875529 	 18.209924864777317 	 47.058225161122444 
H 	 34.346558889984685 	 19.216293375158834 	 45.998611243926895 
N 	 33.35878024893077 	 21.51694097025951 	 46.2728915453056 
C 	 35.58144234443876 	 20.173159277306542 	 47.50220175997547 
C 	 34.11088162630075 	 22.153697382143203 	 47.032518730202426 
C 	 37.65062396438371 	 19.072128901392357 	 48.091017324277345 
C 	 36.72098878313835 	 20.1456531699264 	 48.21454916865528 
N 	 34.99459600699819 	 21.44462193386504 	 47.70267964205141 
C 	 33.310471221573756 	 24.3709503313926 	 46.3696963908055 
C 	 34.11900198861178 	 23.633332443330684 	 47.15657305235687 
H 	 32.58372856118379 	 23.890961174930148 	 45.658731319823495 
C 	 35.837497089421525 	 21.986177025832372 	 48.62972089511438 
C 	 33.223338822795114 	 25.754507910429567 	 46.589800939253706 
N 	 36.85386879026482 	 21.225475858818164 	 48.97067444015632 
C 	 34.861807918024 	 24.15218063023037 	 48.22417762853042 
H 	 38.60821727828169 	 19.07841453838068 	 48.64538836002527 
C 	 35.733601750785894 	 23.373929942407603 	 48.98296893420726 
C 	 34.043973514694194 	 26.39475507054882 	 47.556366004884445 
H 	 32.542041710605766 	 26.215721976389077 	 45.96418334323782 
C 	 34.83479278299703 	 25.57571640898156 	 48.362885295804475 
C 	 36.480662727972586 	 23.983832336389817 	 -48.344135040326314 
C 	 33.96924525900426 	 27.85847228875899 	 47.81836223481826 
N 	 33.33402394671197 	 28.608454993195753 	 47.140798397147925 
C 	 35.669145027108975 	 26.14416653555043 	 -49.03335155418545 
C 	 36.397057020827376 	 25.371409446449157 	 -48.165712584915646 
C 	 35.69348922012869 	 27.612307475688173 	 -48.93080423577269 
N 	 34.78142057950547 	 28.36831648639027 	 48.78186204920199 
H 	 37.091272622417904 	 23.399595531460893 	 -47.62854276857122 
C 	 35.28940745222164 	 29.699455597601563 	 48.87024292240153 
C 	 34.906497134700324 	 30.8732178293128 	 48.26239114406347 
N 	 36.77963430868162 	 28.281637619767768 	 -48.474043825737034 
C 	 36.48049350152114 	 29.57663939518042 	 -48.77812767205447 
H 	 36.998606662195414 	 25.994413281434497 	 -47.42543208942092 
N 	 33.521906310097535 	 33.56693663824915 	 47.26688860094972 
H 	 33.98836997158867 	 30.93617137252247 	 47.683367535652664 
C 	 35.79531766332174 	 31.913848333515077 	 48.454172552915985 
C 	 34.56533922053209 	 34.008129138523415 	 47.67847048075412 
C 	 37.35925580239199 	 30.61809467566999 	 -48.61653169758393 
C 	 36.91350160833625 	 31.859420127310973 	 -49.15379893173697 
N 	 35.63322898420198 	 33.251558211010476 	 48.04815090701196 
C 	 33.505532008820325 	 36.24163680858627 	 47.71057574200813 
C 	 34.64900592326645 	 35.49057653844776 	 47.863884991029764 
C 	 36.81532400439924 	 33.8040942966747 	 48.534733731135915 
H 	 32.46223643454608 	 35.78584289589777 	 47.5439805054445 
N 	 37.617947998289495 	 33.00533236281922 	 -48.99943308256739 
C 	 33.62577145072447 	 37.59700193111494 	 47.67582186223823 
C 	 35.84627550686435 	 36.09882975736624 	 48.1556149513351 
H 	 38.331490155691725 	 30.63057181311553 	 -48.11392422845612 
C 	 36.93648689590676 	 35.25482952009223 	 48.43385446465149 
C 	 34.85609225220497 	 38.18793294860589 	 48.04624488977619 
C 	 35.999840111231535 	 37.47910344946493 	 48.2957447804265 
C 	 38.175332345396754 	 35.778809608864336 	 48.721902109707685 
H 	 32.78015372737065 	 38.23470992913954 	 47.39969944111053 
C 	 34.88562754769243 	 39.653196730430956 	 48.205253450242985 
C 	 37.213077605250795 	 38.051098029002546 	 48.56403809461103 
N 	 33.921426733801766 	 40.344592704458556 	 48.10362446707248 
C 	 38.30467464883859 	 37.18343167513342 	 48.73189460225175 
H 	 39.00769869844017 	 35.10864286629557 	 49.00417596651986 
C 	 37.257638893679065 	 39.51038955289354 	 48.70754984652673 
N 	 36.077173984084666 	 40.18573026523335 	 48.4825919025146 
C 	 36.40615099931636 	 41.377882252122205 	 -49.131118482439724 
N 	 38.34935277336556 	 40.19000015875066 	 49.14651284804787 
C 	 35.59745699800567 	 42.49831085457565 	 -48.72583097853427 
H 	 39.30893709962058 	 37.541896926271356 	 48.85113246518614 
C 	 37.77181653307913 	 41.389837687676085 	 -48.78878781792082 
H 	 34.52304208420595 	 42.49861907474314 	 -48.841992153240255 
C 	 36.269085182501335 	 43.53422466483874 	 -48.09863305223861 
C 	 38.38995801657965 	 42.452734677034876 	 -48.15755932805905 
C 	 37.623693226697455 	 43.60194885163655 	 -47.96972522370239 
H 	 39.46139829359204 	 42.32069771155136 	 -47.88444115341669 
N 	 33.59701845841853 	 44.4657515609586 	 -47.89697523549211 
C 	 34.488186402780684 	 45.18140332645582 	 -47.47136575383678 
N 	 35.75296511702742 	 44.7368771190269 	 -47.532695979752624 
C 	 36.92986931472869 	 45.39001297905769 	 -47.0392991940051 
N 	 38.02018956722419 	 44.69557854106115 	 -47.20469629032597 
C 	 34.30916559207857 	 46.57614334718073 	 -46.93309997457775 
C 	 33.1145642223003 	 47.23586268481939 	 -47.0716120395254 
C 	 36.68264506761745 	 46.68547979343509 	 -46.386320660095535 
C 	 35.35427904313208 	 47.23929198653799 	 -46.360632318658936 
C 	 32.95989286464935 	 48.539059551495974 	 -46.604457657827595 
C 	 37.70107679588263 	 47.250039067790546 	 -45.62622209831236 
H 	 32.19648548809228 	 46.76897623369886 	 -47.495321368927826 
C 	 35.14992877741806 	 48.436013514165765 	 -45.72869759460219 
C 	 34.009885191054465 	 49.183818184445315 	 -45.887684592014814 
C 	 37.44334673653139 	 48.37815947192118 	 -44.84890236203437 
C 	 36.18875552612114 	 48.99830734267501 	 -45.00066454835458 
C 	 33.758638670477424 	 50.46778298047659 	 -45.21911696633508 
H 	 31.94963947635397 	 49.06766759184111 	 -46.68508587047735 
N 	 32.68947244811859 	 51.00867546395767 	 -45.2283900695026 
H 	 38.677680819275224 	 46.82817581807127 	 -45.56161023782775 
C 	 35.94578498419956 	 50.27382112694523 	 -44.347941218623596 
N 	 34.7793292020136 	 50.963640608991014 	 -44.56545079176091 
C 	 34.96881585220698 	 51.99559228393034 	 -43.62901952569232 
N 	 36.77512974027522 	 50.731954007557064 	 -43.37645256522969 
C 	 33.987042243536685 	 52.90952619526303 	 -43.27441184699119 
C 	 36.120405903288066 	 51.80227135027796 	 -42.92252629807388 
H 	 38.31772148041536 	 48.7592183265415 	 -44.16989037263821 
C 	 34.15649315704796 	 53.61484908558412 	 -42.12769403154943 
N 	 31.59415883064183 	 54.49348847472194 	 -42.68114536344004 
C 	 36.31984168894305 	 52.535778943088914 	 -41.756470391206605 
C 	 32.08922718057576 	 54.856782380583404 	 -41.633461040316575 
C 	 35.27276976040004 	 53.386315016090336 	 -41.32897527249559 
H 	 33.07912713623258 	 52.9138646692402 	 -43.812558312139245 
N 	 33.29219866166431 	 54.45799673915721 	 -41.39739598111018 
C 	 30.182496248551136 	 56.307323406691886 	 -40.899847983612204 
C 	 31.48603450434591 	 55.8681758025165 	 -40.63943140726862 
C 	 34.08606670484413 	 54.87286840935716 	 -40.35032631573797 
N 	 35.25672690565889 	 54.14966643696078 	 -40.21030598261149 
C 	 29.52535411089467 	 57.19433565368781 	 -39.969157455364574 
C 	 32.218708832556196 	 56.31957953475621 	 -39.566611374734656 
C 	 33.519676177817935 	 55.81158468322748 	 -39.37707978527762 
H 	 29.598144435783183 	 55.882417792625304 	 -41.706337015267735 
H 	 37.11168247401988 	 52.304848571313364 	 -41.083942814689884 
C 	 30.250090403064426 	 57.59546987059106 	 -38.83475209068772 
C 	 31.645346705422888 	 57.18153908734843 	 -38.667934213138786 
C 	 34.33969573266474 	 56.35746398517089 	 -38.36889641603703 
C 	 29.68192884742264 	 58.54975363178221 	 -37.82634735148482 
C 	 32.40813154708562 	 57.5207715343581 	 -37.522159362838444 
N 	 28.525193298335815 	 58.95164699859622 	 -37.815605210339875 
C 	 33.76753979791424 	 57.202048598963266 	 -37.45268697416859 
H 	 28.516732179028217 	 57.587229289178794 	 -40.19787820298527 
C 	 31.66904394831991 	 58.221304427798245 	 -36.418298620537165 
N 	 30.467248954941656 	 58.80714478386 	 -36.7215337506816 
C 	 30.13059952180365 	 59.126092116025475 	 -35.387072608278174 
C 	 28.959354687542774 	 59.82378419597636 	 -34.93534599554407 
H 	 35.337004431800494 	 56.146050219306176 	 -38.39082583073693 
N 	 32.215222920859254 	 58.2962617601974 	 -35.16072614631774 
C 	 31.177191902078523 	 58.898484392953605 	 -34.556603909463085 
C 	 28.8908249567574 	 60.04364953412491 	 -33.54739425051305 
N 	 26.55013384007191 	 -61.13996266919674 	 -34.37647712624048 
C 	 31.09566659626749 	 59.138436970881884 	 -33.193891037493174 
C 	 26.936941924989537 	 -61.30269649115916 	 -33.24421464560111 
H 	 34.28721462489084 	 57.66207153058914 	 -36.655746161915424 
C 	 29.88088692825597 	 59.60937875930809 	 -32.695433879444145 
H 	 28.150633997712035 	 60.20679464507661 	 -35.595472673102186 
N 	 28.001482542714996 	 60.85003453382045 	 -32.80192871171564 
C 	 25.274479121806216 	 -59.65330016628998 	 -32.464695703222674 
C 	 26.315710019394846 	 -60.49283566739841 	 -32.14068064062347 
C 	 28.478854059416363 	 60.69213388563639 	 -31.52815424571521 
N 	 29.64818599632778 	 59.96238205255302 	 -31.419801954148472 
C 	 24.641654062024895 	 -58.89287695370944 	 -31.447832563828214 
C 	 26.638964685886577 	 -60.70705401061952 	 -30.795763178607686 
C 	 27.724263140572674 	 61.338383211507704 	 -30.51888026705093 
H 	 25.03146906803268 	 -59.47123119488429 	 -33.51781286877263 
C 	 24.87488254216569 	 -59.20016848476791 	 -30.1217597312848 
H 	 31.9223824571222 	 58.870602710563716 	 -32.54803569247601 
C 	 25.874144700264985 	 -60.08744870249154 	 -29.763883075281793 
C 	 28.074193581959673 	 61.20043149472663 	 -29.15203375414382 
C 	 24.3228819635897 	 -58.34100838424387 	 -28.99312396429677 
C 	 26.19197962552634 	 -60.38610968756038 	 -28.435337634939405 
C 	 27.31616235309448 	 -61.1593454056443 	 -28.12561714531142 
H 	 23.832260110130495 	 -58.17018251050026 	 -31.725212601892547 
N 	 23.599389779383092 	 -57.40960695746022 	 -29.237416997204132 
C 	 25.49824724619534 	 -59.642481564463644 	 -27.428908569810314 
N 	 24.554460504757195 	 -58.73281731388346 	 -27.744052884889758 
H 	 28.93166302989914 	 60.630730607947875 	 -28.816427516909748 
C 	 24.193940346729153 	 -58.27525847712909 	 -26.458317251544816 
N 	 25.8380014939325 	 -59.716528253573976 	 -26.11709778060504 
C 	 23.23797152625734 	 -57.29007520655964 	 -26.222389546017098 
C 	 24.960096617680016 	 -58.90980176301963 	 -25.50693329073665 
H 	 27.562668172846237 	 -61.32807344732263 	 -27.045567959068883 
C 	 24.890112262551906 	 -58.45061589428074 	 -24.16098288506212 
C 	 23.14394175763174 	 -56.929721017588925 	 -24.88180046040822 
N 	 21.051214861776522 	 -55.004471646337265 	 -25.875862314973013 
H 	 22.70839513560113 	 -56.825794664858236 	 -27.02347297070386 
C 	 23.94715439512901 	 -57.48225938166817 	 -23.92995053300011 
C 	 21.40963338059517 	 -55.106595770105045 	 -24.709012275795256 
N 	 22.34934086627242 	 -55.963659633530256 	 -24.247467276612582 
C 	 22.7202506407764 	 -56.18334306631682 	 -22.9022666745261 
N 	 23.73463074138432 	 -57.01996680531432 	 -22.681486024603004 
C 	 20.912641168132783 	 -54.18679427344239 	 -23.611538933141965 
H 	 25.42953237050795 	 -58.92441118137903 	 -23.380357130855828 
C 	 20.117122963622833 	 -53.10194544068222 	 -23.96320305375828 
C 	 22.03546648062096 	 -55.425735390885485 	 -21.833897906639688 
C 	 21.263264605085528 	 -54.3321147752645 	 -22.290855364925825 
H 	 19.762095140592635 	 -52.938033378069555 	 -24.991536929264996 
C 	 19.588339676680864 	 -52.306091741500595 	 -23.002379078156597 
C 	 22.351935855898024 	 -55.58367897748022 	 -20.51656258304223 
C 	 20.687876547861762 	 -53.537975638974416 	 -21.234329592613786 
C 	 19.742132310718652 	 -52.54154166816163 	 -21.60810106161144 
C 	 21.80968277740589 	 -54.7411037243702 	 -19.55628293943941 
C 	 21.00278940129066 	 -53.64342423141101 	 -19.95516563180744 
H 	 22.950962475448783 	 -56.438319371095275 	 -20.111656844623585 
H 	 18.91775198391509 	 -51.54832356474686 	 -23.344030951197414 
C 	 18.88174808355612 	 -51.88891787174841 	 -20.62369650615819 
N 	 17.974829576542945 	 -51.1695756261686 	 -21.007666571035905 
C 	 20.310575404147176 	 -52.80731770050155 	 -18.969631504195714 
N 	 19.185389234991856 	 -52.159794649380586 	 -19.39145416771395 
H 	 22.122635720229884 	 -54.906227055134806 	 -18.54429732622692 
N 	 20.556183198412814 	 -52.78575462409542 	 -17.695540890967752 
C 	 18.55147157577844 	 -51.83969873248835 	 -18.20282657508432 
C 	 19.511661246560262 	 -52.12915205789342 	 -17.237232448123716 
C 	 17.303500608656083 	 -51.237091673089694 	 -17.98383355379462 
C 	 19.208038446302478 	 -51.84433484004972 	 -15.90682620660993 
H 	 16.63326883445978 	 -50.88554705836026 	 -18.75151578313371 
C 	 17.089595077097314 	 -50.9240402565052 	 -16.63988620324797 
C 	 17.965614508829233 	 -51.24496171966431 	 -15.603010510825928 
H 	 20.058694258609002 	 -52.020782565293494 	 -15.258839340221861 
H 	 16.122887738672347 	 -50.33441543081841 	 -16.45865704719161 
H 	 17.58540828022231 	 -51.030791958580764 	 -14.568117674466844 
C 	 20.31503175205964 	 -57.98213841215389 	 -35.355347042002805 
C 	 19.59811582399892 	 -58.61289131630277 	 -36.36753671419563 
C 	 21.706351769167117 	 -57.79062832114031 	 -35.35965353969464 
C 	 22.32752042332739 	 -58.30506263672322 	 -36.49614925750427 
C 	 21.611059701078542 	 -58.93194452588476 	 -37.460256883163495 
C 	 20.233784492929637 	 -59.07740395328912 	 -37.460944036415746 
N 	 23.665690466711563 	 -58.37682909346174 	 -36.84824388336097 
N 	 22.353362223995568 	 -59.52731152770993 	 -38.42317947933665 
C 	 23.592988875901582 	 -59.112741876857115 	 -37.99919859347466 
C 	 24.78742054631594 	 -59.1850432126812 	 -38.80673231430738 
C 	 24.857575654307034 	 -57.84512256739229 	 -36.274667545125 
N 	 24.892314197998257 	 -57.38370149579149 	 -35.10882084137062 
C 	 26.048899635879383 	 -57.96301848695598 	 -37.12456115304088 
C 	 25.98894145444461 	 -58.622301568811324 	 -38.3800738618862 
C 	 27.106147640719445 	 -58.5799220537075 	 -39.255800708351465 
C 	 27.199785730606727 	 -57.26540212367286 	 -36.71693470636956 
C 	 28.326697610525056 	 -57.318392109388824 	 -37.52535743275347 
C 	 28.331466761774823 	 -57.97658547896732 	 -38.78596478424885 
C 	 24.725838711273315 	 -59.4949356563636 	 -40.18105099590442 
C 	 25.89858053246511 	 -59.56953277619842 	 -41.00972922485463 
C 	 27.074842144428004 	 -59.129656111262406 	 -40.538972844419504 
C 	 29.614936210415724 	 -58.08143886818597 	 -39.577555775585026 
C 	 28.226816850319672 	 -59.074504827038446 	 -41.352971599182744 
N 	 29.45372983243353 	 -58.668619072645946 	 -40.76896818910084 
N 	 30.669889066829526 	 -57.60677496091964 	 -39.26427581100221 
N 	 28.227201232555842 	 -59.48999877894932 	 -42.647935675658964 
H 	 22.295035766494923 	 -57.1875952570289 	 -34.61277783358524 
H 	 19.75644907406249 	 -59.62681127738938 	 -38.25577562901693 
H 	 27.075031141758394 	 -56.615367248735666 	 -35.794788440176 
H 	 29.287517525458256 	 -56.92852094622214 	 -37.16734392844023 
H 	 23.745594671946396 	 -59.66139433195746 	 -40.64145843554374 
H 	 25.82559339198841 	 -59.96778846243641 	 -41.99587821207828 
C 	 30.362529296977023 	 -59.17335957757875 	 -41.7139407286214 
C 	 29.570224475719606 	 -59.53884992411631 	 -42.80108610189903 
C 	 31.70536342556288 	 -59.454433074217995 	 -41.56012998783622 
C 	 32.207660425098915 	 -60.18814499588164 	 -42.583137336297206 
C 	 31.485807840388972 	 -60.55830662136364 	 -43.680791625325114 
C 	 30.143638397355208 	 -60.21552382502831 	 -43.86797610619302 
N 	 33.413828347691556 	 -60.90893505086304 	 -42.68695117391409 
N 	 32.09508151832532 	 -61.33431453876189 	 -44.5473786386946 
C 	 33.331253143878556 	 -61.400770597464756 	 -43.96130471374815 
C 	 34.42256220317351 	 60.724611287790324 	 -44.51486216682062 
C 	 34.60043044035536 	 -60.8468057685915 	 -42.00378374944588 
N 	 34.75246188293146 	 -60.103433203235646 	 -41.033491971206246 
C 	 35.713263376993666 	 61.225989323855146 	 -42.61401028481432 
C 	 35.60707517049058 	 60.532762361556934 	 -43.82980594001035 
C 	 36.68764606712644 	 59.90374819328463 	 -44.343415757448135 
C 	 36.88876524888984 	 61.14588444869292 	 -41.888561129820836 
C 	 38.04514407282146 	 60.551204429324294 	 -42.41365690299086 
C 	 37.941390833072404 	 59.992526407732925 	 -43.71074599096566 
C 	 34.250421345665885 	 60.05459709933553 	 -45.77875681221507 
C 	 35.326180774862884 	 59.265591583708144 	 -46.28076675998019 
C 	 36.538441644005104 	 59.20488269711861 	 -45.576873436501906 
C 	 39.10699496173391 	 59.40441250180277 	 -44.41097153516449 
C 	 37.667562350789964 	 58.60346629478673 	 -46.17680076080734 
N 	 38.8684417033451 	 58.69454716400978 	 -45.498292925085 
N 	 40.21830671461605 	 59.236522236004184 	 -43.962049355614916 
N 	 37.925968689428565 	 57.958774267658036 	 -47.26663850385604 
H 	 32.31879162205048 	 -59.271295775935116 	 -40.68465687076953 
H 	 29.54329721293073 	 -60.595818059241196 	 -44.67820372747242 
H 	 36.96522779312482 	 -61.32368836437375 	 -40.85478475470606 
H 	 38.920583927051744 	 60.4493613348052 	 -41.86142119532395 
H 	 33.30184700606957 	 60.09435378521649 	 -46.29220728866396 
H 	 35.11652561199751 	 58.71727289668593 	 -47.23442541559237 
C 	 9.828952823035674 	 -56.09471379612029 	 -29.727913291671616 
C 	 11.19092953016484 	 -55.8690960118301 	 -29.63791866560591 
C 	 9.183103276641972 	 -56.474979602858305 	 -30.85188266286815 
C 	 11.87622035046807 	 -56.24593307056756 	 -30.771128582723897 
C 	 9.923377350861838 	 -56.88461559178529 	 -31.9373929788683 
C 	 11.273707757236599 	 -56.78653292356907 	 -31.906941333123505 
C 	 14.399305725151264 	 -55.879145010842265 	 -30.398443062540302 
N 	 14.36003616244798 	 -55.43318293345387 	 -29.281768110346164 
C 	 16.973172483626463 	 -55.75398769004762 	 -30.479596248324786 
C 	 15.70867954864759 	 -56.034508670343556 	 -31.0958254145199 
C 	 13.296201477411026 	 -56.746838307896425 	 -32.36891455391189 
N 	 13.28367891421275 	 -56.23121878677041 	 -31.09313325688566 
C 	 18.154626778840598 	 -56.02291706793422 	 -31.17880858508995 
C 	 15.72431103662125 	 -56.533129070805245 	 -32.387618265280516 
C 	 14.54672387662708 	 -57.09007681934599 	 -32.94547754907615 
N 	 12.138644662302154 	 -57.073903482964695 	 -32.88829011808743 
C 	 18.200325630193106 	 -56.55828244491363 	 -32.49039087106586 
C 	 16.953944649917215 	 -56.75954445300679 	 -33.10213782426903 
C 	 14.627466986973637 	 -57.811594244598076 	 -34.11205360193268 
C 	 19.455671242005373 	 -56.93049889806604 	 -33.20958921992073 
C 	 16.961048334113894 	 -57.46654186508649 	 -34.3245833731886 
H 	 11.767439911590555 	 -55.50506827908584 	 -28.741760942435008 
C 	 15.780500804658287 	 -57.84901569138018 	 -34.84935014004147 
C 	 18.165864665944156 	 -57.74146914408818 	 -35.068152649118765 
N 	 20.563887241051116 	 -56.88359396164813 	 -32.694786581524454 
N 	 19.343633408368294 	 -57.48882564601929 	 -34.43018195247575 
H 	 9.467275479560056 	 -57.29965499931852 	 -32.85217509481263 
H 	 17.01582257430724 	 -55.49177565195627 	 -29.418183235465566 
N 	 18.236219563556848 	 -58.448266880545795 	 -36.245814260709196 
H 	 19.12090322040777 	 -55.78081315502294 	 -30.71062843091037 
H 	 13.762443742377776 	 -58.250788777189726 	 -34.576770704457914 
H 	 15.756238152857135 	 -58.38119887698615 	 -35.759410276681926 
H 	 39.74506159993191 	 58.338543326839755 	 -45.84098100467987 
H 	 37.461125018723 	 57.0112101248953 	 -47.10908871953662 
N 	 9.99980542680881 	 -54.88473729022803 	 -27.033435261981207 
C 	 8.900375577018462 	 -55.000032856007735 	 -27.65306715116897 
N 	 8.855390042851843 	 -55.65062749438753 	 -28.865398952200948 
C 	 7.621994104898058 	 -53.79644325701375 	 -25.896399329007433 
C 	 7.652918912119712 	 -54.495587497810874 	 -27.082166779557614 
H 	 8.576596528620806 	 -53.62117511246077 	 -25.307936547792256 
C 	 7.700040469191792 	 -55.87200596256471 	 -29.598524673302002 
N 	 7.83428254393305 	 -56.42316488907964 	 -30.779730580683985 
C 	 6.403683747447993 	 -53.34591710618671 	 -25.348864464467944 
C 	 6.442766860566415 	 -54.74264208818217 	 -27.748711821193897 
C 	 6.426917488218342 	 -55.4785447679964 	 -28.98746932548296 
H 	 6.456075462932285 	 -52.528363165495335 	 -24.565131910037692 
C 	 5.1944448828763745 	 -53.59523186684322 	 -26.0126510248567 
C 	 5.209171496112538 	 -54.350732961533524 	 -27.212882827780298 
C 	 5.242844550321354 	 -55.81754781474879 	 -29.664467045238947 
C 	 3.916767954255335 	 -53.06296855841828 	 -25.465841651695822 
N 	 3.932833968818376 	 -52.19549954261278 	 -24.591358961577228 
C 	 4.025245221381201 	 -54.63424218697788 	 -27.91737715317307 
C 	 4.042731793509222 	 -55.3631990904521 	 -29.130587936342387 
H 	 5.22944346081436 	 -56.2647813604189 	 -30.639212700695815 
C 	 2.7693018464163472 	 -54.3061411577427 	 -27.2035920382248 
N 	 2.827653766178969 	 -53.529995133970964 	 -26.057357132076387 
C 	 1.449725357300376 	 -53.379522359561335 	 -25.74760026846635 
C 	 0.7671773316229062 	 -52.6402279226517 	 -24.75778096003158 
N 	 1.525218846245793 	 -54.61338904034237 	 -27.621240472895586 
H 	 3.095860844848681 	 -55.542801478249345 	 -29.62267392648658 
C 	 0.7721733501292815 	 -54.0639231060623 	 -26.681732785041785 
H 	 1.3622774263945048 	 -52.20928087334106 	 -23.921612389509406 
N 	 -0.5411249779808354 	 -50.80094154029068 	 -22.359169229255688 
C 	 -0.602300801222911 	 -52.72445412891751 	 -24.800560504364288 
C 	 -1.583366397323461 	 -51.25003759360138 	 -22.910900607802585 
C 	 -0.6022933193111638 	 -54.209048896449254 	 -26.635136451218788 
C 	 -1.3264872593143135 	 -53.53219644847591 	 -25.638698501521713 
N 	 -1.610395591883295 	 -52.14609016000108 	 -23.944774509673643 
C 	 -2.937305479676015 	 -50.01547648890358 	 -21.194914243421838 
C 	 -2.8881551826613436 	 -50.92554345702507 	 -22.25397931678701 
H 	 -2.0800199298023747 	 -49.393612764120306 	 -20.91442760064861 
C 	 -2.764829658869156 	 -52.769680301532595 	 -24.313612529400675 
C 	 -4.125475578453603 	 -49.76635913493444 	 -20.492733062294448 
N 	 -2.604595105455156 	 -53.575973619425014 	 -25.42359597616793 
C 	 -4.047178089933524 	 -51.54908284381449 	 -22.61411154660855 
H 	 -1.1528882964522713 	 -54.83879937833757 	 -27.340375584625278 
C 	 -4.027652227109492 	 -52.512703049259315 	 -23.632884837203395 
C 	 -5.295917495567291 	 -50.46837554604568 	 -20.793818647227237 
H 	 -4.234499548016523 	 -49.013286717859906 	 -19.655066156082775 
C 	 -5.257073848454439 	 -51.33828000461613 	 -21.889004972185308 
C 	 -5.1876840991509345 	 -53.212344207796136 	 -23.892577888789617 
C 	 -6.515217904239769 	 -50.18198358068679 	 -20.06180109718258 
N 	 -6.678361115642599 	 -49.34758643889879 	 -19.178585990586058 
C 	 -6.4204628410226965 	 -52.02454940055292 	 -22.242127757735833 
C 	 -6.347797777483047 	 -53.03748162992685 	 -23.181710322932112 
C 	 -7.633603614175845 	 -51.66362511386161 	 -21.615142887014066 
N 	 -7.609801947616354 	 -50.73745866397734 	 -20.58140923828241 
H 	 -5.146112322202142 	 -54.046304457161725 	 -24.65165432390902 
C 	 -8.99846146596664 	 -50.53540788316558 	 -20.456329001509836 
C 	 -9.700492330975216 	 -49.71739605313262 	 -19.577116871478427 
N 	 -8.803407766498866 	 -52.071567816385134 	 -22.133273385982005 
C 	 -9.634139101087845 	 -51.375292601813484 	 -21.327933777441846 
H 	 -7.283404892343143 	 -53.4929582232708 	 -23.544143823107195 
N 	 -11.237330340985618 	 -47.87606679331886 	 -17.420453377894876 
H 	 -9.272597473747426 	 -48.99117499876678 	 -18.873729536517335 
C 	 -11.083104234269445 	 -49.78835436812223 	 -19.727493951299916 
C 	 -12.200284130826125 	 -48.100309992720575 	 -18.09822840322699 
C 	 -11.02604966290557 	 -51.42780636565949 	 -21.50663913637585 
C 	 -11.73554697707139 	 -50.57469406853878 	 -20.72901513732749 
N 	 -12.122672866946932 	 -49.0393855016983 	 -19.071101169577506 
C 	 -13.673739294841521 	 -46.634638340223844 	 -16.687179558025232 
C 	 -13.523369198554096 	 -47.55341312960775 	 -17.75211183517875 
C 	 -13.2162152991769 	 -49.61208668233245 	 -19.706933155337754 
H 	 -12.797191640110805 	 -46.34175372203985 	 -16.035640779274857 
N 	 -13.069670760228794 	 -50.50005125554865 	 -20.68231358037059 
C 	 -14.901376863710913 	 -45.98440896559685 	 -16.458130297030436 
C 	 -14.613948524930475 	 -47.94474644820657 	 -18.515953862267185 
H 	 -11.477241005480606 	 -52.11854107324108 	 -22.22582375583058 
C 	 -14.488408903373207 	 -48.93983912063061 	 -19.48737622988354 
C 	 -15.979018468258174 	 -46.31539786904089 	 -17.284388528865506 
C 	 -15.833292695588746 	 -47.35033248487498 	 -18.27074885996083 
C 	 -15.554231029778325 	 -49.3496059813989 	 -20.20990774339002 
H 	 -15.036194635116658 	 -45.2702995059388 	 -15.652700202811253 
C 	 -17.243760483997477 	 -45.52818917299621 	 -17.154003621238616 
C 	 -16.897386323257333 	 -47.740562303545055 	 -19.01145316000621 
N 	 -17.43844178888192 	 -44.64133535973914 	 -16.361930111139255 
C 	 -16.784586389120307 	 -48.71570777125188 	 -20.049760979164752 
H 	 -15.459125880257934 	 -50.22090963808089 	 -20.843350743998663 
C 	 -18.108874383400906 	 -47.01753074760524 	 -18.783148579278254 
N 	 -18.1221085538074 	 -45.83717629309396 	 -18.068219152023936 
C 	 -19.50422438005608 	 -45.54632685506332 	 -18.14012232180223 
N 	 -19.296603372941778 	 -47.48611697407597 	 -19.227596752421253 
C 	 -20.247984953123808 	 -44.47225720753101 	 -17.68773239762718 
H 	 -17.674930443776333 	 -48.924230150804 	 -20.645448161974155 
C 	 -20.116482904884005 	 -46.55082598789105 	 -18.851171085367657 
H 	 -19.695646868056098 	 -43.69866443619104 	 -17.197068030749232 
C 	 -21.642064013457052 	 -44.559911878739676 	 -17.878474881282347 
C 	 -21.47219808927177 	 -46.50876815080561 	 -19.23386426189902 
C 	 -22.21274240929283 	 -45.55397281946171 	 -18.662225647718273 
H 	 -21.89763547118439 	 -47.206643544618586 	 -19.95607552241773 
N 	 -21.81428002713935 	 -42.07272373874856 	 -16.199815419825534 
C 	 -22.756811865222065 	 -42.571332309926426 	 -16.840822492754107 
N 	 -22.68223354153385 	 -43.7860693600377 	 -17.42048451500694 
C 	 -23.732319063839217 	 -44.359584809781616 	 -18.033157623351183 
N 	 -23.505649026563187 	 -45.46266734383581 	 -18.75459588050181 
C 	 -24.045193641503346 	 -41.812514324587326 	 -16.950522574762374 
C 	 -24.228960095739577 	 -40.545895946034534 	 -16.3566868394447 
C 	 -25.031894901476086 	 -43.755594839787534 	 -17.966796728694028 
C 	 -25.152448060300514 	 -42.47968498598822 	 -17.529252901636827 
C 	 -25.477930133710842 	 -39.84121381372798 	 -16.578139493228022 
C 	 -26.159043415004977 	 -44.43339140372848 	 -18.426446018346688 
H 	 -23.406445613721214 	 -40.13695340922561 	 -15.782783938105162 
C 	 -26.40809090987097 	 -41.74632231478048 	 -17.66786387883632 
C 	 -26.546607196899796 	 -40.40970066579765 	 -17.242053843821655 
C 	 -27.38377553880449 	 -43.808292689119995 	 -18.425270093125768 
C 	 -27.47469329757686 	 -42.456901330679635 	 -18.168466615688963 
C 	 -27.923839625329038 	 -39.75300050344015 	 -17.40170233508895 
H 	 -25.521250727845178 	 -38.83451391251302 	 -16.207411415722607 
N 	 -28.045248458682767 	 -38.54034483342948 	 -17.35127706663547 
H 	 -25.997757698368343 	 -45.47867405941727 	 -18.784879661149137 
C 	 -28.82143491367648 	 -41.890266239406444 	 -18.188101774562636 
N 	 -28.941512105180966 	 -40.54612083585401 	 -17.87668522654507 
C 	 -30.313011246999228 	 -40.35877514111574 	 -18.077278936069636 
N 	 -29.941009310770557 	 -42.48913401754146 	 -18.716788369378435 
C 	 -31.078635688875313 	 -39.16109351901161 	 -18.028258944958708 
C 	 -30.884446048474224 	 -41.53366552534857 	 -18.520159455800133 
H 	 -28.289553506975462 	 -44.328620825127025 	 -18.767126100849474 
C 	 -32.4852433138976 	 -39.38254691590076 	 -18.32758415580673 
N 	 -32.711481340298015 	 -36.55381179841211 	 -17.933275477744694 
C 	 -32.19332011746207 	 -41.71325669647437 	 -18.743301013093834 
C 	 -33.708822430000865 	 -37.188800923856206 	 -18.22208670646704 
C 	 -32.966629956418785 	 -40.6111765055784 	 -18.632551702020162 
H 	 -30.674792922220607 	 -38.13866250028811 	 -17.909887902137392 
N 	 -33.607184588536775 	 -38.50463769777426 	 -18.435742545275946 
C 	 -35.19627672255159 	 -35.18537178514727 	 -18.4312908340821 
C 	 -35.036017284205755 	 -36.59922726105028 	 -18.50308711289655 
C 	 -34.60973120908388 	 -39.38057190303024 	 -18.788439427841944 
N 	 -34.25310713995558 	 -40.683150232895024 	 -18.946329839189705 
C 	 -36.47320968086445 	 -34.57578559492871 	 -18.5792915299634 
C 	 -36.115776502371006 	 -37.40463598779577 	 -18.83182478649334 
C 	 -35.92890455286482 	 -38.806136194558626 	 -19.015393834269915 
H 	 -34.31495843433736 	 -34.60791413721722 	 -18.217199272739755 
H 	 -32.66522422772847 	 -42.677949633894876 	 -19.10337693659025 
C 	 -37.595586648475404 	 -35.464477851326514 	 -18.853347828146497 
C 	 -37.41557534649478 	 -36.824188159920396 	 -19.006825391011485 
C 	 -36.98661882945763 	 -39.575918232162074 	 -19.42283610549582 
C 	 -38.99126282201148 	 -34.9202865997046 	 -19.116999561972474 
C 	 -38.49137742269255 	 -37.61013831991794 	 -19.415013383466082 
N 	 -39.2058866983787 	 -33.71604989563658 	 -19.238888208054455 
C 	 -38.246429774190716 	 -39.00616361128894 	 -19.558439290073007 
H 	 -36.56892748305925 	 -33.530014218541396 	 -18.407394019043217 
C 	 -39.763305672677774 	 -37.05452882377749 	 -19.68928463795458 
N 	 -39.97121410465526 	 -35.75536140089544 	 -19.301396841462058 
C 	 -41.35655184763748 	 -35.644326637651325 	 -19.74175969701355 
C 	 -42.22948592494047 	 -34.601030613507 	 -19.532089032992968 
H 	 -36.889049907759954 	 -40.60694390878199 	 -19.641850896173754 
N 	 -40.671412953709535 	 -37.65797143570105 	 -20.43903867209783 
C 	 -41.71769075890576 	 -36.802297958212044 	 -20.389960372702603 
C 	 -43.435535560036534 	 -34.86838660215426 	 -20.190471970949684 
N 	 -43.715546323467784 	 -32.01919649452289 	 -19.545644538669194 
C 	 -42.914118821151945 	 -37.05460643218351 	 -20.96046742770554 
C 	 -44.49313962890551 	 -32.60595877383483 	 -20.25429909878878 
H 	 -39.12093559774961 	 -39.693147871658134 	 -19.750884109100994 
C 	 -43.75287035911795 	 -35.981917347827526 	 -20.89663163879563 
H 	 -42.00796056726676 	 -33.619612758000905 	 -19.00622892344867 
N 	 -44.49911644682657 	 -33.95233028425356 	 -20.366868502139873 
C 	 -45.73837092255151 	 -30.583282256021736 	 -20.81510131146927 
C 	 -45.566500586371504 	 -31.927094243551583 	 -21.01369561678933 
C 	 -45.302012589791296 	 -34.67540903301125 	 -21.227805467522543 
N 	 -44.948070667573795 	 -35.94871992821417 	 -21.507049358499362 
C 	 -46.78574296326442 	 -29.964888380413164 	 -21.366654795583184 
C 	 -46.43205895406058 	 -32.57184330292279 	 -21.91846228730911 
C 	 -46.32575236130911 	 -33.988377048825264 	 -21.983742935928653 
H 	 -45.20285342250415 	 -30.141751746723568 	 -20.01503269852254 
C 	 -47.68552735620294 	 -30.563671688742154 	 -22.199600747691203 
H 	 -43.205172177335506 	 -38.02539564444573 	 -21.43286548704907 
C 	 -47.47361802001647 	 -31.91263014418039 	 -22.50521906239852 
C 	 -47.1775355865889 	 -34.65509431609377 	 -22.899085174009063 
C 	 -48.77486788264796 	 -29.740035501688343 	 -22.93336505847969 
C 	 -48.37550275574026 	 -32.56949774032821 	 -23.331588393135227 
C 	 -48.20253633476324 	 -33.95608925900955 	 -23.50480321808176 
H 	 -46.93432672890053 	 -28.890617642767936 	 -21.079567422399332 
N 	 -48.9644849480448 	 -28.58293911364693 	 -22.699519563346165 
C 	 -49.3170197803139 	 -31.7626951686941 	 -24.114446808245305 
N 	 -49.44963136121898 	 -30.397167733116518 	 -23.897662571796275 
H 	 -47.008094075791924 	 -35.6735826673373 	 -23.04473902249252 
C 	 -50.51008117618931 	 -30.05003512218101 	 -24.658243798299974 
N 	 -50.11189294191079 	 -32.31306420674565 	 -25.009960172994578 
C 	 -51.179191671737364 	 -28.85322019856389 	 -24.927234761766144 
C 	 -50.822378964404315 	 -31.176192194920056 	 -25.325187157128674 
H 	 -48.92459689870854 	 -34.53212267842966 	 -24.118735524803807 
C 	 -51.77937768097945 	 -31.177154044458725 	 -26.300635165675107 
C 	 -52.1467600250866 	 -28.83276420669375 	 -25.92276704607779 
N 	 -52.15770883275009 	 -26.008314227058015 	 -25.439419472844857 
H 	 -50.99881972812756 	 -27.949250312508727 	 -24.37420982896742 
C 	 -52.45418200319097 	 -29.994444544624344 	 -26.532272100100027 
C 	 -52.60250837898902 	 -26.44901739979188 	 -26.48358900603113 
N 	 -52.72924670484402 	 -27.784343390261515 	 -26.58903447194404 
C 	 -53.427126414051784 	 -28.435013226238098 	 -27.57751349271534 
N 	 -53.2795059924815 	 -29.780756855692772 	 -27.627693340595467 
C 	 -53.33831719299939 	 -25.59032149393518 	 -27.474757941158323 
H 	 -51.91965704013284 	 -32.04517882666247 	 -26.821711688997176 
C 	 -53.24800747065267 	 -24.19427681533593 	 -27.556355033387856 
C 	 -54.06419126635214 	 -27.600949691219363 	 -28.643051373269333 
C 	 -54.03708125069055 	 -26.239707528716625 	 -28.504018783186154 
H 	 -52.64161223171513 	 -23.516722194695763 	 -26.832593460884624 
C 	 -53.887149220373736 	 -23.517416736954296 	 -28.527952300256405 
C 	 -54.677540479152725 	 -28.228503933240017 	 -29.725667059843197 
C 	 -54.624984799908056 	 -25.52704442608071 	 -29.519725247740073 
C 	 -54.49233242851097 	 -24.166105550556004 	 -29.561213639653037 
C 	 -55.408402552209104 	 -27.478050898296512 	 -30.60267357834878 
C 	 -55.35385185809031 	 -26.106288920246328 	 -30.56751166502285 
H 	 -54.81268460442618 	 -29.349989854332453 	 -29.83631327438192 
H 	 -53.86339054599811 	 -22.461141969132466 	 -28.394785763175523 
C 	 -55.20375946618149 	 -23.362067054460073 	 -30.57876058566564 
N 	 -55.292168491774575 	 -22.18681261385785 	 -30.466701731283987 
C 	 -56.134455373968365 	 -25.321338503489706 	 -31.47602918788735 
N 	 -55.91391039471769 	 -23.974881638666957 	 -31.530220072674208 
H 	 -55.989943856950816 	 -27.87753853751612 	 -31.401315496069223 
N 	 -57.054670552946206 	 -25.876882096250057 	 -32.3567415857382 
C 	 -56.907440548500844 	 -23.605022249929277 	 -32.47327432096371 
C 	 -57.56471659965074 	 -24.75793846677651 	 -32.842028759133456 
C 	 -57.53065246602768 	 -22.38316505535756 	 -32.694392011847604 
C 	 -58.51106738975075 	 -24.787808243589684 	 -33.80597398291615 
H 	 -57.126995595812346 	 -21.46267772724963 	 -32.22357237817181 
C 	 -58.547308656325775 	 -22.298573719752646 	 -33.679378480304784 
C 	 -59.00330437157497 	 -23.50917168332709 	 -34.20290798989198 
H 	 -58.79661489269912 	 -25.71313075386385 	 -34.22583011772814 
H 	 -59.061801011798195 	 -21.401111775269115 	 -34.03870970043331 
H 	 -59.86640101075366 	 -23.51858076935472 	 -34.92133630464198 
