C 	 -56.96084441680615 	 5.628377118638082 	 -4.496933416784294 
C 	 -56.14465298867332 	 4.564039107471165 	 -4.057144454746603 
C 	 -57.13169096266469 	 6.793457314097602 	 -3.7876791871840294 
C 	 -56.581775043492726 	 6.798937882241781 	 -2.5098078479251917 
C 	 -55.81011462372428 	 5.732818220426999 	 -2.0506761301382834 
C 	 -55.546049841620615 	 4.625936984258863 	 -2.791202015820977 
N 	 -56.51609522316002 	 7.820028221017485 	 -1.5485019855383473 
N 	 -55.270947229457235 	 5.992932798668329 	 -0.8569772529293297 
C 	 -55.63820852251964 	 7.243075598094288 	 -0.6146243811551497 
C 	 -55.24100182194317 	 8.060982164363207 	 0.510090467772122 
C 	 -57.16655778205007 	 8.979978141515561 	 -1.3886875627908206 
N 	 -57.90716883754001 	 9.537427953314776 	 -2.198438633348851 
C 	 -56.83100330227634 	 9.739630300427105 	 -0.10340449771756621 
C 	 -55.889367575267954 	 9.272205901578383 	 0.8221184440914422 
C 	 -55.53029991984419 	 10.006236127466842 	 2.0088862777046255 
C 	 -57.475386216864266 	 10.893867248607359 	 0.1995642071233791 
C 	 -57.28780073956617 	 11.554493166221903 	 1.4057483529875765 
C 	 -56.266100353104655 	 11.144482527374503 	 2.311986149296428 
C 	 -54.20940529863796 	 7.64873316322344 	 1.3540417289962015 
C 	 -53.8139837257082 	 8.432041905012051 	 2.45012554917505 
C 	 -54.34853464628224 	 9.674472736048827 	 2.73912132985016 
C 	 -55.84818256403312 	 11.992885460213548 	 3.471450107741712 
C 	 -53.957612938110756 	 10.486227408628572 	 3.8286326199003615 
N 	 -54.706303384458124 	 11.645975550515411 	 4.1456749559228365 
N 	 -56.549627872272424 	 12.944087730979366 	 3.7671680930516063 
N 	 -52.69572004615425 	 10.434949711075719 	 4.418039349120922 
H 	 -57.816617809726885 	 7.527059479630563 	 -4.144966258758093 
H 	 -54.90180871075029 	 3.8862441118008753 	 -2.36717271105772 
H 	 -58.253570234980124 	 11.254841645458617 	 -0.4733040847997315 
H 	 -57.91329970781606 	 12.461138657485506 	 1.5923109745331092 
H 	 -53.70641933675595 	 6.667816947648432 	 1.1515655954242658 
H 	 -52.98042067605451 	 8.030302969124085 	 3.0352482997971686 
C 	 -53.838929600999315 	 12.289202192408698 	 5.125520314955347 
C 	 -52.69878955811157 	 11.488069042479632 	 5.201860985647216 
C 	 -54.00944500906584 	 13.42630302851834 	 5.896884398447152 
C 	 -52.88565220818226 	 13.847618115442852 	 6.574249710317956 
C 	 -51.72749771606309 	 13.123226492808127 	 6.51464704259569 
C 	 -51.623756683673676 	 11.887348597904444 	 5.9086270819399225 
N 	 -52.60174591809299 	 14.947700797518158 	 7.377283076179353 
N 	 -50.688406336089095 	 13.652377185429897 	 7.16161175936127 
C 	 -51.280754872848654 	 14.815700667101726 	 7.628838808630218 
C 	 -50.679775928207796 	 15.750816768308825 	 8.500158748181443 
C 	 -53.348583931485244 	 15.97153032366539 	 7.833714124776474 
N 	 -54.528928735016606 	 15.935652190534695 	 7.61824209192177 
C 	 -52.743414999797714 	 16.941090423088472 	 8.776741018372563 
C 	 -51.40320771990546 	 16.791952820003154 	 9.08497360796615 
C 	 -50.813924761087144 	 17.61809884982827 	 10.056070269683715 
C 	 -53.506206367687064 	 17.877215575355887 	 9.320893033906174 
C 	 -52.95241167618775 	 18.839379345830718 	 10.158160430992421 
C 	 -51.63189512760011 	 18.635839727543726 	 10.650062403961742 
C 	 -49.369965285801435 	 15.478502758936552 	 9.019404443575175 
C 	 -48.734783047392845 	 16.340851890591733 	 9.932516336554785 
C 	 -49.43789976720239 	 17.417295691236692 	 10.436843678052762 
C 	 -50.933605505701806 	 19.68356750546076 	 11.458721129388346 
C 	 -48.982213988090045 	 18.161175721131258 	 11.600912379552966 
N 	 -49.704348549050245 	 19.30810595196904 	 11.942427227777394 
N 	 -51.435712905854125 	 20.62661792472169 	 12.05737059732071 
N 	 -48.210940687148394 	 17.62352890627728 	 12.466093489206338 
H 	 -54.779357584297145 	 14.159952026889068 	 5.73459778252783 
H 	 -50.76593884023378 	 11.328920364580823 	 5.8469141873889505 
H 	 -54.58072352671709 	 17.851670917906542 	 9.062049686282531 
H 	 -53.512701926560595 	 19.717637750868562 	 10.487647628039491 
H 	 -48.87265068949163 	 14.585327819221975 	 8.697680044152277 
H 	 -47.6685970743337 	 16.237046639185937 	 10.247425414816696 
C 	 -58.736582173369236 	 -0.35439915267767097 	 -14.678579401536371 
C 	 -58.9766902936006 	 0.7492848474049043 	 -13.916042117461336 
C 	 -58.266012251636326 	 -1.5338380701488297 	 -14.08455365109082 
C 	 -58.61170929978597 	 0.7321964359150647 	 -12.57756865592538 
C 	 -57.72815871551073 	 -1.4769511586227226 	 -12.825804946388223 
C 	 -57.92559404845783 	 -0.3248919504176552 	 -12.101201918309698 
C 	 -59.09076196192268 	 2.877514319497169 	 -11.49787375504362 
N 	 -59.95854624670439 	 3.2875976578260837 	 -12.264135455950791 
C 	 -59.32424407427342 	 4.890126833432749 	 -10.155020333636106 
C 	 -58.809684910159504 	 3.6072512366382203 	 -10.233697740357728 
C 	 -57.770789214192945 	 1.080720244885795 	 -10.582837419664592 
N 	 -58.430638052283065 	 1.6918355021269367 	 -11.60272557464838 
C 	 -59.00687857435805 	 5.658710588477822 	 -9.026086736482513 
C 	 -57.97527845583699 	 3.160195427822528 	 -9.26754294862997 
C 	 -57.38844969564438 	 1.8922625437252554 	 -9.410749242727903 
N 	 -57.30911388597569 	 -0.1752706130900858 	 -10.90701818373646 
C 	 -58.24902747491517 	 5.090471343738858 	 -7.982974709851693 
C 	 -57.77970979788457 	 3.8159566024709055 	 -8.057806676617142 
C 	 -56.64337177547213 	 1.2565546846260773 	 -8.417731513725558 
C 	 -57.98315477072153 	 5.95413774424752 	 -6.807285541289144 
C 	 -56.91622563251961 	 3.2788230973525447 	 -7.110595296744111 
H 	 -59.484138915298914 	 1.6081112575469676 	 -14.236555473337214 
C 	 -56.402680566227744 	 1.9192839548002931 	 -7.236475974750915 
C 	 -56.64754004840962 	 4.022298915592209 	 -5.979588198623766 
N 	 -58.35487598646572 	 7.104515236915522 	 -6.623038551883683 
N 	 -57.3021909589935 	 5.2605031278215675 	 -5.8472493929339935 
H 	 -57.221077421414165 	 -2.304628021431276 	 -12.425406857964918 
H 	 -59.89263048479838 	 5.357698725325017 	 -10.987258351551302 
N 	 -55.88872763959869 	 3.607554170096118 	 -4.966722666367571 
H 	 -59.39803124235238 	 6.737974822653915 	 -8.885127609494154 
H 	 -56.180902460630584 	 0.28579574169603406 	 -8.622311065389939 
H 	 -55.749877143216416 	 1.4603131538180623 	 -6.461363890714896 
H 	 -49.383450488619275 	 19.90975698581086 	 12.654668244135355 
H 	 -47.963341334865845 	 16.66361426741721 	 12.239241433138243 
N 	 -59.55476501629852 	 1.373112920698587 	 -16.97124290286162 
C 	 -59.349133455966054 	 0.15334101929836397 	 -17.09766548272502 
N 	 -59.002503524560936 	 -0.6357826130367564 	 -16.003213752085692 
C 	 -59.65123567208029 	 0.15517985001915607 	 -19.529622306083283 
C 	 -59.319472666340694 	 -0.5887303187317511 	 -18.410777326791223 
H 	 -59.899897907590514 	 1.1768996900769289 	 -19.433449582960648 
C 	 -58.67508213018621 	 -1.9684458763488792 	 -16.077389273558673 
N 	 -58.15174819749252 	 -2.508783761965104 	 -14.936674250650714 
C 	 -59.49318917903062 	 -0.3672782958814214 	 -20.756220770039665 
C 	 -59.023368650855744 	 -1.977941258200746 	 -18.48407730886742 
C 	 -58.60178427064776 	 -2.609482412728729 	 -17.34837021766756 
H 	 -59.711000836250555 	 0.19058539415377582 	 -21.610694181052896 
C 	 -59.29180490212298 	 -1.7596883678908992 	 -20.919616872214473 
C 	 -59.03369761390947 	 -2.522960016387246 	 -19.778211606649894 
C 	 -58.27552388177514 	 -3.9562505804222834 	 -17.532262223012168 
C 	 -59.13220512219894 	 -2.3354348718066125 	 -22.326219376389595 
N 	 -59.306286952028216 	 -1.6380666665807828 	 -23.30064478613089 
C 	 -58.71032978648645 	 -3.879593012954361 	 -19.92792125690975 
C 	 -58.362145110007624 	 -4.5915466650987575 	 -18.79713510489224 
H 	 -58.05624319460046 	 -4.53714925399132 	 -16.619096897444265 
C 	 -58.777162832466715 	 -4.492324790076692 	 -21.23266107941605 
N 	 -58.85196830302136 	 -3.6824344268347673 	 -22.366323976190422 
C 	 -58.65627243864909 	 -4.58123209685306 	 -23.40282978383868 
C 	 -58.41898001800882 	 -4.321784162907169 	 -24.747796315143702 
N 	 -58.48846846692994 	 -5.772035987806011 	 -21.497693990528223 
H 	 -58.23773287434458 	 -5.672976016233638 	 -18.92323249457843 
C 	 -58.50610104233274 	 -5.801783377756148 	 -22.830283490506382 
H 	 -58.382650438538604 	 -3.289551242049376 	 -25.071612126398826 
N 	 -58.09998137247971 	 -3.439521905987698 	 -27.582381915920887 
C 	 -58.163598013907894 	 -5.440134054024972 	 -25.495540046927434 
C 	 -57.60210415926409 	 -4.522983387180539 	 -27.748320433052637 
C 	 -58.26797758603416 	 -6.923967706571819 	 -23.622203569623377 
C 	 -58.00153976823653 	 -6.708884735124071 	 -24.991028423734203 
N 	 -57.8056845124196 	 -5.541553444497517 	 -26.844497971082777 
C 	 -56.55260672746063 	 -4.098453106266647 	 -30.01918287429931 
C 	 -56.88221440402249 	 -4.944053281464687 	 -29.00235412739636 
H 	 -56.90475265899077 	 -3.091265544063447 	 -30.026513624144293 
C 	 -57.308354049714545 	 -6.817339846065344 	 -26.911759087739426 
C 	 -55.80314430623487 	 -4.431564305177857 	 -31.128594186581104 
N 	 -57.49463599938417 	 -7.610044331045942 	 -25.816148533360785 
C 	 -56.49588219388083 	 -6.287319082029274 	 -29.156226226744945 
H 	 -57.99497224509231 	 -7.884488425421432 	 -23.16374989405601 
C 	 -56.68814366315206 	 -7.20482824109797 	 -28.12544972938321 
C 	 -55.23821032936432 	 -5.662189723674438 	 -31.20669639952023 
H 	 -55.71153107374115 	 -3.7101825942678213 	 -31.97724155719652 
C 	 -55.60627173817539 	 -6.615317905431332 	 -30.211379294357393 
C 	 -56.21706344320194 	 -8.526196409248342 	 -28.276335661991126 
C 	 -54.40376436278819 	 -6.027448306433211 	 -32.355447722018134 
N 	 -54.05028734963293 	 -5.248850759391942 	 -33.25521947352684 
C 	 -55.040626611546465 	 -7.947002334482338 	 -30.242055684785946 
C 	 -55.42462081478655 	 -8.9237558555127 	 -29.34104383229063 
C 	 -54.11478669358713 	 -8.221085443460954 	 -31.289814354305022 
N 	 -53.999919079651775 	 -7.337107595187898 	 -32.37181174524546 
H 	 -56.42116284186354 	 -9.350458172686128 	 -27.636466569003115 
C 	 -52.93458589454886 	 -7.956394051522763 	 -33.14846897075282 
C 	 -52.178199525804466 	 -7.456800220027124 	 -34.20480468364773 
N 	 -53.181314181020284 	 -9.21403568252163 	 -31.230840447115256 
C 	 -52.51030954455433 	 -8.992213520871742 	 -32.319010664626425 
H 	 -55.07145874128257 	 -9.984215105502876 	 -29.42193899790408 
N 	 -50.49448605601293 	 -6.2967176638504325 	 -36.72694939559601 
H 	 -52.452952160816466 	 -6.5143446931922515 	 -34.76985336924594 
C 	 -50.94108679873556 	 -8.158242875121498 	 -34.363309443126134 
C 	 -49.604053091256645 	 -6.872975368161573 	 -36.145734536467685 
C 	 -51.345423145915774 	 -9.708746825272781 	 -32.537756267404106 
C 	 -50.562551617294105 	 -9.319293817603475 	 -33.612972689452455 
N 	 -49.79020546296769 	 -7.8086044585249565 	 -35.16763241653592 
C 	 -47.865045094692455 	 -5.548671073758211 	 -37.24565858962822 
C 	 -48.192585824379776 	 -6.71276956122981 	 -36.52083746172347 
C 	 -48.86592666488587 	 -8.739461357142172 	 -34.72664389748716 
H 	 -48.687829334433616 	 -4.854883919472449 	 -37.60912428855244 
N 	 -49.27875018004107 	 -9.687717506569072 	 -33.82064253438464 
C 	 -46.52628441438569 	 -5.367531043783463 	 -37.575675414803854 
C 	 -47.16275687816051 	 -7.5665113744390196 	 -36.034502802546555 
H 	 -50.938725915704055 	 -10.439962663453747 	 -31.897854472103116 
C 	 -47.49356951486475 	 -8.589407688728251 	 -35.15297629021411 
C 	 -45.551303232016004 	 -6.224847375019773 	 -37.15273586037059 
C 	 -45.85151659741988 	 -7.301552331635366 	 -36.31779671738741 
C 	 -46.45122257672314 	 -9.279122854498047 	 -34.60108298648759 
H 	 -46.30838311849318 	 -4.433308336277774 	 -38.155705112409144 
C 	 -44.09761227908081 	 -5.878083889939797 	 -37.536327938854356 
C 	 -44.754362539186296 	 -7.986826500659891 	 -35.74664451055756 
N 	 -43.75445635216287 	 -4.887528829746211 	 -38.160590077468036 
C 	 -45.07504515741806 	 -8.958740192185948 	 -34.82374473068527 
H 	 -46.68143380296709 	 -9.981829510901889 	 -33.83636616616259 
C 	 -43.371593032681744 	 -7.599289842582696 	 -36.014779206495106 
N 	 -43.166346780132294 	 -6.650944556678524 	 -36.96169686310442 
C 	 -41.75068473334777 	 -6.502255219986479 	 -36.85081175484599 
N 	 -42.33821165278773 	 -7.931701668646959 	 -35.20058819072679 
C 	 -40.82797373278232 	 -5.692255265123623 	 -37.48909555318488 
H 	 -44.26920259427338 	 -9.469353837775676 	 -34.390374650075785 
C 	 -41.33717878448942 	 -7.329341371911874 	 -35.79051716640218 
H 	 -41.16468598441987 	 -5.036772133209164 	 -38.40059885712491 
C 	 -39.53076312576005 	 -5.759553675183872 	 -37.00066430132059 
C 	 -40.029133318809514 	 -7.34972804269821 	 -35.35701152008252 
C 	 -39.122753488663136 	 -6.626997268639766 	 -36.07604677558106 
H 	 -39.803366626564205 	 -7.985286639196472 	 -34.573011188031856 
N 	 -38.91697529508629 	 -3.8278837495193465 	 -39.13702319412015 
C 	 -38.01423141352929 	 -4.387077343277336 	 -38.58290367485669 
N 	 -38.315633282152916 	 -5.204402273804062 	 -37.56229263829914 
C 	 -37.383748054051594 	 -5.718652577601183 	 -36.663529380693966 
N 	 -37.85481745959372 	 -6.553028816700729 	 -35.6774763401948 
C 	 -36.573214540263855 	 -4.071783205376335 	 -38.7694759585075 
C 	 -36.06089406764451 	 -3.3480638309321225 	 -39.89435953198905 
C 	 -36.0279538447461 	 -5.238687548763046 	 -36.66656842036763 
C 	 -35.65052837734775 	 -4.383604446436706 	 -37.715812322747354 
C 	 -34.749833127412884 	 -2.959537344888124 	 -39.96386396057163 
C 	 -35.09378578879556 	 -5.715455757625903 	 -35.764967320627726 
H 	 -36.76314993303414 	 -3.1380798440989435 	 -40.69651137883261 
C 	 -34.34341910257748 	 -3.992561671277739 	 -37.77926762294159 
C 	 -33.89339261409173 	 -3.212745464950818 	 -38.85667357852363 
C 	 -33.79025722871996 	 -5.175268136091201 	 -35.696357922739935 
C 	 -33.43002173131288 	 -4.363865145930884 	 -36.772652084908486 
C 	 -32.51985713386317 	 -2.697287201277182 	 -38.95286955133682 
H 	 -34.36871503281068 	 -2.3451534020562432 	 -40.788702423233566 
N 	 -32.19656484614738 	 -1.8685036975073033 	 -39.79300536937706 
H 	 -35.376183358515114 	 -6.467628134112653 	 -35.05402633843615 
C 	 -32.04233746970843 	 -4.021598274046935 	 -37.00306782454393 
N 	 -31.74568921106499 	 -3.1133190446704395 	 -38.0103727016343 
C 	 -30.37174226384065 	 -2.7962191593480448 	 -37.65486934113897 
N 	 -31.075415699799965 	 -4.298442572246744 	 -36.09962245434509 
C 	 -29.488371833400613 	 -1.960297303094464 	 -38.27184040137615 
C 	 -30.07713244742875 	 -3.5389494901278225 	 -36.58539329050926 
H 	 -33.186805149028 	 -5.362370977359894 	 -34.84293889206883 
C 	 -28.260122230260208 	 -1.8686583220462605 	 -37.6376302893272 
N 	 -27.57249463992874 	 0.04979810601554676 	 -39.772940523320585 
C 	 -28.863982631916606 	 -3.4477771635822663 	 -35.9617664814894 
C 	 -26.782350529876027 	 -0.1366939375632808 	 -38.88606233951174 
C 	 -27.93032738102419 	 -2.589874966694819 	 -36.52230541446423 
H 	 -29.839642170882605 	 -1.2730202695869322 	 -39.03843635904076 
N 	 -27.159135096981984 	 -1.0075996935560283 	 -37.86604874141057 
C 	 -25.214813109112313 	 1.6051297608158965 	 -39.532045719152165 
C 	 -25.539633781238937 	 0.5930802367734201 	 -38.68456921948762 
C 	 -26.288695376043805 	 -1.352208559725444 	 -36.82829186820868 
N 	 -26.734019364528727 	 -2.287972949298258 	 -35.96024213162208 
C 	 -24.00329219819334 	 2.2483245748589042 	 -39.463272999020816 
C 	 -24.60928025941924 	 0.29686885861270856 	 -37.626331619238336 
C 	 -24.984570602198907 	 -0.6924134970166805 	 -36.711871666729444 
H 	 -25.878369599363484 	 1.9574510152167415 	 -40.298291831073435 
H 	 -28.75428601466155 	 -4.024726615017383 	 -35.04710320982012 
C 	 -23.090045913816564 	 1.9602404085342373 	 -38.41440864047744 
C 	 -23.44194678740537 	 1.007831493308763 	 -37.46457836275519 
C 	 -24.153287381368582 	 -0.9371492945927756 	 -35.58171792317492 
C 	 -21.839750279509055 	 2.728522952366077 	 -38.20314728461029 
C 	 -22.59687002763065 	 0.6934508783994893 	 -36.34869358266745 
N 	 -21.39643918085509 	 3.4984493247406263 	 -39.058050457442114 
C 	 -22.939378013668517 	 -0.2672858166406632 	 -35.414753680525635 
H 	 -23.83257783801505 	 3.044364246035536 	 -40.09471490965183 
C 	 -21.406578402561493 	 1.4819702642040977 	 -36.12639186710768 
N 	 -21.137796555948245 	 2.4745361468254097 	 -37.01747458391184 
C 	 -19.91596009828165 	 3.024766168894634 	 -36.446513535293946 
C 	 -18.987137562611228 	 3.9136112645793775 	 -36.91315955519435 
H 	 -24.437317211967745 	 -1.6617810521499794 	 -34.8221966884391 
N 	 -20.587710215744604 	 1.3368360502083945 	 -35.03178667806573 
C 	 -19.68861699082889 	 2.3188792391233695 	 -35.24704266739401 
C 	 -17.9262591746529 	 4.229202274703064 	 -36.08158159998203 
N 	 -17.10120096618556 	 5.7906804399011556 	 -38.30367245109755 
C 	 -18.626987206722564 	 2.6421194173832183 	 -34.428026411506025 
C 	 -16.477054017838594 	 5.810513098536922 	 -37.25057452785874 
H 	 -22.371830662177516 	 -0.571856608824772 	 -34.54503388990931 
C 	 -17.770333291099952 	 3.6321843155311213 	 -34.85801792675559 
H 	 -18.98634314664611 	 4.265207139348913 	 -37.91845516714567 
N 	 -16.89980832737554 	 5.114813272312459 	 -36.18168345257137 
C 	 -14.604151434006425 	 7.2454881319621585 	 -38.17160734140557 
C 	 -15.155649128467154 	 6.5197314855044235 	 -37.13410888357404 
C 	 -16.21526504559127 	 4.873401135113301 	 -35.100074159121355 
N 	 -16.715578584089073 	 4.057806261836397 	 -34.1836683393619 
C 	 -13.44227237372734 	 7.915493701570669 	 -37.960007492103905 
C 	 -14.44315319341762 	 6.334146711304038 	 -35.94862694434176 
C 	 -14.943779493387506 	 5.474524809884162 	 -34.95633717479678 
H 	 -15.135487976545646 	 7.2297472144413275 	 -39.13892801433992 
C 	 -12.693088763624406 	 7.8247105827998436 	 -36.790224773060686 
H 	 -18.310434394579975 	 2.136662415838726 	 -33.536943598117865 
C 	 -13.236521475480975 	 7.039255553713505 	 -35.75276225934206 
C 	 -14.262351957752893 	 5.463385573647504 	 -33.75432194113567 
C 	 -11.398838419901113 	 8.51958173568473 	 -36.625208628132725 
C 	 -12.561649395306397 	 7.003195856957267 	 -34.51840681670349 
C 	 -13.0834234027167 	 6.103388609966637 	 -33.54213581079143 
H 	 -13.19076703803555 	 8.491082083904658 	 -38.835854323651354 
N 	 -10.924898701908276 	 9.325991488274402 	 -37.41822509586374 
C 	 -11.330564252566235 	 7.668884861457577 	 -34.34209592782131 
N 	 -10.732007691001323 	 8.262015071052394 	 -35.481634028605946 
H 	 -14.686846448587897 	 4.908802022070613 	 -32.85610741544232 
C 	 -9.55207599536321 	 8.889773530079085 	 -34.93225707758065 
N 	 -10.592825034137846 	 7.699106799528834 	 -33.22099698661583 
C 	 -8.554211837825818 	 9.705351812131143 	 -35.44431399571602 
C 	 -9.548479455139935 	 8.444855933476067 	 -33.64140291747384 
H 	 -12.562238175528028 	 5.909818536115873 	 -32.59248699156009 
C 	 -8.519390552999626 	 8.745394415532141 	 -32.76366842065762 
C 	 -7.51840628058466 	 10.003002442485037 	 -34.564404299316095 
N 	 -6.087434552031567 	 10.795427000010761 	 -37.035871639993715 
H 	 -8.466962492538972 	 10.086021698213408 	 -36.48081582206394 
C 	 -7.548759063946219 	 9.546033162903097 	 -33.21270287824082 
C 	 -5.633714899657249 	 11.024708709148612 	 -35.9056762170195 
N 	 -6.270029612704189 	 10.660413797842615 	 -34.79269854291545 
C 	 -5.859003763399812 	 10.756555779625431 	 -33.46778307000108 
N 	 -6.614074456876409 	 10.14709299305983 	 -32.52468300659036 
C 	 -4.357656034332259 	 11.727227862416505 	 -35.63947290271034 
H 	 -8.484613920497402 	 8.378847315119616 	 -31.814729428956525 
C 	 -3.6536770375718968 	 12.274802143149369 	 -36.680149469461725 
C 	 -4.597990427076033 	 11.442633464680746 	 -33.23350278434874 
C 	 -3.916950967485039 	 11.878711259480193 	 -34.33100443173943 
H 	 -4.054547223863106 	 12.064538376166283 	 -37.69153975065664 
C 	 -2.4662087675856257 	 12.971671107952055 	 -36.43931761430161 
C 	 -4.0761768681213475 	 11.559896238727456 	 -31.95810087261114 
C 	 -2.7346575199357943 	 12.633782509101033 	 -34.09581390240227 
C 	 -2.0084179686363677 	 13.157115997277284 	 -35.17183105880383 
C 	 -2.883859661411559 	 12.262237515326028 	 -31.791587358677532 
C 	 -2.1986162603538113 	 12.767087737771433 	 -32.85199025559171 
H 	 -4.56858088891004 	 11.186760694583754 	 -31.099275575858023 
H 	 -1.922508735417879 	 13.265751848843996 	 -37.33208517359065 
C 	 -0.560568463079455 	 13.63582610198005 	 -34.936727561955024 
N 	 0.22119494372471757 	 13.871304396158484 	 -35.85887954373833 
C 	 -0.9641769892066737 	 13.511872875909617 	 -32.64619220692074 
N 	 -0.20086935303421685 	 13.830233581175545 	 -33.674129399677646 
H 	 -2.479989640190598 	 12.260579578661691 	 -30.80201974039044 
N 	 -0.48410965263297273 	 13.807445998240846 	 -31.43444614670481 
C 	 0.906845006317258 	 14.552315466926265 	 -33.049140680154174 
C 	 0.6318955808025409 	 14.497165849600636 	 -31.71507562040211 
C 	 1.9772068243908858 	 15.293126246175218 	 -33.47479879581901 
C 	 1.4357563539200928 	 15.104841709598178 	 -30.770745348362727 
H 	 2.325807151485484 	 15.295925913083238 	 -34.49994183240137 
C 	 2.799267213657961 	 15.971174025497236 	 -32.55106916782324 
C 	 2.5334193584245064 	 15.899602367520648 	 -31.20626352292089 
H 	 1.3164381971741437 	 14.918556770500096 	 -29.711104937676602 
H 	 3.599388487403541 	 16.61333217657329 	 -32.88182888590011 
H 	 3.0545804376986294 	 16.547835243954236 	 -30.52191039955585 
C 	 21.668908039610173 	 19.103206557021693 	 24.694841886173084 
C 	 21.09395638708388 	 18.200776833596564 	 25.59664821366996 
C 	 22.911028851721145 	 19.64028454331015 	 24.952847503945353 
C 	 23.501642381143487 	 19.22688731078424 	 26.164319063837574 
C 	 22.887328606189598 	 18.36355219245082 	 27.06545433315472 
C 	 21.686131751233336 	 17.783167827641854 	 26.757899594247004 
N 	 24.749598756564158 	 19.555274953042765 	 26.828153021291243 
N 	 23.516956727501135 	 18.147044056409335 	 28.15666738033176 
C 	 24.679348510319848 	 18.822189481277622 	 27.988242381758926 
C 	 25.860460230820877 	 18.806242455929162 	 28.85088605732596 
C 	 25.872497206634925 	 20.189939011741398 	 26.37179126733555 
N 	 25.98415837618761 	 20.66950154508594 	 25.25106104741576 
C 	 27.06543967842409 	 20.251334858403148 	 27.317679953112222 
C 	 26.99206295050879 	 19.581794774900136 	 28.545959263978858 
C 	 28.026535661993844 	 19.738499052917483 	 29.470709901447172 
C 	 28.201543957526003 	 20.933467670636304 	 26.905137683670905 
C 	 29.317054525561453 	 21.01777528520831 	 27.76816323692241 
C 	 29.16051599212298 	 20.462416098421567 	 29.06637087702392 
C 	 25.785204394871258 	 18.138385959781285 	 30.058693514107887 
C 	 26.889892342259802 	 18.186760261682394 	 30.95085883919552 
C 	 27.990680415237485 	 18.99160745086392 	 30.679919675950742 
C 	 30.330523219611997 	 20.565634255502673 	 30.00113713162979 
C 	 29.120557998466747 	 19.096198170493217 	 31.58949548548992 
N 	 30.21085226971226 	 19.890325720215714 	 31.142407598436332 
N 	 31.355464110096396 	 21.14009946648521 	 29.67524274008861 
N 	 29.110006981244393 	 18.543051683819996 	 32.84711807067675 
H 	 23.50096180214824 	 20.181904806795284 	 24.309611988512966 
H 	 21.272013601616788 	 16.987866850584606 	 27.37090846089014 
H 	 28.417604222274573 	 21.318044160234933 	 25.910514971766894 
H 	 30.228874046661453 	 21.5735606256713 	 27.49999302617596 
H 	 24.938548566042904 	 17.53464840286926 	 30.362897000548518 
H 	 26.98379936174007 	 17.610897635777874 	 31.839984385542564 
C 	 31.064729655998878 	 19.703017643811265 	 32.218627088429926 
C 	 30.397690916407075 	 18.952065968560397 	 33.2535333769712 
C 	 32.41645245190338 	 20.09717513324617 	 32.26416043705616 
C 	 33.07453435124198 	 19.609871258339428 	 33.435560639320634 
C 	 32.470910207527304 	 18.801616644116745 	 34.4262450704479 
C 	 31.13741861667505 	 18.466547598594136 	 34.344683700793276 
N 	 34.44092015662826 	 19.739952513619997 	 33.81306761165656 
N 	 33.40623648781362 	 18.40032767673536 	 35.31971301427988 
C 	 34.55318129964086 	 18.871457757769043 	 34.83064742726989 
C 	 35.903732489086394 	 18.66528024521555 	 35.400761684146 
C 	 35.38226379997644 	 20.599921095231235 	 33.37035445071601 
N 	 35.258185957697364 	 21.447768170467974 	 32.530739780617346 
C 	 36.712356250379464 	 20.44485396559889 	 34.03443458405104 
C 	 36.92310134021489 	 19.40436900706314 	 34.921224028894756 
C 	 38.21589378782838 	 19.04922585759575 	 35.33498517080396 
C 	 37.822324855064316 	 21.251560840534978 	 33.66569620074983 
C 	 39.091097604332624 	 20.924911080086595 	 34.019189510615206 
C 	 39.29009998213773 	 19.845240664329083 	 34.89653279151184 
C 	 36.105430142567585 	 17.603002548765378 	 36.26064774426217 
C 	 37.37116370188138 	 17.0983227681623 	 36.49836764522084 
C 	 38.461991942086925 	 17.87917000972038 	 36.111730298636175 
C 	 40.683570252875384 	 19.44854847007047 	 35.28578997643155 
C 	 39.80423246087762 	 17.578452885837212 	 36.539477706698186 
N 	 40.81354150126809 	 18.41027145218349 	 36.13429600719469 
N 	 41.667112558864424 	 20.13248125652228 	 34.99060726732482 
N 	 40.31722909273271 	 16.483410807795078 	 36.997210971227055 
H 	 32.98201571578712 	 20.733325415466595 	 31.501302293390843 
H 	 30.663947708277476 	 17.73740035099008 	 34.9180538801288 
H 	 37.583033195711785 	 22.153806111426768 	 33.09530917448274 
H 	 39.81270103703184 	 21.60743374191819 	 33.66769835896456 
H 	 35.24648375952764 	 17.07990768878524 	 36.675103733716874 
H 	 37.55637094027351 	 16.24326728495602 	 37.124762435892336 
C 	 11.37887454753738 	 19.70455835586878 	 18.442601120231174 
C 	 12.744766712959807 	 19.86349838986395 	 18.457845097421753 
C 	 10.725020587402023 	 18.983972353806752 	 19.399848890636427 
C 	 13.486596936153767 	 19.217289711778548 	 19.484473801000732 
C 	 11.438234217936076 	 18.339907055193983 	 20.473428762819022 
C 	 12.836413514975789 	 18.52579721715836 	 20.470150337118923 
C 	 15.877107359269697 	 19.894986147165156 	 19.19527081339128 
N 	 15.854499206178499 	 20.452835459931855 	 18.067568650617936 
C 	 18.200359422457566 	 20.715092438213592 	 19.666608381916454 
C 	 17.129358932385816 	 19.930499245385054 	 20.073433310554265 
C 	 14.888355012736437 	 18.567921436032055 	 20.953244724955773 
N 	 14.852810994054867 	 19.201225959483455 	 19.750864594256775 
C 	 19.380619918301864 	 20.654394584244578 	 20.429839908494305 
C 	 17.218654143478897 	 19.128906010818355 	 21.28509856905608 
C 	 16.131185974449036 	 18.318745161895162 	 21.63699003613759 
N 	 13.677366171112602 	 18.172410540927935 	 21.46960513368392 
C 	 19.474311597687034 	 19.909013822048173 	 21.595033609338653 
C 	 18.408159724708792 	 19.15970237029659 	 22.04246235184838 
C 	 16.170505369124392 	 17.686238117035973 	 22.89066914673813 
C 	 20.757747746957147 	 19.951204515858574 	 22.429393686380585 
C 	 18.436570579751912 	 18.391621499903685 	 23.242416850003085 
H 	 13.17791699527058 	 20.382530836580507 	 17.70050329951276 
C 	 17.265605364831178 	 17.781719090184804 	 23.715934494485463 
C 	 19.700506388296976 	 18.484989118173576 	 23.984802582122413 
N 	 21.653934810971247 	 20.680373843013612 	 22.03839701991229 
N 	 20.736640920163257 	 19.334098709692483 	 23.592478745576674 
H 	 10.899114660849346 	 17.89738582031997 	 21.302020176766362 
H 	 18.125270116813386 	 21.277723151447347 	 18.766458544896857 
N 	 19.85345656254828 	 17.781495574516786 	 25.182741190713156 
H 	 20.244944803403815 	 21.20329649039767 	 20.198264096595473 
H 	 15.256293319515795 	 17.181950468401887 	 23.264013688275895 
H 	 17.324615569535357 	 17.279143960513984 	 24.693205696645244 
H 	 41.75196851759418 	 18.21052974230072 	 36.4533538399697 
H 	 39.9703356007077 	 16.262116325506096 	 37.94857883781197 
N 	 11.404469240497773 	 21.726978660098904 	 16.20904079059341 
C 	 10.32640557737227 	 21.20890591184274 	 16.673461872054425 
N 	 10.357976998073767 	 20.212327015873242 	 17.615225310882856 
C 	 8.781127864272019 	 22.651830835116733 	 15.254926358834094 
C 	 8.923477224134729 	 21.593671530248077 	 16.13302193584186 
H 	 9.603127323507508 	 23.251785399797598 	 14.951271716824955 
C 	 9.217036457405694 	 19.653793338390486 	 18.130817940813298 
N 	 9.413453816842235 	 19.019515276156316 	 19.310746787457767 
C 	 7.552359677376254 	 23.16753617439484 	 14.955599357311451 
C 	 7.750721777104602 	 21.004152778863123 	 16.664222643732938 
C 	 7.929917609179188 	 19.95380909216857 	 17.554511705014427 
H 	 7.40535972646644 	 23.932975492093956 	 14.232899344151038 
C 	 6.384361718443732 	 22.516504438651175 	 15.379529949063018 
C 	 6.49548139815704 	 21.42594704102432 	 16.206168971840587 
C 	 6.804213785913852 	 19.185531635136606 	 17.93565451891968 
C 	 5.039287544634445 	 23.086379335137444 	 15.056114266750386 
N 	 4.921859538306915 	 24.051776257915567 	 14.386081503628949 
C 	 5.3723221267545895 	 20.765104514707776 	 16.697806528843675 
C 	 5.565626419080138 	 19.629153242898543 	 17.52163464841188 
H 	 6.9172510948261 	 18.336639526783916 	 18.575486162553105 
C 	 4.0516267549481215 	 21.300448637825937 	 16.309091326054006 
N 	 4.037959792241208 	 22.507276968633445 	 15.61870920756346 
C 	 2.6627074549353913 	 22.825192016343102 	 15.70025253667352 
C 	 1.9485913716240515 	 23.871506024233287 	 15.205366055556327 
N 	 2.925769396451653 	 20.774326483695077 	 16.81217462776239 
H 	 4.743704122960109 	 18.999317840778286 	 17.850619488043936 
C 	 2.047205108671834 	 21.782255051045922 	 16.401982444479035 
H 	 2.4795514416969864 	 24.734042774088117 	 14.749178418701455 
N 	 0.6444483056842499 	 26.51044315404339 	 14.326940886017203 
C 	 0.6167819602607919 	 23.889924173154853 	 15.526080881572835 
C 	 -0.3436700070186158 	 25.98050082403717 	 14.671053070721067 
C 	 0.727951584383546 	 21.795283092226686 	 16.707860841416707 
C 	 0.03505853001165693 	 22.871295684252296 	 16.26039418208321 
N 	 -0.42172109565404176 	 24.74593777516473 	 15.078695951053469 
C 	 -1.6821755655611317 	 28.082240641332824 	 14.188676204991948 
C 	 -1.588235921085799 	 26.80978066564969 	 14.695075625786355 
H 	 -0.8538616334384926 	 28.488723418526117 	 13.674942656698144 
C 	 -1.4809497116072585 	 24.23669964151447 	 15.704673679959841 
C 	 -2.8672360467737326 	 28.854025874867116 	 14.23087052301362 
N 	 -1.3324800825828904 	 22.962999485256123 	 16.23990886137747 
C 	 -2.7610315529289906 	 26.326315747494835 	 15.362946812230321 
H 	 0.2788913942983633 	 20.969233104804147 	 17.165980853891508 
C 	 -2.6654363584040586 	 25.024583045248146 	 15.904843973763098 
C 	 -4.000657827512076 	 28.35191515830686 	 14.839963544543584 
H 	 -2.7958342323669765 	 29.824696882019772 	 13.778471014807126 
C 	 -3.896977878928014 	 27.04996863126394 	 15.444277075818203 
C 	 -3.761046252610247 	 24.461724394186167 	 16.57634855298365 
C 	 -5.263113415734314 	 29.108833146181638 	 15.057842074776888 
N 	 -5.4656018516517895 	 30.34378638177961 	 14.835062463587164 
C 	 -5.035939347139624 	 26.46471709770255 	 16.055809078778253 
C 	 -4.943923434088041 	 25.150092618982406 	 16.593119708040884 
C 	 -6.277502021890988 	 27.18810156740886 	 16.101068725850006 
N 	 -6.250311061416309 	 28.462338230958615 	 15.635811516213831 
H 	 -3.673594028096749 	 23.450133842606817 	 17.04581886096169 
C 	 -7.584982010481905 	 28.898042168814555 	 15.92602215286855 
C 	 -8.242168857694324 	 30.113436761947323 	 15.717979364072876 
N 	 -7.390277280156125 	 26.780284794372456 	 16.699562437093135 
C 	 -8.194388117977855 	 27.84743868536366 	 16.581738822397735 
H 	 -5.860381404716453 	 24.636033105097415 	 16.983327269427214 
N 	 -9.69388121075026 	 32.969859667951056 	 15.132969729824513 
H 	 -7.789088975445947 	 30.946243021683664 	 15.122114872257479 
C 	 -9.572971099525352 	 30.206782811989108 	 16.274708809567464 
C 	 -10.65080670068852 	 32.43041047428535 	 15.715034741217677 
C 	 -9.47922687070316 	 27.92199159160777 	 17.020476158752114 
C 	 -10.155795734926253 	 29.118819917785498 	 16.898728255156087 
N 	 -10.536462602595615 	 31.23928536180589 	 16.296639592704825 
C 	 -12.162941542503818 	 34.33230814935578 	 15.186182651891716 
C 	 -11.973957578006834 	 33.12483868869291 	 15.890177028265859 
C 	 -11.599234907747984 	 30.622993776202865 	 17.02641937001873 
H 	 -11.394817271993041 	 34.7131476308162 	 14.526298743985892 
N 	 -11.37487735584211 	 29.299764325790058 	 17.390223284434864 
C 	 -13.388957591427454 	 35.004999718633556 	 15.343836613939821 
C 	 -13.008410040597573 	 32.57076223404436 	 16.684805339588426 
H 	 -9.95730706182724 	 27.12526115176973 	 17.550100922647754 
C 	 -12.828513276015103 	 31.318417649799056 	 17.266219688321772 
C 	 -14.367939623907242 	 34.508238090742644 	 16.21840074934722 
C 	 -14.242849623188334 	 33.28520288028334 	 16.808886361855265 
C 	 -13.930253315755408 	 30.778669024201534 	 18.005548910765675 
H 	 -13.544570872620888 	 35.98595792294942 	 14.983375277839215 
C 	 -15.6967974626445 	 35.25048343508385 	 16.36697417729742 
C 	 -15.29052731618601 	 32.74177215040342 	 17.596433935798498 
N 	 -15.948541677076387 	 36.389856966702816 	 15.956892682220476 
C 	 -15.150321629043441 	 31.49813655266274 	 18.14750633129206 
H 	 -13.673209396021571 	 29.861664553247795 	 18.639372533852505 
C 	 -16.42777129038659 	 33.51747302567066 	 17.893009588893516 
N 	 -16.548615684530468 	 34.635904944993655 	 17.214004815867114 
C 	 -17.77965747156492 	 34.99700535515069 	 17.691812803270366 
N 	 -17.34669844510857 	 33.21471565410941 	 18.83668037200318 
C 	 -18.56335173713252 	 36.055870824968984 	 17.340619549583508 
H 	 -15.92504263535323 	 31.106127095389017 	 18.804718552573863 
C 	 -18.230711168494317 	 34.070318319864604 	 18.61840472635366 
H 	 -18.34956344404109 	 36.804099784299794 	 16.520906823995166 
C 	 -19.733974262851092 	 36.172388575915356 	 18.052393886824014 
C 	 -19.41587883214222 	 34.112658870105655 	 19.312372620030818 
C 	 -20.141153786733426 	 35.259137495569064 	 19.017894519259578 
H 	 -19.704922535473838 	 33.365209831050336 	 20.095826775220868 
N 	 -19.776351308398088 	 38.69378828052505 	 16.47054114719696 
C 	 -20.66561971402962 	 38.38331562130394 	 17.245159620937955 
N 	 -20.682795810510587 	 37.22855044956539 	 17.95058190282781 
C 	 -21.54729084097446 	 36.78055543588863 	 18.926826922992674 
N 	 -21.19860952553294 	 35.65044606714691 	 19.638179778013455 
C 	 -21.77230657453803 	 39.3058459978017 	 17.65823626560703 
C 	 -21.793552070689202 	 40.53988353316374 	 17.048924907722743 
C 	 -22.662354164207716 	 37.60861344602909 	 19.299749768904817 
C 	 -22.73198687102659 	 38.839036361003174 	 18.628756964913578 
C 	 -22.78931749720435 	 41.39886293768182 	 17.463592453530925 
C 	 -23.601074443234438 	 37.26913708391193 	 20.367693460917724 
H 	 -21.07558239261175 	 40.78081952152427 	 16.25606805056527 
C 	 -23.77408835607605 	 39.71970902932859 	 18.949343527649763 
C 	 -23.825736266371614 	 41.01249922642841 	 18.35888171485612 
C 	 -24.65963218106177 	 38.114881981689216 	 20.62536458273438 
C 	 -24.777696831216858 	 39.323035737297786 	 19.89358136002959 
C 	 -25.009224925967523 	 41.90198560858972 	 18.57670358596923 
H 	 -23.046218115250436 	 42.30069980186714 	 16.85666464657033 
N 	 -25.048097514143993 	 43.0505884861693 	 18.19390063103829 
H 	 -23.554848959154384 	 36.242500598762554 	 20.930711460705982 
C 	 -25.92392336326651 	 40.198232951187805 	 20.114707117087377 
N 	 -25.93604113007435 	 41.429399463693514 	 19.441794252220934 
C 	 -27.099887415145137 	 41.98559832517218 	 19.998934650253464 
N 	 -26.884443025817674 	 39.96737035771069 	 21.038509645059936 
C 	 -27.749190131611627 	 43.16745444059538 	 19.71708542708051 
C 	 -27.58221062102923 	 41.11175564883352 	 20.955173194443606 
H 	 -25.389614762649508 	 37.8403947730821 	 21.284390728697954 
C 	 -28.961982314143853 	 43.39037971451796 	 20.436607359001417 
N 	 -28.900272414116436 	 45.986850345491845 	 19.085226036167 
C 	 -28.705172745462946 	 41.35641742574259 	 21.736098555108526 
C 	 -29.798623151301996 	 45.62363849634133 	 19.801215958851433 
C 	 -29.398304505974092 	 42.54057983982307 	 21.476499566316637 
H 	 -27.337833059345193 	 43.958395179602974 	 18.99732025804403 
N 	 -29.900435042295932 	 44.39483163823343 	 20.36372550574611 
C 	 -31.150679722382673 	 47.674018762639434 	 19.286206213803876 
C 	 -30.984271842418696 	 46.49520478531944 	 20.02222193921678 
C 	 -30.740324072745814 	 44.0881784577192 	 21.429213996009263 
N 	 -30.4691585434769 	 42.96561733105068 	 22.104366945160006 
C 	 -32.36184749043792 	 48.44119900673433 	 19.36802575161025 
C 	 -32.01278698722007 	 46.15499456923822 	 20.930213862351028 
C 	 -31.899697727663625 	 44.99328989733619 	 21.675546023805545 
H 	 -30.386346028346875 	 48.00017236829648 	 18.540893479818546 
H 	 -29.041421265596476 	 40.70113993035243 	 22.51021285170123 
C 	 -33.29471011052151 	 48.09129921857895 	 20.323036743270535 
C 	 -33.178747249386234 	 46.90761375400342 	 21.07695760600783 
C 	 -32.81216099760508 	 44.748108530178875 	 22.75042270877516 
C 	 -34.57944375374508 	 48.91015752951168 	 20.299592424929873 
C 	 -34.16567381148388 	 46.69603154489031 	 22.082343318154052 
N 	 -34.805826395233886 	 49.654919123260356 	 19.376966954060677 
C 	 -33.8832558767112 	 45.60857562361171 	 22.906539653810473 
H 	 -32.47709212834144 	 49.31543742640933 	 18.81382418443073 
C 	 -35.21284664583141 	 47.64602176265401 	 22.294373665767868 
N 	 -35.39459567623426 	 48.62861129885207 	 21.36165818318329 
C 	 -36.46034498426537 	 49.29519624698964 	 21.856342368918313 
C 	 -37.155366934782364 	 50.34045669400534 	 21.24865097831853 
H 	 -32.68830509935965 	 43.968354392339734 	 23.507412025670288 
N 	 -35.947699298677044 	 47.84303840325908 	 23.427789306098074 
C 	 -36.761242917664795 	 48.79477413134492 	 23.086766648984128 
C 	 -38.20881253915233 	 50.83875527700897 	 22.045316338226872 
N 	 -38.563422162468655 	 52.5487496177027 	 19.6570575164418 
C 	 -37.84199182819992 	 49.23206847892684 	 23.790124475055123 
C 	 -39.2105797033436 	 52.688083311622115 	 20.682314383325064 
H 	 -34.5438300491512 	 45.45408541103755 	 23.802366901798653 
C 	 -38.52884806589368 	 50.31385454868537 	 23.29656868722304 
H 	 -36.97790156775894 	 50.610287640931205 	 20.206014689613987 
N 	 -39.10304357691719 	 51.83508203802754 	 21.71675586324076 
C 	 -40.42768785144791 	 54.72222936736981 	 19.823337985734835 
C 	 -40.29219825274688 	 53.757352206705875 	 20.84189483192963 
C 	 -39.83547494209165 	 51.92392034882057 	 22.91756867142815 
N 	 -39.575283184196465 	 51.01549924299323 	 23.851816392393086 
C 	 -41.303842040727496 	 55.74774299509349 	 19.95503608271927 
C 	 -41.08728115149732 	 53.86461098493967 	 21.99789823306038 
C 	 -40.899668782049815 	 52.9491687215236 	 23.039032307332022 
H 	 -39.78837275207541 	 54.59966313591201 	 18.914434666906768 
C 	 -42.15617910435254 	 55.85619587941976 	 21.098407099896935 
H 	 -38.03422156723764 	 48.76275046756233 	 24.75550787127506 
C 	 -42.06466612480767 	 54.89319491138763 	 22.109847451890435 
C 	 -41.82743702769942 	 52.99792682235291 	 24.099177029313967 
C 	 -43.108972488346254 	 57.00737566713218 	 21.167239998962646 
C 	 -42.915807182146764 	 54.96620953121017 	 23.204189623516875 
C 	 -42.89889883934249 	 53.93683313024883 	 24.156524262148128 
H 	 -41.41159476754197 	 56.48305436398654 	 19.162437818736763 
N 	 -43.12023220942496 	 57.86376469568335 	 20.317377911548693 
C 	 -43.82802266622125 	 56.1314135972801 	 23.358694222711698 
N 	 -43.77993933402764 	 57.063715281957236 	 22.33162980312325 
H 	 -41.77956724449917 	 52.243999591749514 	 24.90677007923179 
C 	 -44.66369251474654 	 58.009133066312074 	 22.738898679791134 
N 	 -44.613990897540354 	 56.480937659345905 	 24.386410080755393 
C 	 -45.10904627324787 	 59.08969710736283 	 22.08317523028079 
C 	 -45.17525631244077 	 57.62065656130855 	 23.921451458229328 
H 	 -43.64548199561424 	 53.870515489246955 	 24.96897484647578 
C 	 -46.03879621962028 	 58.38887617365186 	 24.667677463712064 
C 	 -45.92663167847665 	 59.92071258934688 	 22.8361524146879 
N 	 -45.88936287492714 	 -61.3594640709732 	 20.376925301439925 
H 	 -44.65753369789707 	 59.29966585262452 	 21.126611952286773 
C 	 -46.327572179196 	 59.57313292335989 	 24.061672837285887 
C 	 -46.41224628831028 	 -60.98633702940099 	 21.38727731629176 
N 	 -46.474257825258995 	 61.199491927830884 	 22.52375625223285 
C 	 -47.02084701873213 	 -61.40961804170454 	 23.709079668057942 
N 	 -47.098229740041475 	 60.4936466430702 	 24.620326599504647 
C 	 -47.11851530272805 	 -59.619965460750166 	 21.49418328670986 
H 	 -46.31027205274703 	 58.04475707190057 	 25.635024391194605 
C 	 -46.98785284317815 	 -58.72077002750311 	 20.442142881757523 
C 	 -47.668951741621015 	 -60.12250699777799 	 23.84767241308857 
C 	 -47.68780844430819 	 -59.25124007856018 	 22.718064371369906 
H 	 -46.521928715444304 	 -59.01738418581918 	 19.526279264991537 
C 	 -47.62551146398459 	 -57.481942907255814 	 20.528814744799686 
C 	 -48.3360672383361 	 -59.730687430021895 	 24.981843895699907 
C 	 -48.29782656017879 	 -58.014093982499084 	 22.79127757638792 
C 	 -48.325700421343235 	 -57.125370106999 	 21.68497930485797 
C 	 -48.923156068783946 	 -58.46155293990733 	 25.081573458277774 
C 	 -48.88818206524994 	 -57.62921812522773 	 23.955248751738353 
H 	 -48.43695163955436 	 -60.34658691408902 	 25.88113181636988 
H 	 -47.52932926451299 	 -56.86034498264756 	 19.65704605947938 
C 	 -48.9252237989486 	 -55.732467718756624 	 21.783628436611167 
N 	 -48.92896662431377 	 -54.932449723373665 	 20.87950039043918 
C 	 -49.49872450395973 	 -56.30091671577009 	 24.107865949363696 
N 	 -49.47105268249493 	 -55.455079214080016 	 23.01295147946647 
H 	 -49.41282118641393 	 -58.122784479488914 	 25.995570762408 
N 	 -49.924081467751265 	 -55.78210256828644 	 25.285376745737715 
C 	 -49.86001085623794 	 -54.26178291541824 	 23.537050669557253 
C 	 -50.1280863924449 	 -54.539487857775384 	 24.87466035685667 
C 	 -49.963598337748856 	 -52.961383327891696 	 22.962977605597985 
C 	 -50.4987274567668 	 -53.507388944461994 	 25.713039955926497 
H 	 -49.72788542568856 	 -52.81940627538735 	 21.94352856052049 
C 	 -50.3722251978031 	 -51.93362220746509 	 23.808157356996716 
C 	 -50.56631734451235 	 -52.23899780602513 	 25.175884007890485 
H 	 -50.718671630047865 	 -53.657883679041255 	 26.774539477309137 
H 	 -50.412367190321135 	 -50.91714830081753 	 23.472249791729375 
H 	 -50.766103471544234 	 -51.34732834444338 	 25.79991418832502 
