C 	 37.705269865518964 	 -12.29451009427389 	 6.21196781695958 
C 	 36.60060445181937 	 -11.693520285693108 	 6.779220357935299 
C 	 38.57847267731458 	 -12.999213338591826 	 6.995459365072719 
C 	 38.31769999383455 	 -12.939974154630141 	 8.358621667905142 
C 	 37.28942945537709 	 -12.279673861531101 	 8.911487734643575 
C 	 36.39331866125351 	 -11.624113461517087 	 8.130301698024715 
N 	 39.141181174903956 	 -13.354152600548794 	 9.391060485828346 
N 	 37.343258234411 	 -12.166565812301123 	 10.228222022640008 
C 	 38.49220986660227 	 -12.799040859410908 	 10.505546809969372 
C 	 39.2977684194773 	 -12.691000929265568 	 11.75589583687209 
C 	 40.42094612177243 	 -13.785960457664299 	 9.347474471302696 
N 	 41.01942619526811 	 -14.022473603746187 	 8.333472715996262 
C 	 41.14723372008387 	 -13.829306511347955 	 10.582029444451425 
C 	 40.56734425787393 	 -13.302139847382778 	 11.751986892151885 
C 	 41.33348595509056 	 -13.253530917409302 	 12.919205580183439 
C 	 42.467749482581496 	 -14.36282841217744 	 10.6177254278619 
C 	 43.21869000302695 	 -14.174041233078606 	 11.7689901638691 
C 	 42.652868294896685 	 -13.579155352485161 	 12.86994837021388 
C 	 38.734763585805105 	 -12.365773804457822 	 12.988104294816571 
C 	 39.44114599912128 	 -12.460434761199528 	 14.190047370704885 
C 	 40.79079691593937 	 -12.855377020240208 	 14.125302558707013 
C 	 43.535290123531965 	 -13.26568688088602 	 14.037443502082333 
C 	 41.61526679425214 	 -12.88776295115363 	 15.267498454186839 
N 	 42.95856846419837 	 -12.84621873257982 	 15.119566028004467 
N 	 44.710631396503885 	 -13.457980189958556 	 14.047430627832954 
N 	 41.093997917177255 	 -12.816153915190297 	 16.54105301637535 
H 	 39.38629215385038 	 -13.554118365774315 	 6.605186677295398 
H 	 35.513907678334604 	 -11.133612725464115 	 8.60301763170498 
H 	 42.881162359816706 	 -14.872088692813607 	 9.803137485797704 
H 	 44.28306258697409 	 -14.41595055301615 	 11.815919900672286 
H 	 37.72347745377523 	 -11.936057728024076 	 12.965545158944924 
H 	 38.91344298612462 	 -12.314951112717823 	 15.139997265126052 
C 	 43.448812406550175 	 -12.702070995370283 	 16.42581333088903 
C 	 42.253181531837356 	 -12.707292041190751 	 17.231724072803623 
C 	 44.733048150045185 	 -12.732720663790719 	 16.99163410018945 
C 	 44.786627238595955 	 -12.716089275065613 	 18.388470765392743 
C 	 43.66720812226142 	 -12.761487594225683 	 19.186325002808662 
C 	 42.41737169764912 	 -12.788448028067549 	 18.59852124465914 
N 	 45.91489156121088 	 -12.794787492905105 	 19.236652006024684 
N 	 43.906599494821855 	 -13.082023302265094 	 20.468252298665572 
C 	 45.26873189882506 	 -13.042506490100239 	 20.390874581393117 
C 	 46.14726404344947 	 -13.179293294792206 	 21.5120653927421 
C 	 47.15577638050721 	 -12.262210196607828 	 19.043875617025243 
N 	 47.55219301830122 	 -11.888912583656134 	 17.903963581705295 
C 	 47.873554093827835 	 -11.939678589002067 	 20.35420266423144 
C 	 47.36558889660374 	 -12.514652477815927 	 21.545487823118624 
C 	 48.123508876127495 	 -12.51160393815392 	 22.73397268357474 
C 	 49.13237014414125 	 -11.268741161043648 	 20.42799310754654 
C 	 49.82814304922164 	 -11.206028170446922 	 21.61378413537077 
C 	 49.299767227392394 	 -11.71530424360401 	 22.812946079234713 
C 	 45.805831238960984 	 -14.09308735937673 	 22.484748485239482 
C 	 46.59178269791992 	 -14.03134148313472 	 23.678146860655605 
C 	 47.704234870023804 	 -13.208271628253792 	 23.82186892756096 
C 	 50.01254202379009 	 -11.606998826290898 	 24.215201200236447 
C 	 48.4233523266651 	 -13.198613542836739 	 25.016360385096075 
N 	 49.55834253534979 	 -12.470556605547857 	 25.129632451067806 
N 	 50.928297594716675 	 -10.888864070983976 	 24.399227269675723 
N 	 48.52573694436443 	 -14.11224713755283 	 25.959750839293253 
H 	 45.64502952552908 	 -12.840121923577644 	 16.444355989746146 
H 	 41.57432669543633 	 -12.83508401387903 	 19.161627189526598 
H 	 49.41166495591205 	 -10.817842503780751 	 19.482545945862938 
H 	 50.758730480883216 	 -10.677446744784493 	 21.67827868552956 
H 	 44.95800880481402 	 -14.76196724532608 	 22.483314505765183 
H 	 46.32983987131331 	 -14.763956390416247 	 24.384443867303084 
C 	 39.577489091616656 	 -4.042011092043367 	 -1.150121480144327 
C 	 39.17973850979404 	 -5.379627669101891 	 -1.3083482275211737 
C 	 38.94465924001429 	 -3.1491964194863447 	 -0.35485285723990045 
C 	 38.11769969190139 	 -5.783400297893282 	 -0.5504956369895565 
C 	 37.79950213021438 	 -3.575198659143744 	 0.3832569259844601 
C 	 37.473638805650666 	 -4.899899010376368 	 0.253853979650523 
C 	 38.47592598124237 	 -8.170821321704734 	 -0.5117693429028566 
N 	 38.93960474627189 	 -8.457440855113559 	 -1.5975043760352845 
C 	 39.51553986530881 	 -10.173151132360646 	 0.5671098247320105 
C 	 38.52189178946442 	 -9.203962557704159 	 0.5488426946340306 
C 	 36.863428304000436 	 -6.916023665898758 	 0.7636297001386726 
N 	 37.70136710420088 	 -7.085490816674568 	 -0.34792980410422075 
C 	 39.50308151892751 	 -11.088495705468976 	 1.608419054523999 
C 	 37.646919461547256 	 -9.049424104267205 	 1.6062647573606648 
C 	 36.74884713811269 	 -7.955705793279865 	 1.7050858095327326 
N 	 36.67332585983124 	 -5.627182763537615 	 1.0669938372634022 
C 	 38.654933253841065 	 -10.998740166555661 	 2.7153060713561956 
C 	 37.62096458984854 	 -10.047751983137488 	 2.656927438096706 
C 	 35.79853418216076 	 -7.977307477299318 	 2.7309968152864514 
C 	 38.84088952426641 	 -11.869248354930198 	 3.9698473148752864 
C 	 36.75085746469753 	 -9.9604820896622 	 3.7609599870434174 
H 	 39.618329555919665 	 -6.075482539810334 	 -2.0414661541228516 
C 	 35.79460076455514 	 -8.94238139895615 	 3.7571221767734833 
C 	 36.81161133261313 	 -10.87257350524729 	 4.8278510597903335 
N 	 39.758787577571894 	 -12.664960896767317 	 4.004636505611529 
N 	 37.907299715371266 	 -11.69464144150436 	 4.918670167791466 
H 	 37.304376578098584 	 -2.8836084077380373 	 1.110456149449394 
H 	 40.20546995896109 	 -10.193922624839594 	 -0.25457669246273734 
N 	 36.0210860653926 	 -10.855509745445467 	 5.893675610319107 
H 	 40.20693734073617 	 -11.852363553826905 	 1.5491873590261733 
H 	 35.10515359454646 	 -7.146313879805038 	 2.715222804649468 
H 	 35.00157488500039 	 -8.896835158488274 	 4.5563935408849945 
H 	 50.169375150099576 	 -12.581365450726974 	 25.963367553044886 
H 	 47.90939364993562 	 -13.938148545915377 	 26.745872925964342 
N 	 41.73467116697459 	 -4.578786377423451 	 -3.095533646853116 
C 	 41.837257867126276 	 -3.6665543716325555 	 -2.293353142289926 
N 	 40.74958556301413 	 -3.3276243733600896 	 -1.5412677850387069 
C 	 44.243292495409975 	 -3.1447542661592176 	 -2.9628178629403545 
C 	 43.043248808673866 	 -2.764342030617386 	 -2.2914536134668744 
H 	 44.29820598303279 	 -4.060586779547242 	 -3.623487312684642 
C 	 40.70579064306622 	 -2.212926139351595 	 -0.7257668282377421 
N 	 39.59266369418641 	 -2.032675326100992 	 -0.010334051525144241 
C 	 45.37568487615446 	 -2.380550157983009 	 -2.796954093359902 
C 	 43.04730451629402 	 -1.7095689536310015 	 -1.3818379595414267 
C 	 41.881153738622785 	 -1.3852745560361688 	 -0.6181173356476487 
H 	 46.23287289795974 	 -2.6666346728099843 	 -3.3898738003176967 
C 	 45.33987174574222 	 -1.1850271281250135 	 -2.036178134586296 
C 	 44.18510465101076 	 -0.8783563561036637 	 -1.2779434173856232 
C 	 41.925579353296 	 -0.2730577443762281 	 0.2521922031252394 
C 	 46.47414787694886 	 -0.1846623133703613 	 -2.0932611785381527 
N 	 47.46829601620352 	 -0.519046074327874 	 -2.688376462405661 
C 	 44.17374843861342 	 0.2979161165655505 	 -0.5283124079178698 
C 	 43.061939575431616 	 0.5983666162092177 	 0.2031861803997942 
H 	 40.99302304079361 	 0.1740720213347409 	 0.8073367374290503 
C 	 45.31802650094314 	 1.1828022083193037 	 -0.496519633371923 
N 	 46.389029116660424 	 0.8587329052080306 	 -1.3387305985129414 
C 	 47.340081690788764 	 1.849621330944503 	 -1.0020469552750302 
C 	 48.60261653207097 	 2.1317205626816356 	 -1.5617273828119864 
N 	 45.531756345210795 	 2.1668808093230307 	 0.40909760723827293 
H 	 43.0307701994395 	 1.4847760341483618 	 0.7854871964414489 
C 	 46.814697123905106 	 2.5872045209973042 	 0.013773368621088031 
H 	 49.01594785886638 	 1.584515840071787 	 -2.352689621996865 
N 	 51.02642631596503 	 2.724076766882238 	 -3.153201064173154 
C 	 49.25951436351155 	 3.229407706022809 	 -1.0442437340023547 
C 	 51.18138587465338 	 3.6528050181873297 	 -2.4169445081902596 
C 	 47.48765457879011 	 3.6934188395793504 	 0.5418140380509268 
C 	 48.699038019419504 	 4.011912042457243 	 -0.07608268934545825 
N 	 50.51828583309166 	 3.815585537433041 	 -1.3341590911357393 
C 	 52.74756438825018 	 4.798188224661627 	 -4.005432494631092 
C 	 52.069488564027516 	 4.82428151415933 	 -2.7531953811778203 
H 	 52.8243523510306 	 3.902879575241164 	 -4.622803002555989 
C 	 50.47181403670532 	 4.8998996342449965 	 -0.4639414120523708 
C 	 53.330498804089366 	 5.995707524243508 	 -4.498657083750459 
N 	 49.43508776971894 	 5.025754520268568 	 0.32622415139109584 
C 	 52.05358686667253 	 5.946897245116253 	 -1.997594711143507 
H 	 47.199806774572906 	 4.3668536510095555 	 1.3618538670639224 
C 	 51.412467049770186 	 5.99189992375776 	 -0.7713788553492152 
C 	 53.26499192613874 	 7.129866679726151 	 -3.726389998127948 
H 	 53.884948410731106 	 5.9843751662951385 	 -5.4140657915534405 
C 	 52.734962531539274 	 7.0830456762715155 	 -2.416992295543306 
C 	 51.563210069507946 	 7.068169380589719 	 0.11201205305287486 
C 	 53.754194446393285 	 8.478334781095022 	 -4.2541198578680675 
N 	 54.033322008920294 	 8.781368902312913 	 -5.39127843474093 
C 	 52.80933246901965 	 8.232392322706719 	 -1.5551130653188887 
C 	 52.28892654303541 	 8.162791103254502 	 -0.28073355380331305 
C 	 53.51109978139641 	 9.430828942281831 	 -2.055807889272265 
N 	 53.91447798039095 	 9.431698362591629 	 -3.3339790851245374 
H 	 50.99164615903769 	 7.193491517243473 	 0.9942798166149761 
C 	 54.55488178273969 	 10.612137340757661 	 -3.455390522871605 
C 	 55.00770725343835 	 11.323362074978615 	 -4.614479696156653 
N 	 53.83396176259416 	 10.484431992739381 	 -1.2953818790656022 
C 	 54.49151440044384 	 11.240833569609395 	 -2.202563383948138 
H 	 52.15581971636436 	 9.00587999902306 	 0.3823117310183393 
N 	 55.70781886550096 	 12.766007087498783 	 -7.286629640817994 
H 	 55.0668756838078 	 10.882390513319056 	 -5.650354013920246 
C 	 55.4620360155194 	 12.679233302464336 	 -4.3287899896414475 
C 	 56.037180481730715 	 13.711882099715403 	 -6.546120048559406 
C 	 54.87870844798776 	 12.549526220787515 	 -1.963670183711126 
C 	 55.393274444816086 	 13.259291981173982 	 -3.0825741294914573 
N 	 56.03417199730433 	 13.642772374892829 	 -5.176204709858436 
C 	 56.35165916680039 	 15.191731730401424 	 -8.509453642922177 
C 	 56.449038096328565 	 15.050394573814138 	 -7.125098536669865 
C 	 56.206984369640566 	 14.711480006565665 	 -4.329755140006283 
H 	 55.98681472828183 	 14.385142996469934 	 -9.097226217484556 
N 	 55.8789764244568 	 14.514230120260017 	 -3.0345322506271626 
C 	 56.757213200851 	 16.357391558460076 	 -9.098159262148476 
C 	 56.69366776205477 	 16.114096290930494 	 -6.253136770663454 
H 	 54.806682034990786 	 13.083529784905068 	 -0.9927558415485624 
C 	 56.605662356248146 	 15.937393947868348 	 -4.859126156402406 
C 	 57.04220944329479 	 17.472227823398327 	 -8.258361025493047 
C 	 57.0975014489821 	 17.329449622483956 	 -6.799509599076819 
C 	 57.03589257248521 	 16.980780043245222 	 -4.0599064704842895 
H 	 56.68941610621889 	 16.44470497859711 	 -10.162049277256251 
C 	 57.371832796953996 	 18.842464310425072 	 -8.815670689770252 
C 	 57.483935303524184 	 18.40509341786876 	 -5.983479770061897 
N 	 57.36982357087684 	 19.069199880327766 	 -10.011912173208076 
C 	 57.47989306217228 	 18.206452241256 	 -4.60235463797036 
H 	 57.043245856548864 	 16.834890318214715 	 -3.004606590221545 
C 	 57.702049893455204 	 19.643019320998068 	 -6.579781513964378 
N 	 57.60434165913133 	 19.80251241187425 	 -7.947519557086769 
C 	 57.707490702274654 	 21.153894210833464 	 -8.00554467541126 
N 	 57.97526744756045 	 20.733171387135627 	 -5.835660639381013 
C 	 57.45135073663729 	 21.994109316635058 	 -9.100286484101938 
H 	 57.6254702880762 	 19.03389815522124 	 -3.9110952137526565 
C 	 58.00759415670896 	 21.663785616758833 	 -6.778833751471355 
H 	 57.218782191155725 	 21.571712927650733 	 -10.087722238858394 
C 	 57.500941952177456 	 23.35371900591103 	 -8.800231108731525 
C 	 58.10816689419617 	 23.06067705778679 	 -6.472278484268023 
C 	 57.799998802613395 	 23.89675784561828 	 -7.52334615189544 
H 	 58.21020761749421 	 23.377235966856535 	 -5.437344483337423 
N 	 56.331491774032365 	 23.428263278093098 	 -11.465913446389205 
C 	 56.51825977106074 	 24.46478094314091 	 -10.817723811655407 
N 	 57.09692942342708 	 24.433534008088937 	 -9.617224522900186 
C 	 57.17771512907612 	 25.476639012911757 	 -8.738519326921951 
N 	 57.62192485964764 	 25.213861944988285 	 -7.462355620049979 
C 	 56.194152505656085 	 25.825558061578302 	 -11.335414966357796 
C 	 55.70921346681463 	 25.87031139054522 	 -12.622177231793579 
C 	 56.736289196232875 	 26.802452537532336 	 -9.260519886799859 
C 	 56.2723696844398 	 26.936250203331852 	 -10.514855696514793 
C 	 55.345127980320115 	 27.162242195619804 	 -13.125754236719903 
C 	 56.82378319432999 	 27.965394627502285 	 -8.412120942788393 
H 	 55.60670086136891 	 25.051648915139836 	 -13.352083046236094 
C 	 55.80083377461517 	 28.201562455152555 	 -10.960762623929371 
C 	 55.42849494400972 	 28.30536791902271 	 -12.341006424127373 
C 	 56.41801551473354 	 29.156486654257037 	 -8.904513320767208 
C 	 55.79677646950018 	 29.27080428122326 	 -10.151487742592652 
C 	 54.993589704489416 	 29.64936051539128 	 -12.867543024041023 
H 	 54.950631629526214 	 27.23231253526666 	 -14.135254570503944 
N 	 54.62299758583522 	 29.821767306195976 	 -14.04183313023593 
H 	 57.17277986426978 	 27.901438903820036 	 -7.373280033599055 
C 	 55.374713130562725 	 30.544445189941364 	 -10.668475306310432 
N 	 55.054606366048816 	 30.641526817818388 	 -11.993243592332465 
C 	 54.38760641815472 	 31.85837861545586 	 -12.064942947291497 
N 	 54.80470125633452 	 31.517568528871774 	 -9.896748316256543 
C 	 53.85782373683918 	 32.53822746127661 	 -13.192876369799807 
C 	 54.190257918266354 	 32.279047473550214 	 -10.797757359462013 
H 	 56.48296192147059 	 30.01658203575038 	 -8.314874591443987 
C 	 52.937529633027665 	 33.58303634448898 	 -12.838421408960645 
N 	 52.69875882256069 	 33.51457486028582 	 -15.776409721330927 
C 	 53.28783894080024 	 33.227171862668754 	 -10.483624047823442 
C 	 51.80140312449064 	 33.865200178435586 	 -14.974722434303732 
C 	 52.60140537312573 	 33.82728426719608 	 -11.58754977768982 
H 	 54.04675651405759 	 32.15311109250892 	 -14.215641252212109 
N 	 52.00728664854129 	 34.16297530536454 	 -13.69683930123886 
C 	 50.19698902078359 	 34.19189239535603 	 -16.907376379229238 
C 	 50.42687403736714 	 34.16179425044561 	 -15.502396504257076 
C 	 51.080659871506924 	 34.63282288736942 	 -12.840283860368583 
N 	 51.39889957835748 	 34.50960179253996 	 -11.544374750145874 
C 	 48.87900317980755 	 34.35544170137103 	 -17.376092396820074 
C 	 49.4780393340606 	 34.66005780295327 	 -14.639060190752437 
C 	 49.753885785120964 	 34.98480535396292 	 -13.328997813777452 
H 	 50.92847705506035 	 33.9602204200917 	 -17.668211973206486 
H 	 53.138219183916966 	 33.508707691427794 	 -9.471643663918929 
C 	 47.9194549320414 	 34.72953413050831 	 -16.52883664950466 
C 	 48.17000035018978 	 34.944187295135855 	 -15.18944733075964 
C 	 48.74119444007195 	 35.47175440608846 	 -12.498777604065797 
C 	 46.477891937910826 	 34.93892406474511 	 -17.074073104606104 
C 	 47.18226312603502 	 35.559097538925734 	 -14.402166188994368 
N 	 46.00874455612176 	 34.43657284078467 	 -18.09267869809572 
C 	 47.53135985661048 	 35.802997705260736 	 -13.067098053966651 
H 	 48.548532150017174 	 34.18616051309916 	 -18.36259031461511 
C 	 45.94300336924564 	 35.94698603801193 	 -14.982459779155864 
N 	 45.67034656834338 	 35.69799860268796 	 -16.292927797076672 
C 	 44.49433402782623 	 36.351980638724086 	 -16.56269151312327 
C 	 43.85556618819691 	 36.62367656684889 	 -17.79640369279412 
H 	 48.90099618076776 	 35.62868740276953 	 -11.423818556938707 
N 	 44.99142319685468 	 36.75958022480841 	 -14.362617544279283 
C 	 44.15464977535913 	 37.04893462277892 	 -15.415339606864757 
C 	 42.79410963994343 	 37.55293511853832 	 -17.747759884379548 
N 	 43.132666426928594 	 37.47196956112202 	 -20.645904513499644 
C 	 43.15070047495756 	 37.962365992814256 	 -15.381632316201834 
C 	 42.20427213610268 	 38.08289083690285 	 -20.1087649069417 
H 	 46.72429017036002 	 36.17854450596995 	 -12.391219653707997 
C 	 42.46243165225167 	 38.23129248494819 	 -16.60363354891045 
H 	 44.175616309574345 	 36.330933338183186 	 -18.839621734934827 
N 	 42.04173045710183 	 38.17836441181816 	 -18.779840957488695 
C 	 40.99349141114795 	 38.52130914069376 	 -22.23005383790119 
C 	 41.06941283710634 	 38.68602661982752 	 -20.864537260941578 
C 	 41.23787583319905 	 39.050268553469394 	 -18.108231958044623 
N 	 41.41330536446017 	 39.07655676548263 	 -16.734570503630213 
C 	 40.073899952186736 	 39.17227778817572 	 -22.986076480079 
C 	 40.082576871866486 	 39.489588861873045 	 -20.21802735831744 
C 	 40.18798523140393 	 39.64356828337154 	 -18.801215910542435 
H 	 41.75590770660386 	 37.99214763940731 	 -22.76585597292288 
C 	 39.05430155878899 	 39.998177389355725 	 -22.352895617535836 
H 	 42.96868272023005 	 38.554161643736954 	 -14.523497329745963 
C 	 39.06061876708148 	 40.12639091304961 	 -20.949203305180784 
C 	 39.22060072870183 	 40.5267443959038 	 -18.246058545124715 
C 	 38.04768886623364 	 40.67826829579727 	 -23.18712785748847 
C 	 38.07658479264209 	 40.89642892799874 	 -20.341677448167587 
C 	 38.190495313276415 	 41.09675285958686 	 -18.94445063496304 
H 	 40.134053198152294 	 39.11485438683538 	 -24.15017423188301 
N 	 38.21513262836643 	 40.73182773531759 	 -24.408512417685316 
C 	 37.00037627751002 	 41.514998297345215 	 -21.12175635741501 
N 	 37.048633455531956 	 41.26696129508705 	 -22.50228324677189 
H 	 39.185907772501025 	 40.76644005981895 	 -17.191047928739692 
C 	 36.10132607366856 	 42.21010212872945 	 -22.99892444911944 
N 	 36.055040204328684 	 42.348139525783964 	 -20.738623022946978 
C 	 35.85625561496057 	 42.674242305552156 	 -24.272848395760874 
C 	 35.57597460607572 	 42.87024848103278 	 -21.85295176744598 
H 	 37.510529419208396 	 41.77137648805114 	 -18.435400972726264 
C 	 34.76752711905425 	 43.93335353797969 	 -21.961208190088787 
C 	 34.872595202017955 	 43.66594458463812 	 -24.376901987686093 
N 	 34.98935776066148 	 43.2906870531532 	 -27.20393450041846 
H 	 36.316853131756076 	 42.35088576389319 	 -25.236163434448574 
C 	 34.46096739700113 	 44.30706420827612 	 -23.227686823131513 
C 	 34.56086580685413 	 44.25408317771588 	 -26.72806031275448 
N 	 34.46482484098003 	 44.47996012014385 	 -25.437752175278405 
C 	 33.73052226228606 	 45.40578215704268 	 -24.828654346512412 
N 	 33.78307663707169 	 45.45337568868701 	 -23.46968113242861 
C 	 34.110926976834264 	 45.33404898473016 	 -27.627532522303756 
H 	 34.351562496932665 	 44.391984336128765 	 -21.02480164861612 
C 	 34.19784974324839 	 45.23528288084993 	 -29.00015979116607 
C 	 33.27177915081521 	 46.51814688279538 	 -25.68817879389198 
C 	 33.481061354577626 	 46.46954124345511 	 -27.06830866663473 
H 	 34.54745072982497 	 44.32998154598961 	 -29.487161276293747 
C 	 33.8999860559436 	 46.314681833654305 	 -29.80286537604457 
C 	 32.60868464955906 	 47.674837897184574 	 -25.16451763067717 
C 	 32.97815025809419 	 47.49364999441445 	 -27.884347824146545 
C 	 33.165588408000815 	 47.38267554323887 	 -29.26431138391891 
C 	 32.20134227177337 	 48.692305844636046 	 -26.004479109287704 
C 	 32.408824319342166 	 48.6761731279633 	 -27.37066401473205 
H 	 32.37000545991927 	 47.786059693921324 	 -24.10241979154121 
H 	 34.05653992520323 	 46.3360020771539 	 -30.89155921520396 
C 	 32.84670108184361 	 48.56099380008065 	 -30.209165516948737 
N 	 32.80607665639786 	 48.43501190182937 	 -31.373542883901305 
C 	 32.159385621989166 	 49.781715238375924 	 -28.223054251925916 
N 	 32.493859280833334 	 49.692860546688834 	 -29.567185159626167 
H 	 31.73607050251506 	 49.56683519702684 	 -25.52127628035229 
N 	 31.647298080296142 	 50.99207065896887 	 -27.805599955158375 
C 	 32.168830913182674 	 50.929605703461064 	 -29.99587095813561 
C 	 31.58626289167524 	 51.603493978266556 	 -28.961432008067984 
C 	 32.110820222475425 	 51.48957870318763 	 -31.327519813523626 
C 	 31.003035200144033 	 52.85312437259466 	 -29.04862732057246 
H 	 32.48570879017394 	 50.94734434312377 	 -32.192832325355795 
C 	 31.478353695392315 	 52.72522009639265 	 -31.46558593332195 
C 	 30.877486846780858 	 53.348898172654295 	 -30.3248700703917 
H 	 30.506113244167587 	 53.29910013968471 	 -28.180821119415914 
H 	 31.59048752622066 	 53.12469939353678 	 -32.46704281976509 
H 	 30.473258946625172 	 54.39483710913524 	 -30.471322764328054 
C 	 -49.05666078076556 	 -40.65349436479133 	 -4.4970772511297055 
C 	 -50.15208535772012 	 -39.89639902921737 	 -4.860267703635623 
C 	 -48.285314835227545 	 -41.36974364692997 	 -5.417921826554646 
C 	 -48.82732115154356 	 -41.39110913475695 	 -6.71452112438963 
C 	 -49.94531029989923 	 -40.65471640930844 	 -7.0389717276087875 
C 	 -50.6005068989188 	 -39.85682848095688 	 -6.16152943049321 
N 	 -48.396555182810424 	 -42.054026453937794 	 -7.848154521262226 
N 	 -50.36262893285703 	 -40.879748963641234 	 -8.282358766598549 
C 	 -49.37006127311266 	 -41.71349235758956 	 -8.769819423336513 
C 	 -49.19233060914468 	 -42.055783844603596 	 -10.17371481924034 
C 	 -47.267664612862426 	 -42.67914512253197 	 -8.12531113470599 
N 	 -46.41054530662029 	 -42.85999523687207 	 -7.2976949929825405 
C 	 -47.092534590288984 	 -43.09124608829311 	 -9.560883383455883 
C 	 -48.03038496842349 	 -42.738558799354465 	 -10.541024904041421 
C 	 -47.773430843465434 	 -43.06154064449486 	 -11.90028197078437 
C 	 -45.900848898428684 	 -43.720958082194 	 -9.958429234204932 
C 	 -45.71917045872362 	 -44.16123331058337 	 -11.253547083628664 
C 	 -46.57958997502851 	 -43.7084185308925 	 -12.198833134542449 
C 	 -50.21585686388341 	 -41.796844556426564 	 -11.152136775029938 
C 	 -49.97450891615584 	 -42.32596803032078 	 -12.431863393461311 
C 	 -48.76634177700476 	 -42.888386911222184 	 -12.801164383064469 
C 	 -46.370788387478726 	 -44.20506909390148 	 -13.643565753785511 
C 	 -48.54372346594207 	 -43.29404547580466 	 -14.211519124548122 
N 	 -47.354668111536654 	 -43.93576211083914 	 -14.49373709765272 
N 	 -45.3242740625754 	 -44.747412536775904 	 -13.939991207463796 
N 	 -49.48734533469358 	 -43.21485339377446 	 -15.171154272161548 
H 	 -47.40397936964477 	 -41.918383196805365 	 -5.157708307781997 
H 	 -51.529442434595 	 -39.30861306021233 	 -6.384661859808964 
H 	 -45.23458503096883 	 -43.95338502367881 	 -9.178022889839557 
H 	 -44.85957647891329 	 -44.67028609103949 	 -11.528250727940828 
H 	 -51.24187349064663 	 -41.39601104063135 	 -10.889850381859413 
H 	 -50.77289353228202 	 -42.26513814859046 	 -13.139129165883572 
C 	 -47.64238604500661 	 -44.28263888238327 	 -15.812435102955627 
C 	 -48.872538745060666 	 -43.80714699810997 	 -16.14746877119278 
C 	 -46.841812696497506 	 -45.01216024678164 	 -16.729013079058614 
C 	 -47.37367764696759 	 -45.02163426877301 	 -18.018713216601544 
C 	 -48.57424990033995 	 -44.459033954695556 	 -18.404915376486056 
C 	 -49.3197064756072 	 -43.78577905818014 	 -17.453102373865203 
N 	 -46.847048144811644 	 -45.56311648295631 	 -19.164549539222975 
N 	 -48.94026247138483 	 -44.66109499906675 	 -19.681938498894887 
C 	 -47.875483019067566 	 -45.45807497636813 	 -20.07353955335075 
C 	 -47.591413094927844 	 -45.75275505589156 	 -21.442791908025324 
C 	 -45.62259272312915 	 -45.90258236567464 	 -19.495636945913013 
N 	 -44.68783955274975 	 -45.92968630182186 	 -18.704581545670365 
C 	 -45.36574710938898 	 -46.30139121920484 	 -20.93973090233873 
C 	 -46.33311248612605 	 -46.167770026363264 	 -21.884987492821697 
C 	 -46.13597474749196 	 -46.5712674001835 	 -23.222219867110997 
C 	 -44.09817561392043 	 -46.6897307350779 	 -21.375457511003077 
C 	 -43.883357403794555 	 -47.127398985909245 	 -22.6620905424369 
C 	 -44.886889251357694 	 -47.07832253997897 	 -23.619575007854465 
C 	 -48.65484774382215 	 -45.77686173083809 	 -22.36738249195733 
C 	 -48.43129207044433 	 -46.14148382356163 	 -23.716952327954907 
C 	 -47.1265017597578 	 -46.51151303512333 	 -24.169450470601344 
C 	 -44.56859843109974 	 -47.65319088172044 	 -24.989149074509378 
C 	 -46.888273721133864 	 -47.09373252453773 	 -25.50585039979607 
N 	 -45.64522046580947 	 -47.657293436640636 	 -25.767056339330072 
N 	 -43.48911586414232 	 -48.07253388290678 	 -25.350395453510288 
N 	 -47.73667447116469 	 -47.426383398650984 	 -26.426570146027274 
H 	 -45.82719436550228 	 -45.318844388788136 	 -16.587884916468635 
H 	 -50.34993822730696 	 -43.45231745118564 	 -17.693738246492266 
H 	 -43.28752554186818 	 -46.55086072081364 	 -20.668959234495844 
H 	 -42.925192466142036 	 -47.51229924717986 	 -22.93645538904318 
H 	 -49.63606649285591 	 -45.43834286767571 	 -22.02709052995725 
H 	 -49.26821603280969 	 -46.18524421676541 	 -24.452231351396584 
C 	 -49.48152547844511 	 -36.47651479860335 	 6.666336748310265 
C 	 -49.13440841768497 	 -37.4553884350729 	 5.754131239013314 
C 	 -50.345780148863426 	 -35.45274222919275 	 6.306873442802311 
C 	 -49.73932249858226 	 -37.46923949022393 	 4.530967604470769 
C 	 -50.93028584179315 	 -35.43105734500169 	 5.085127190237522 
C 	 -50.59624785832218 	 -36.45453721252902 	 4.190678761914987 
C 	 -48.53888596074873 	 -39.132177768913856 	 3.2046758412411864 
N 	 -47.82484462205782 	 -39.57728970443318 	 4.10447948345114 
C 	 -47.19183352790977 	 -40.24311380323765 	 1.4313001960916707 
C 	 -48.29321036191245 	 -39.47432588411623 	 1.7822289117028454 
C 	 -50.350371113073535 	 -37.74386863431487 	 2.536845226668659 
N 	 -49.557850322333216 	 -38.373391359857585 	 3.465316131563661 
C 	 -47.026255754671254 	 -40.5153097588682 	 0.05856805929746429 
C 	 -49.18116259183586 	 -39.019438678071026 	 0.800614434786086 
C 	 -50.27879304423823 	 -38.21588932273878 	 1.16375250984244 
N 	 -50.967186023701274 	 -36.617376956571846 	 2.8564554439223606 
C 	 -47.90137476465128 	 -40.200488584008475 	 -0.9457532996486823 
C 	 -49.031695716389486 	 -39.42300035831783 	 -0.5594776187609224 
C 	 -51.30317303467888 	 -37.921388750758396 	 0.25244453792817867 
C 	 -47.84022817309387 	 -40.74905791406396 	 -2.323488457455652 
C 	 -50.02924138056325 	 -39.0562864690743 	 -1.5077118926328668 
H 	 -48.42888821500092 	 -38.172157195024994 	 6.129094036504266 
C 	 -51.20856338933043 	 -38.34181167522036 	 -1.039810054131423 
C 	 -49.78898411299749 	 -39.36373748417588 	 -2.933110769165093 
N 	 -46.98610490988514 	 -41.49004687781199 	 -2.708696405313755 
N 	 -48.80342743426979 	 -40.3292682752152 	 -3.1566711260839253 
H 	 -51.608827656635675 	 -34.628633859646314 	 4.757225939830448 
H 	 -46.49619850861245 	 -40.77403653795789 	 2.144692687156466 
N 	 -50.60252352467011 	 -39.039582084351615 	 -3.9630610588604176 
H 	 -46.20603271074646 	 -41.113928892985896 	 -0.14955539436488077 
H 	 -52.17221244635159 	 -37.32411140309826 	 0.5133704071705282 
H 	 -51.959356875891515 	 -37.96670588357395 	 -1.7217929464068225 
H 	 -45.55986268317446 	 -48.05915505439458 	 -26.68053670264479 
H 	 -48.693421979756856 	 -47.340747440161906 	 -26.08800071774519 
N 	 -47.90117175465226 	 -38.10667698200196 	 8.388768731816752 
C 	 -48.203394905825625 	 -36.99130156923484 	 8.740190102209656 
N 	 -48.982179898313035 	 -36.2331387648855 	 7.926826688440532 
C 	 -46.71925448614008 	 -36.834761249684796 	 10.75042979950809 
C 	 -47.679482810428524 	 -36.215057784881296 	 9.931288615163972 
H 	 -46.371479723824756 	 -37.841122032575164 	 10.551365961084745 
C 	 -49.491707459571025 	 -35.0195694016282 	 8.157048401730847 
N 	 -50.36765273048951 	 -34.4971776088587 	 7.225756008607113 
C 	 -46.18962028579412 	 -36.11014403624342 	 11.816214785343623 
C 	 -48.05678102551401 	 -34.87027045656048 	 10.136403570186332 
C 	 -48.97178825657864 	 -34.258649258739915 	 9.290806802218082 
H 	 -45.3863427143278 	 -36.58461937749282 	 12.384197889923916 
C 	 -46.628345498415975 	 -34.817587988647276 	 12.044975460267365 
C 	 -47.550027926889804 	 -34.13387557197036 	 11.214802810205427 
C 	 -49.279727756870784 	 -32.904890140988904 	 9.535897778515595 
C 	 -45.87496179532519 	 -34.02495620527751 	 13.121943189930844 
N 	 -44.90358967648388 	 -34.450036063939095 	 13.731260803360827 
C 	 -47.92074882219667 	 -32.82182400855491 	 11.499424708761254 
C 	 -48.78330701508278 	 -32.20471804409875 	 10.61630177962248 
H 	 -49.93025282570867 	 -32.356069120385115 	 8.872440383072034 
C 	 -47.19186529249534 	 -32.036297538943614 	 12.482939565990943 
N 	 -46.226750178916475 	 -32.708436774746986 	 13.240419323610995 
C 	 -45.720591228441435 	 -31.637036923875993 	 13.9884960305878 
C 	 -44.585100317036044 	 -31.650526273158142 	 14.841249042927185 
N 	 -47.46667319975196 	 -30.736105255166468 	 12.775784642096983 
H 	 -49.013540685683985 	 -31.16240956862833 	 10.695954759627428 
C 	 -46.44258991888399 	 -30.495652924520158 	 13.664952364311715 
H 	 -43.96916335743553 	 -32.55612360962506 	 14.965516252397274 
N 	 -42.22907928673575 	 -32.08352889303855 	 16.8539505719726 
C 	 -44.29494997863776 	 -30.475768485871683 	 15.40051433101755 
C 	 -42.198309856072036 	 -30.88736391234691 	 16.715439260096716 
C 	 -46.10803750406685 	 -29.26535142480939 	 14.175494690815265 
C 	 -45.022593993937896 	 -29.283321929320692 	 15.068760198096438 
N 	 -43.1700045349362 	 -30.131052619963892 	 16.104984230616772 
C 	 -39.950718109211884 	 -30.63846857839267 	 17.825748320234293 
C 	 -41.1364580391062 	 -30.02660226698069 	 17.35246420459558 
H 	 -39.84519941649645 	 -31.669145221579072 	 17.701753158211446 
C 	 -43.46063243336984 	 -28.763900572039326 	 16.221898202476776 
C 	 -38.90802637237331 	 -29.86937546964556 	 18.329059376888573 
N 	 -44.411490565960875 	 -28.158876127258942 	 15.503274005952585 
C 	 -41.28707792831282 	 -28.654209648941016 	 17.422829382472532 
H 	 -46.759564150203296 	 -28.402420810367378 	 13.91069285999088 
C 	 -42.40070133703939 	 -28.043965417881914 	 16.91834693416559 
C 	 -39.11485609000736 	 -28.523644284930835 	 18.63557471652436 
H 	 -38.0505681485511 	 -30.380574773408487 	 18.714159744941046 
C 	 -40.290264897159915 	 -27.904903736630825 	 18.157843708837298 
C 	 -42.60581366566528 	 -26.668650277543467 	 17.192996173798228 
C 	 -38.11557421441931 	 -27.77188125255704 	 19.462942562566248 
N 	 -37.25928666961586 	 -28.379873979782058 	 20.05926700528407 
C 	 -40.4456230884906 	 -26.55312084293809 	 18.345779808530956 
C 	 -41.62173226876695 	 -25.963824622602136 	 17.895912399538926 
C 	 -39.3265801337929 	 -25.77602973447367 	 18.766939652578596 
N 	 -38.33975486366884 	 -26.442959107406146 	 19.504803195116054 
H 	 -43.53213607587507 	 -26.11387837403964 	 16.975895313191696 
C 	 -37.49818568360803 	 -25.334595243155665 	 19.74512596433441 
C 	 -36.27159540697499 	 -25.274472576194878 	 20.394067917721717 
N 	 -39.13361948843828 	 -24.52595131982561 	 18.37101829269663 
C 	 -37.967043281046664 	 -24.25132832590368 	 19.03116300926778 
H 	 -41.76552129838834 	 -24.905046096818808 	 18.041431220262407 
N 	 -33.561804948699915 	 -25.516585541738248 	 21.95488311490864 
H 	 -35.88156216435324 	 -26.165117697232983 	 20.964901440038886 
C 	 -35.52560083362896 	 -24.0962377847429 	 20.256656435354962 
C 	 -33.26934385020329 	 -24.511170263174005 	 21.32878841632877 
C 	 -37.17796232160446 	 -23.114290111084376 	 18.809391978441663 
C 	 -35.93615326958509 	 -23.07908934530004 	 19.420584562187734 
N 	 -34.180403961377294 	 -23.819180638090657 	 20.633583092565164 
C 	 -30.952212688897195 	 -24.60469405386926 	 22.092484247433553 
C 	 -31.94666490521988 	 -23.912968270200626 	 21.391765715304306 
C 	 -34.014219584904005 	 -22.554461608138016 	 20.112993971362265 
H 	 -31.164761024378887 	 -25.622290924618856 	 22.43413521633009 
N 	 -35.072620429001375 	 -22.071071360142437 	 19.41948110789614 
C 	 -29.640015466285284 	 -24.13630304198322 	 21.885025568208434 
C 	 -31.700672178788647 	 -22.647471639776864 	 20.786237375575016 
H 	 -37.54070971346923 	 -22.289830704515765 	 18.210121518886773 
C 	 -32.68612767490692 	 -21.987887391085895 	 20.100576722700563 
C 	 -29.338390007554583 	 -22.96308043626664 	 21.211373266783742 
C 	 -30.394273583734087 	 -22.13604616177723 	 20.780220381315043 
C 	 -32.434183386196665 	 -20.780400493018284 	 19.494013210745138 
H 	 -28.831482338615768 	 -24.71304502263134 	 22.381249207798035 
C 	 -27.97288260408701 	 -22.604685067577066 	 20.883051762843987 
C 	 -30.106782533111055 	 -20.905317464529364 	 20.224887567692495 
N 	 -27.063846579963336 	 -23.400515619279254 	 20.899695690683316 
C 	 -31.140924814358893 	 -20.220419862513562 	 19.541077078678505 
H 	 -33.23602189198356 	 -20.167390600838 	 19.018431532330546 
C 	 -28.794365523219945 	 -20.406944892351955 	 20.30419470154731 
N 	 -27.764735708522135 	 -21.328838211929614 	 20.509236174599035 
C 	 -26.666981110147674 	 -20.524729406631206 	 20.218940910296862 
N 	 -28.419996341186884 	 -19.090699038011703 	 20.09247570799485 
C 	 -25.302230474613506 	 -20.815735673055958 	 20.27188374019444 
H 	 -30.951577268134375 	 -19.224291318036407 	 19.042248362930586 
C 	 -27.069597045438858 	 -19.171288297259615 	 20.051067959431983 
H 	 -24.89638825322461 	 -21.797620034700238 	 20.402494760234198 
C 	 -24.398028990114383 	 -19.748586666947354 	 20.06275142954574 
C 	 -26.20416720100637 	 -18.174967825157236 	 19.867685871622072 
C 	 -24.856764457718256 	 -18.479915102113683 	 19.871166213364962 
H 	 -26.52420574457379 	 -17.13673765470594 	 19.726750034333307 
N 	 -22.281439391402532 	 -21.80076616955152 	 20.17936147749931 
C 	 -21.978608475969462 	 -20.602143100743916 	 20.134896025748976 
N 	 -22.969504426942294 	 -19.680383754466877 	 20.056081687380537 
C 	 -22.833273247224067 	 -18.329426978073162 	 19.85394908508479 
N 	 -23.97832894316661 	 -17.52846871387607 	 19.717811375579632 
C 	 -20.579499369459725 	 -20.100774597349695 	 20.051025126977738 
C 	 -19.513457161607427 	 -20.993279459248804 	 20.024310395143402 
C 	 -21.474746516398938 	 -17.897549234980918 	 19.648994948433398 
C 	 -20.373119801143247 	 -18.75186487548333 	 19.79603047019759 
C 	 -18.2154958191371 	 -20.589863395828832 	 19.73582443924188 
C 	 -21.20125316278581 	 -16.619506432579872 	 19.27920230334899 
H 	 -19.659151818899808 	 -22.069767249941556 	 20.184366049949467 
C 	 -19.052376304604977 	 -18.307930227791008 	 19.55556850692821 
C 	 -17.951913990894305 	 -19.209010242560268 	 19.5540298049952 
C 	 -19.943134300555577 	 -16.12609268596356 	 19.088725089571756 
C 	 -18.8025336760539 	 -16.938814039136055 	 19.34026111375536 
C 	 -16.503523313258146 	 -18.677887645725935 	 19.566848306094826 
H 	 -17.385822314439917 	 -21.336243579327885 	 19.855572310790297 
N 	 -15.530969113631217 	 -19.468539389020368 	 19.615205350122164 
H 	 -21.986293435263622 	 -15.922571563967095 	 19.044300851990368 
C 	 -17.45621266151242 	 -16.479076769943077 	 19.470286043460415 
N 	 -16.40792937344348 	 -17.35673265574539 	 19.39362810655757 
C 	 -15.327857846008019 	 -16.464779103511407 	 19.265731897524667 
N 	 -17.149449540223547 	 -15.156830193435594 	 19.355232524127942 
C 	 -14.002941448212617 	 -16.785349725612456 	 19.074680845418456 
C 	 -15.807035824159865 	 -15.182489180321948 	 19.43424429128697 
H 	 -19.89720127018792 	 -15.04826718018151 	 18.857987628540407 
C 	 -13.183553917654125 	 -15.679313062151616 	 18.896333327525284 
N 	 -11.216677823335933 	 -17.84101289365893 	 18.420881571197402 
C 	 -14.974319116693303 	 -14.093129694271772 	 19.15021193729798 
C 	 -10.855014023985182 	 -16.671732115352366 	 18.45557878889506 
C 	 -13.597547821749313 	 -14.373379540823954 	 18.922364360459188 
H 	 -13.636089256441275 	 -17.810585921652667 	 19.061124617357798 
N 	 -11.76297153837728 	 -15.690163365035906 	 18.577259371839684 
C 	 -8.44340978015495 	 -17.195980425668832 	 18.39660963793029 
C 	 -9.481820292718316 	 -16.210512326708354 	 18.434274206874502 
C 	 -11.523291833612076 	 -14.32901029522122 	 18.494833332694217 
N 	 -12.572427764487538 	 -13.506501000949106 	 18.785773014723002 
C 	 -7.120130864579417 	 -16.772408155549893 	 18.577365303250193 
C 	 -9.145071545280059 	 -14.835565263336402 	 18.618315331966944 
C 	 -10.164970672250098 	 -13.902955600912927 	 18.676874109994912 
H 	 -8.583509150569892 	 -18.262414638648718 	 18.186265598298792 
H 	 -15.34092869207611 	 -13.092320226508027 	 19.096955312686312 
C 	 -6.8689188997193025 	 -15.454637706407114 	 18.993893168500644 
C 	 -7.851830919288116 	 -14.432910883814127 	 18.837839415447558 
C 	 -9.883938553474648 	 -12.588117065611314 	 18.90896488983303 
C 	 -5.416859111815525 	 -15.052578001257045 	 19.233290483439887 
C 	 -7.51725377866115 	 -13.112537991277357 	 19.098559943720822 
N 	 -4.527040030575181 	 -15.888547691896457 	 19.209942570416196 
C 	 -8.587555638746698 	 -12.174439556473445 	 19.117035741163676 
H 	 -6.289227243612666 	 -17.525989552551184 	 18.62055716947056 
C 	 -6.139803817552044 	 -12.70847504499584 	 19.336602080356165 
N 	 -5.229075663296504 	 -13.752162379437005 	 19.49337975512422 
C 	 -4.03584015933954 	 -13.019007023018345 	 19.78656566065736 
C 	 -2.7998224858299943 	 -13.45505806547119 	 20.279119031198213 
H 	 -10.606141674142927 	 -11.765965776318602 	 18.834613044975047 
N 	 -5.662198450504312 	 -11.431580907869545 	 19.47786912108884 
C 	 -4.36567354342721 	 -11.693729555418322 	 19.70668953599772 
C 	 -1.9738178699969882 	 -12.438108651137858 	 20.717397502302468 
N 	 -0.2912153381413447 	 -14.493872374476371 	 21.788174507083372 
C 	 -3.465789126052053 	 -10.684262228017383 	 20.082484834052945 
C 	 0.12899718592903286 	 -13.320674443747018 	 21.79519315361059 
H 	 -8.364835672259147 	 -11.08690214182099 	 19.32853938038485 
C 	 -2.2517376445983714 	 -11.098225885309308 	 20.563667166138735 
H 	 -2.3916927733684825 	 -14.40927498014301 	 20.31567011330871 
N 	 -0.6777010842768253 	 -12.386661239806685 	 21.257133179392927 
C 	 2.1933312639130853 	 -13.80852903328418 	 23.14318186373978 
C 	 1.3637131556633106 	 -12.901680935052315 	 22.439332554546194 
C 	 -0.43255144336747137 	 -11.021241561869559 	 21.389932834776317 
N 	 -1.3671488496988773 	 -10.167568606583714 	 20.93254870442879 
C 	 3.3889208840389036 	 -13.4187766153184 	 23.690725045004722 
C 	 1.7162662139511906 	 -11.556781372879254 	 22.427727239840486 
C 	 0.8619527872165063 	 -10.617358649631552 	 21.867576497231322 
H 	 1.8062395190144005 	 -14.760313127403965 	 23.267070607061466 
C 	 3.7758918597805775 	 -12.10318411632394 	 23.544270173207156 
H 	 -3.7424450786461736 	 -9.63949075426334 	 20.046970568031593 
C 	 2.943174111786137 	 -11.16441155765535 	 22.993021612354454 
C 	 1.1868919565157534 	 -9.266673747252437 	 21.927271946031215 
C 	 5.080117216881302 	 -11.694053907598635 	 24.037105437637646 
C 	 3.299441348722758 	 -9.778864341294074 	 22.872297848465397 
C 	 2.4187354883320795 	 -8.840307175988169 	 22.39559912437055 
H 	 4.053047934708612 	 -14.144891061019042 	 24.29317291221249 
N 	 5.756818506114226 	 -12.433301489721766 	 24.710033812702772 
C 	 4.64560327451399 	 -9.3560348823921 	 23.167812950096923 
N 	 5.371391128384454 	 -10.323882461246741 	 23.845654910730794 
H 	 0.5160805738831933 	 -8.477290806954677 	 21.526923662397127 
C 	 6.5244589901230166 	 -9.569954695923485 	 24.13938438190658 
N 	 5.116514616161016 	 -8.097884065175414 	 23.057750958515623 
C 	 7.650990540566754 	 -9.950524269616224 	 24.883144869733606 
C 	 6.3223669607328254 	 -8.317478570424026 	 23.625240884030994 
H 	 2.7013360826805934 	 -7.748358873386288 	 22.336580603984746 
C 	 7.316637130724741 	 -7.357394608969165 	 23.834012072694197 
C 	 8.613744212859002 	 -9.001695381064721 	 25.04107964902028 
N 	 10.081471456938297 	 -11.101862724482814 	 26.3975283734225 
H 	 7.588869147825106 	 -10.929146326532255 	 25.368356149682274 
C 	 8.492505432445414 	 -7.758488373969851 	 24.4943864514023 
C 	 10.471136945764961 	 -9.952760021997294 	 26.337891295883313 
N 	 9.77747868455972 	 -8.976481929736071 	 25.74974293626595 
C 	 10.292035254138595 	 -7.6728861823176215 	 25.45613884795505 
N 	 9.47578695692557 	 -6.919805337732872 	 24.697694553962847 
C 	 11.722757804460667 	 -9.416699063140411 	 27.062613786289113 
H 	 7.190211555314219 	 -6.336678598385419 	 23.545241240778683 
C 	 12.419637884847916 	 -10.335999791369412 	 27.871014815852032 
C 	 11.576582259392255 	 -7.280984059537649 	 26.006497516957264 
C 	 12.247018480397424 	 -8.130192093992909 	 26.87443501078148 
H 	 12.092329175813443 	 -11.334400816681459 	 28.020092871644138 
C 	 13.606796118862812 	 -9.93814136406513 	 28.470940216123413 
C 	 12.034364464605392 	 -5.9305301551921294 	 25.96158090515602 
C 	 13.398078603041814 	 -7.781607065010979 	 27.504523252810554 
C 	 14.12339901672682 	 -8.667836820190765 	 28.282011929386627 
C 	 13.226127269380955 	 -5.519934240828961 	 26.563680693270086 
C 	 13.883155713565682 	 -6.475589570399729 	 27.39213058259272 
H 	 11.517671617606073 	 -5.3362501315809245 	 25.21817828827 
H 	 14.150853408621261 	 -10.62870678992853 	 29.067606568050802 
C 	 15.39932706660279 	 -8.224572121821781 	 28.91633232605532 
N 	 16.06972076944495 	 -8.953084495706367 	 29.54048203218454 
C 	 15.12151769912487 	 -6.0172810043877245 	 28.017981673230686 
N 	 15.69450816780767 	 -6.958185375657739 	 28.890582893185933 
H 	 13.631210712398738 	 -4.499340535481209 	 26.379803472152012 
N 	 15.753550867069984 	 -4.822079303526413 	 27.875610879649393 
C 	 16.749180639685598 	 -6.216978618527398 	 29.40594682346882 
C 	 16.803336069989022 	 -5.037329131671027 	 28.67296295888152 
C 	 17.679387415278914 	 -6.590118898409277 	 30.419528440002203 
C 	 17.714065290878448 	 -4.075517625581101 	 29.064408375454036 
H 	 17.578381408726905 	 -7.541154465340876 	 30.88740092112281 
C 	 18.64710082889896 	 -5.610322596820126 	 30.72701937929416 
C 	 18.649285315271047 	 -4.368663405683952 	 30.060200553537932 
H 	 17.516105820852896 	 -3.0716487891288873 	 28.720667735543405 
H 	 19.394088447025265 	 -5.7868073682126075 	 31.463646640822017 
H 	 19.36224278946387 	 -3.61294924812642 	 30.36679285149431 
