C 	 41.83306842226775 	 -0.7802185112117863 	 38.112704406088454 
C 	 42.903317459931955 	 -0.19649592959259352 	 37.46459581554702 
C 	 41.406924344397716 	 -2.115173494329879 	 37.95603688574399 
C 	 42.203015175245454 	 -2.8529925296337395 	 37.07254091608908 
C 	 43.23142792353458 	 -2.2750435548127124 	 36.399112146131934 
C 	 43.5471226479206 	 -0.9508782249768977 	 36.47435861113369 
N 	 42.08959113237933 	 -4.1824474962296865 	 36.439439457891005 
N 	 43.76671498130101 	 -2.9950107646882045 	 35.38921474758194 
C 	 43.04768717343521 	 -4.158615786140882 	 35.4302864272797 
C 	 43.047635916613565 	 -5.156717344260772 	 34.40939841365087 
C 	 41.17778512207148 	 -5.190708228960516 	 36.538871460118806 
N 	 40.25734101029177 	 -5.1031940202348975 	 37.36829434134225 
C 	 41.37418103651572 	 -6.337274636602028 	 35.61700337817465 
C 	 42.26899276329131 	 -6.273577562990579 	 34.58059627368911 
C 	 42.3417664089612 	 -7.287360190111477 	 33.65078634399541 
C 	 40.659368550609784 	 -7.518244274048019 	 35.84364682112692 
C 	 40.83904853768821 	 -8.623223177787036 	 35.02189987622365 
C 	 41.63928011396122 	 -8.482454116662591 	 33.896319986342746 
C 	 43.93299080797882 	 -5.006749696151442 	 33.30550808172196 
C 	 43.8713096882044 	 -5.9706810228238965 	 32.26151062412941 
C 	 43.13651928110056 	 -7.133245374195437 	 32.49371431540791 
C 	 41.72910631735412 	 -9.631304006231286 	 32.89846239068345 
C 	 43.07489696205031 	 -8.161658830698677 	 31.524513464271354 
N 	 42.3118812513816 	 -9.257432214133196 	 31.781330859189172 
N 	 41.22425998751662 	 -10.713442202016678 	 33.11586936699593 
N 	 43.784290112160484 	 -8.15427801419833 	 30.343360972414473 
H 	 40.49053208388772 	 -2.542147948291826 	 38.36285288109433 
H 	 44.29228471176926 	 -0.614439066330334 	 35.84800158015748 
H 	 39.95704619097284 	 -7.542318528636168 	 36.66761739305373 
H 	 40.197170547405136 	 -9.49888563758847 	 35.072893098129356 
H 	 44.50087704455091 	 -4.113298441158296 	 33.12438468499096 
H 	 44.37094176043467 	 -5.851291513573714 	 31.27919186728103 
C 	 42.45988990750602 	 -9.961924406249913 	 30.598417742538977 
C 	 43.34592455272556 	 -9.245457295955447 	 29.748919431198907 
C 	 41.76134102240301 	 -11.126046664170694 	 30.131279840255534 
C 	 42.03237618084809 	 -11.44866810150755 	 28.795367100958945 
C 	 42.92023757606703 	 -10.775490323823583 	 27.984154509753736 
C 	 43.54275293496812 	 -9.66261269111999 	 28.459890990452514 
N 	 41.46369899213494 	 -12.468515831856015 	 28.008064740893357 
N 	 43.00142256739401 	 -11.30265554009362 	 26.674951662017804 
C 	 42.10610876477805 	 -12.381102974789133 	 26.800708625854423 
C 	 41.59152430211893 	 -13.157597476855027 	 25.7019160017842 
C 	 40.448624369291444 	 -13.283166510872636 	 28.25130076305159 
N 	 39.97204123276526 	 -13.440556977434344 	 29.355012179198617 
C 	 39.81144496936253 	 -13.983414752429413 	 27.090058073386192 
C 	 40.39299508047398 	 -13.81237187789824 	 25.876773685460876 
C 	 39.78527137177727 	 -14.446715834770046 	 24.774661015809787 
C 	 38.50479922384007 	 -14.470778957312517 	 27.25117481338356 
C 	 37.95279493501829 	 -15.09220799898424 	 26.131798924417847 
C 	 38.574977776923205 	 -15.110594705707786 	 24.910705010215878 
C 	 42.248901339965236 	 -13.088785717898794 	 24.560729844860507 
C 	 41.62389586155253 	 -13.69176288595792 	 23.422796313799015 
C 	 40.33862409758561 	 -14.233691313863483 	 23.543553923169867 
C 	 38.03836511637374 	 -15.848981673116434 	 23.781249512968934 
C 	 39.65667924036571 	 -14.849030839606048 	 22.371097751076807 
N 	 38.61121515985345 	 -15.726090424318004 	 22.55049149581107 
N 	 37.06206446283908 	 -16.547775857002204 	 24.002032759794368 
N 	 39.67592114641205 	 -14.346713400356895 	 21.207021466357524 
H 	 40.96343111390894 	 -11.653039341566533 	 30.71716121417521 
H 	 44.22070301044189 	 -9.02652773657985 	 27.843475441183443 
H 	 37.93140312939358 	 -14.494617823861912 	 28.201175203335204 
H 	 36.957706563978675 	 -15.489933852170061 	 26.28582624100938 
H 	 43.26550594590163 	 -12.507553087694058 	 24.45042989139495 
H 	 42.15356289024487 	 -13.634784314003088 	 22.504225772685817 
C 	 38.55610090258513 	 10.08173575883978 	 42.07186697397886 
C 	 38.22952304246388 	 8.747128702409622 	 41.77455134708238 
C 	 39.80168867158066 	 10.55873320494527 	 41.87463540638391 
C 	 39.33837083307976 	 8.006604731246794 	 41.385208648223816 
C 	 40.84434646814038 	 9.811682747562052 	 41.39443797025922 
C 	 40.60111680334357 	 8.441522899397068 	 41.30285797303843 
C 	 38.50088765616292 	 5.610301139171509 	 41.21690449318167 
N 	 37.39611453721272 	 5.816158500812021 	 41.61464606573781 
C 	 38.05561411187904 	 3.179323550063199 	 41.02956465378257 
C 	 38.95446825517452 	 4.243097110711867 	 40.89483899618307 
C 	 40.68725879374353 	 6.486012449047037 	 40.71046631690718 
N 	 39.399232615827614 	 6.600630351737151 	 41.0668368080866 
C 	 38.39792930444614 	 1.8988385631757942 	 40.638476958315145 
C 	 40.17860290980749 	 4.043794473806775 	 40.31745621371662 
C 	 41.06046264783735 	 5.152691013420827 	 40.21579550162102 
N 	 41.4778030093956 	 7.538030333383756 	 40.82227194714568 
C 	 39.6398039895862 	 1.6570715677744972 	 40.00163257996579 
C 	 40.524067503520094 	 2.7562233349614056 	 39.861265778601435 
C 	 42.3268967451069 	 4.924344519111751 	 39.578799958646115 
C 	 40.04091321619757 	 0.2883736186092534 	 39.502249510507326 
C 	 41.73652525109497 	 2.5583788969981045 	 39.18979592819094 
H 	 37.18605625027698 	 8.325502279711884 	 41.924219152340115 
C 	 42.662615687030005 	 3.660716542310509 	 39.129519048172206 
C 	 42.026364123389584 	 1.3056333886077065 	 38.54429959896804 
N 	 39.43838644238772 	 -0.7044809204331546 	 39.872301629511725 
N 	 41.239734049371314 	 0.2235796746179162 	 38.94322965064734 
H 	 41.802407688392805 	 10.193007531332333 	 41.24038444252172 
H 	 37.05786851009277 	 3.315073542512228 	 41.332314721618175 
N 	 43.022777589470486 	 1.1299376299591062 	 37.65033329493142 
H 	 37.67857814899742 	 1.104703584495453 	 40.88341308609847 
H 	 43.01554843210785 	 5.732601909103009 	 39.39976559682666 
H 	 43.57977094801604 	 3.5163966997241745 	 38.53785567943677 
H 	 38.04234183095166 	 -16.11511948535787 	 21.743521362012373 
H 	 39.03916463610277 	 -14.690990071012827 	 20.52696740657335 
N 	 35.747250476230576 	 10.454130806945189 	 42.59417352976145 
C 	 36.55824839298692 	 11.262219695820404 	 42.926681185721364 
N 	 37.8596418288299 	 11.069739410391298 	 42.74715185229305 
C 	 34.868537043327684 	 12.969500744349524 	 43.77619363925334 
C 	 36.16883968186042 	 12.64128538046892 	 43.52131259916333 
H 	 34.085757982982464 	 12.2271654717403 	 43.595720866732044 
C 	 38.865811682137746 	 11.971650043954432 	 42.97295957202499 
N 	 40.05695253698166 	 11.704864613808963 	 42.489803406294875 
C 	 34.5462751079493 	 14.252328389792192 	 44.20098897110392 
C 	 37.18986023982459 	 13.563943516880519 	 43.82816952244067 
C 	 38.518080944876374 	 13.242542975748519 	 43.58280961118364 
H 	 33.5137715170255 	 14.520266594946763 	 44.40440932354396 
C 	 35.533697836255655 	 15.216304376312225 	 44.40597399515606 
C 	 36.91259610951194 	 14.779169868471266 	 44.437085578303346 
C 	 39.52568008654391 	 14.185994049362357 	 43.88858607040427 
C 	 35.26729857518304 	 16.617880631083896 	 44.80061081313683 
N 	 34.183695072249996 	 17.122078655396955 	 44.58222270328244 
C 	 37.90661627724378 	 15.70335257174066 	 44.883382039759034 
C 	 39.24990337322919 	 15.390281926334023 	 44.54275272322979 
H 	 40.553398771676854 	 13.994579167856253 	 43.67948701680546 
C 	 37.550224433298325 	 16.81488625621456 	 45.640504931228435 
N 	 36.23489742820621 	 17.2466214951893 	 45.51713002476497 
C 	 36.19936062006685 	 18.228474888361273 	 46.474748352287094 
C 	 35.210501866765796 	 19.168750041357413 	 46.623972311257766 
N 	 38.348164072490924 	 17.331361931256637 	 46.61608786686916 
H 	 40.06164081343849 	 16.073428129281066 	 44.757679655408175 
C 	 37.45607719875529 	 18.209924864777317 	 47.058225161122444 
H 	 34.346558889984685 	 19.216293375158834 	 45.998611243926895 
N 	 33.35878024893077 	 21.51694097025951 	 46.2728915453056 
C 	 35.58144234443876 	 20.173159277306542 	 47.50220175997547 
C 	 34.11088162630075 	 22.153697382143203 	 47.032518730202426 
C 	 37.65062396438371 	 19.072128901392357 	 48.091017324277345 
C 	 36.72098878313835 	 20.1456531699264 	 48.21454916865528 
N 	 34.99459600699819 	 21.44462193386504 	 47.70267964205141 
C 	 33.310471221573756 	 24.3709503313926 	 46.3696963908055 
C 	 34.11900198861178 	 23.633332443330684 	 47.15657305235687 
H 	 32.58372856118379 	 23.890961174930148 	 45.658731319823495 
C 	 35.837497089421525 	 21.986177025832372 	 48.62972089511438 
C 	 33.223338822795114 	 25.754507910429567 	 46.589800939253706 
N 	 36.85386879026482 	 21.225475858818164 	 48.97067444015632 
C 	 34.861807918024 	 24.15218063023037 	 48.22417762853042 
H 	 38.60821727828169 	 19.07841453838068 	 48.64538836002527 
C 	 35.733601750785894 	 23.373929942407603 	 48.98296893420726 
C 	 34.043973514694194 	 26.39475507054882 	 47.556366004884445 
H 	 32.542041710605766 	 26.215721976389077 	 45.96418334323782 
C 	 34.83479278299703 	 25.57571640898156 	 48.362885295804475 
C 	 36.480662727972586 	 23.983832336389817 	 -48.344135040326314 
C 	 33.96924525900426 	 27.85847228875899 	 47.81836223481826 
N 	 33.33402394671197 	 28.608454993195753 	 47.140798397147925 
C 	 35.669145027108975 	 26.14416653555043 	 -49.03335155418545 
C 	 36.397057020827376 	 25.371409446449157 	 -48.165712584915646 
C 	 35.69348922012869 	 27.612307475688173 	 -48.93080423577269 
N 	 34.78142057950547 	 28.36831648639027 	 48.78186204920199 
H 	 37.091272622417904 	 23.399595531460893 	 -47.62854276857122 
C 	 35.28940745222164 	 29.699455597601563 	 48.87024292240153 
C 	 34.906497134700324 	 30.8732178293128 	 48.26239114406347 
N 	 36.77963430868162 	 28.281637619767768 	 -48.474043825737034 
C 	 36.48049350152114 	 29.57663939518042 	 -48.77812767205447 
H 	 36.998606662195414 	 25.994413281434497 	 -47.42543208942092 
N 	 33.521906310097535 	 33.56693663824915 	 47.26688860094972 
H 	 33.98836997158867 	 30.93617137252247 	 47.683367535652664 
C 	 35.79531766332174 	 31.913848333515077 	 48.454172552915985 
C 	 34.56533922053209 	 34.008129138523415 	 47.67847048075412 
C 	 37.35925580239199 	 30.61809467566999 	 -48.61653169758393 
C 	 36.91350160833625 	 31.859420127310973 	 -49.15379893173697 
N 	 35.63322898420198 	 33.251558211010476 	 48.04815090701196 
C 	 33.505532008820325 	 36.24163680858627 	 47.71057574200813 
C 	 34.64900592326645 	 35.49057653844776 	 47.863884991029764 
C 	 36.81532400439924 	 33.8040942966747 	 48.534733731135915 
H 	 32.46223643454608 	 35.78584289589777 	 47.5439805054445 
N 	 37.617947998289495 	 33.00533236281922 	 -48.99943308256739 
C 	 33.62577145072447 	 37.59700193111494 	 47.67582186223823 
C 	 35.84627550686435 	 36.09882975736624 	 48.1556149513351 
H 	 38.331490155691725 	 30.63057181311553 	 -48.11392422845612 
C 	 36.93648689590676 	 35.25482952009223 	 48.43385446465149 
C 	 34.85609225220497 	 38.18793294860589 	 48.04624488977619 
C 	 35.999840111231535 	 37.47910344946493 	 48.2957447804265 
C 	 38.175332345396754 	 35.778809608864336 	 48.721902109707685 
H 	 32.78015372737065 	 38.23470992913954 	 47.39969944111053 
C 	 34.88562754769243 	 39.653196730430956 	 48.205253450242985 
C 	 37.213077605250795 	 38.051098029002546 	 48.56403809461103 
N 	 33.921426733801766 	 40.344592704458556 	 48.10362446707248 
C 	 38.30467464883859 	 37.18343167513342 	 48.73189460225175 
H 	 39.00769869844017 	 35.10864286629557 	 49.00417596651986 
C 	 37.257638893679065 	 39.51038955289354 	 48.70754984652673 
N 	 36.077173984084666 	 40.18573026523335 	 48.4825919025146 
C 	 36.40615099931636 	 41.377882252122205 	 -49.131118482439724 
N 	 38.34935277336556 	 40.19000015875066 	 49.14651284804787 
C 	 35.59745699800567 	 42.49831085457565 	 -48.72583097853427 
H 	 39.30893709962058 	 37.541896926271356 	 48.85113246518614 
C 	 37.77181653307913 	 41.389837687676085 	 -48.78878781792082 
H 	 34.52304208420595 	 42.49861907474314 	 -48.841992153240255 
C 	 36.269085182501335 	 43.53422466483874 	 -48.09863305223861 
C 	 38.38995801657965 	 42.452734677034876 	 -48.15755932805905 
C 	 37.623693226697455 	 43.60194885163655 	 -47.96972522370239 
H 	 39.46139829359204 	 42.32069771155136 	 -47.88444115341669 
N 	 33.59701845841853 	 44.4657515609586 	 -47.89697523549211 
C 	 34.488186402780684 	 45.18140332645582 	 -47.47136575383678 
N 	 35.75296511702742 	 44.7368771190269 	 -47.532695979752624 
C 	 36.92986931472869 	 45.39001297905769 	 -47.0392991940051 
N 	 38.02018956722419 	 44.69557854106115 	 -47.20469629032597 
C 	 34.30916559207857 	 46.57614334718073 	 -46.93309997457775 
C 	 33.1145642223003 	 47.23586268481939 	 -47.0716120395254 
C 	 36.68264506761745 	 46.68547979343509 	 -46.386320660095535 
C 	 35.35427904313208 	 47.23929198653799 	 -46.360632318658936 
C 	 32.95989286464935 	 48.539059551495974 	 -46.604457657827595 
C 	 37.70107679588263 	 47.250039067790546 	 -45.62622209831236 
H 	 32.19648548809228 	 46.76897623369886 	 -47.495321368927826 
C 	 35.14992877741806 	 48.436013514165765 	 -45.72869759460219 
C 	 34.009885191054465 	 49.183818184445315 	 -45.887684592014814 
C 	 37.44334673653139 	 48.37815947192118 	 -44.84890236203437 
C 	 36.18875552612114 	 48.99830734267501 	 -45.00066454835458 
C 	 33.758638670477424 	 50.46778298047659 	 -45.21911696633508 
H 	 31.94963947635397 	 49.06766759184111 	 -46.68508587047735 
N 	 32.68947244811859 	 51.00867546395767 	 -45.2283900695026 
H 	 38.677680819275224 	 46.82817581807127 	 -45.56161023782775 
C 	 35.94578498419956 	 50.27382112694523 	 -44.347941218623596 
N 	 34.7793292020136 	 50.963640608991014 	 -44.56545079176091 
C 	 34.96881585220698 	 51.99559228393034 	 -43.62901952569232 
N 	 36.77512974027522 	 50.731954007557064 	 -43.37645256522969 
C 	 33.987042243536685 	 52.90952619526303 	 -43.27441184699119 
C 	 36.120405903288066 	 51.80227135027796 	 -42.92252629807388 
H 	 38.31772148041536 	 48.7592183265415 	 -44.16989037263821 
C 	 34.15649315704796 	 53.61484908558412 	 -42.12769403154943 
N 	 31.59415883064183 	 54.49348847472194 	 -42.68114536344004 
C 	 36.31984168894305 	 52.535778943088914 	 -41.756470391206605 
C 	 32.08922718057576 	 54.856782380583404 	 -41.633461040316575 
C 	 35.27276976040004 	 53.386315016090336 	 -41.32897527249559 
H 	 33.07912713623258 	 52.9138646692402 	 -43.812558312139245 
N 	 33.29219866166431 	 54.45799673915721 	 -41.39739598111018 
C 	 30.182496248551136 	 56.307323406691886 	 -40.899847983612204 
C 	 31.48603450434591 	 55.8681758025165 	 -40.63943140726862 
C 	 34.08606670484413 	 54.87286840935716 	 -40.35032631573797 
N 	 35.25672690565889 	 54.14966643696078 	 -40.21030598261149 
C 	 29.52535411089467 	 57.19433565368781 	 -39.969157455364574 
C 	 32.218708832556196 	 56.31957953475621 	 -39.566611374734656 
C 	 33.519676177817935 	 55.81158468322748 	 -39.37707978527762 
H 	 29.598144435783183 	 55.882417792625304 	 -41.706337015267735 
H 	 37.11168247401988 	 52.304848571313364 	 -41.083942814689884 
C 	 30.250090403064426 	 57.59546987059106 	 -38.83475209068772 
C 	 31.645346705422888 	 57.18153908734843 	 -38.667934213138786 
C 	 34.33969573266474 	 56.35746398517089 	 -38.36889641603703 
C 	 29.68192884742264 	 58.54975363178221 	 -37.82634735148482 
C 	 32.40813154708562 	 57.5207715343581 	 -37.522159362838444 
N 	 28.525193298335815 	 58.95164699859622 	 -37.815605210339875 
C 	 33.76753979791424 	 57.202048598963266 	 -37.45268697416859 
H 	 28.516732179028217 	 57.587229289178794 	 -40.19787820298527 
C 	 31.66904394831991 	 58.221304427798245 	 -36.418298620537165 
N 	 30.467248954941656 	 58.80714478386 	 -36.7215337506816 
C 	 30.13059952180365 	 59.126092116025475 	 -35.387072608278174 
C 	 28.959354687542774 	 59.82378419597636 	 -34.93534599554407 
H 	 35.337004431800494 	 56.146050219306176 	 -38.39082583073693 
N 	 32.215222920859254 	 58.2962617601974 	 -35.16072614631774 
C 	 31.177191902078523 	 58.898484392953605 	 -34.556603909463085 
C 	 28.8908249567574 	 60.04364953412491 	 -33.54739425051305 
N 	 26.55013384007191 	 -61.13996266919674 	 -34.37647712624048 
C 	 31.09566659626749 	 59.138436970881884 	 -33.193891037493174 
C 	 26.936941924989537 	 -61.30269649115916 	 -33.24421464560111 
H 	 34.28721462489084 	 57.66207153058914 	 -36.655746161915424 
C 	 29.88088692825597 	 59.60937875930809 	 -32.695433879444145 
H 	 28.150633997712035 	 60.20679464507661 	 -35.595472673102186 
N 	 28.001482542714996 	 60.85003453382045 	 -32.80192871171564 
C 	 25.274479121806216 	 -59.65330016628998 	 -32.464695703222674 
C 	 26.315710019394846 	 -60.49283566739841 	 -32.14068064062347 
C 	 28.478854059416363 	 60.69213388563639 	 -31.52815424571521 
N 	 29.64818599632778 	 59.96238205255302 	 -31.419801954148472 
C 	 24.641654062024895 	 -58.89287695370944 	 -31.447832563828214 
C 	 26.638964685886577 	 -60.70705401061952 	 -30.795763178607686 
C 	 27.724263140572674 	 61.338383211507704 	 -30.51888026705093 
H 	 25.03146906803268 	 -59.47123119488429 	 -33.51781286877263 
C 	 24.87488254216569 	 -59.20016848476791 	 -30.1217597312848 
H 	 31.9223824571222 	 58.870602710563716 	 -32.54803569247601 
C 	 25.874144700264985 	 -60.08744870249154 	 -29.763883075281793 
C 	 28.074193581959673 	 61.20043149472663 	 -29.15203375414382 
C 	 24.3228819635897 	 -58.34100838424387 	 -28.99312396429677 
C 	 26.19197962552634 	 -60.38610968756038 	 -28.435337634939405 
C 	 27.31616235309448 	 -61.1593454056443 	 -28.12561714531142 
H 	 23.832260110130495 	 -58.17018251050026 	 -31.725212601892547 
N 	 23.599389779383092 	 -57.40960695746022 	 -29.237416997204132 
C 	 25.49824724619534 	 -59.642481564463644 	 -27.428908569810314 
N 	 24.554460504757195 	 -58.73281731388346 	 -27.744052884889758 
H 	 28.93166302989914 	 60.630730607947875 	 -28.816427516909748 
C 	 24.193940346729153 	 -58.27525847712909 	 -26.458317251544816 
N 	 25.8380014939325 	 -59.716528253573976 	 -26.11709778060504 
C 	 23.23797152625734 	 -57.29007520655964 	 -26.222389546017098 
C 	 24.960096617680016 	 -58.90980176301963 	 -25.50693329073665 
H 	 27.562668172846237 	 -61.32807344732263 	 -27.045567959068883 
C 	 24.890112262551906 	 -58.45061589428074 	 -24.16098288506212 
C 	 23.14394175763174 	 -56.929721017588925 	 -24.88180046040822 
N 	 21.051214861776522 	 -55.004471646337265 	 -25.875862314973013 
H 	 22.70839513560113 	 -56.825794664858236 	 -27.02347297070386 
C 	 23.94715439512901 	 -57.48225938166817 	 -23.92995053300011 
C 	 21.40963338059517 	 -55.106595770105045 	 -24.709012275795256 
N 	 22.34934086627242 	 -55.963659633530256 	 -24.247467276612582 
C 	 22.7202506407764 	 -56.18334306631682 	 -22.9022666745261 
N 	 23.73463074138432 	 -57.01996680531432 	 -22.681486024603004 
C 	 20.912641168132783 	 -54.18679427344239 	 -23.611538933141965 
H 	 25.42953237050795 	 -58.92441118137903 	 -23.380357130855828 
C 	 20.117122963622833 	 -53.10194544068222 	 -23.96320305375828 
C 	 22.03546648062096 	 -55.425735390885485 	 -21.833897906639688 
C 	 21.263264605085528 	 -54.3321147752645 	 -22.290855364925825 
H 	 19.762095140592635 	 -52.938033378069555 	 -24.991536929264996 
C 	 19.588339676680864 	 -52.306091741500595 	 -23.002379078156597 
C 	 22.351935855898024 	 -55.58367897748022 	 -20.51656258304223 
C 	 20.687876547861762 	 -53.537975638974416 	 -21.234329592613786 
C 	 19.742132310718652 	 -52.54154166816163 	 -21.60810106161144 
C 	 21.80968277740589 	 -54.7411037243702 	 -19.55628293943941 
C 	 21.00278940129066 	 -53.64342423141101 	 -19.95516563180744 
H 	 22.950962475448783 	 -56.438319371095275 	 -20.111656844623585 
H 	 18.91775198391509 	 -51.54832356474686 	 -23.344030951197414 
C 	 18.88174808355612 	 -51.88891787174841 	 -20.62369650615819 
N 	 17.974829576542945 	 -51.1695756261686 	 -21.007666571035905 
C 	 20.310575404147176 	 -52.80731770050155 	 -18.969631504195714 
N 	 19.185389234991856 	 -52.159794649380586 	 -19.39145416771395 
H 	 22.122635720229884 	 -54.906227055134806 	 -18.54429732622692 
N 	 20.556183198412814 	 -52.78575462409542 	 -17.695540890967752 
C 	 18.55147157577844 	 -51.83969873248835 	 -18.20282657508432 
C 	 19.511661246560262 	 -52.12915205789342 	 -17.237232448123716 
C 	 17.303500608656083 	 -51.237091673089694 	 -17.98383355379462 
C 	 19.208038446302478 	 -51.84433484004972 	 -15.90682620660993 
H 	 16.63326883445978 	 -50.88554705836026 	 -18.75151578313371 
C 	 17.089595077097314 	 -50.9240402565052 	 -16.63988620324797 
C 	 17.965614508829233 	 -51.24496171966431 	 -15.603010510825928 
H 	 20.058694258609002 	 -52.020782565293494 	 -15.258839340221861 
H 	 16.122887738672347 	 -50.33441543081841 	 -16.45865704719161 
H 	 17.58540828022231 	 -51.030791958580764 	 -14.568117674466844 
C 	 6.752766080608341 	 50.73239622974939 	 -12.745927700199468 
C 	 5.979774786093915 	 49.78643612148181 	 -13.409123565307263 
C 	 8.062824815876196 	 51.032904536112454 	 -13.142196723921423 
C 	 8.57404592831626 	 50.19422034009569 	 -14.148085808766057 
C 	 7.738542242709598 	 49.23303406345301 	 -14.76013227192357 
C 	 6.4586487871839156 	 49.046802529296706 	 -14.490584040084261 
N 	 9.884898789644264 	 49.99445639552611 	 -14.618137934763524 
N 	 8.446501272641763 	 48.513888488128394 	 -15.692218439744074 
C 	 9.67154814101977 	 49.02133364037156 	 -15.541591539343564 
C 	 10.764861971220217 	 48.56316819352484 	 -16.268563145079806 
C 	 11.099299482094995 	 50.42190157641897 	 -14.181395528683167 
N 	 11.288279601406725 	 51.42361713565101 	 -13.544945558386347 
C 	 12.171178314037764 	 49.52728272962871 	 -14.609399461827076 
C 	 12.006563146184845 	 48.6249379586242 	 -15.669772146488665 
C 	 13.093918339975659 	 47.8583519473546 	 -16.14043875663671 
C 	 13.455539432884796 	 49.566175238581145 	 -14.008032964063174 
C 	 14.463792994938643 	 48.728079049148135 	 -14.401284034894667 
C 	 14.275482618375234 	 47.88225824860906 	 -15.4991727897685 
C 	 10.544550474165126 	 47.65204518880517 	 -17.29183833824028 
C 	 11.619020294309532 	 46.905714000142005 	 -17.763333712200822 
C 	 12.882312259521434 	 47.04265436540184 	 -17.2354955973205 
C 	 15.40588349538847 	 47.063248953885484 	 -16.04123780833627 
C 	 13.927609041812667 	 46.29793891095515 	 -17.821702283769216 
N 	 15.07214474361691 	 46.21165541494839 	 -17.074859610310178 
N 	 16.4505520184183 	 47.07904916011486 	 -15.441087383845833 
N 	 13.854169858511353 	 45.58024357424846 	 -18.985440447882016 
H 	 8.673135586370597 	 51.7368901365527 	 -12.62693980121431 
H 	 5.818055555829434 	 48.264634880639534 	 -14.935915988441716 
H 	 13.705821278003276 	 50.29414453472293 	 -13.228201480076606 
H 	 15.413397222913398 	 48.74545736819832 	 -13.880634287133468 
H 	 9.533152079883324 	 47.49788436184378 	 -17.65142456240642 
H 	 11.42474674649321 	 46.22516766632633 	 -18.63998691173486 
C 	 15.812027031374823 	 45.23045058102882 	 -17.78409357609357 
C 	 15.0061160064529 	 44.88456668876081 	 -18.87946846250864 
C 	 16.94576735281047 	 44.49259091805194 	 -17.474438215346023 
C 	 17.24958340703307 	 43.39507101625691 	 -18.379248317327257 
C 	 16.4547860642544 	 43.16184854208312 	 -19.508260789917863 
C 	 15.377377653912324 	 43.87634867889665 	 -19.775683048407217 
N 	 17.99708786723356 	 42.235429453365605 	 -18.11619337250772 
N 	 16.637834600064256 	 41.941099179162734 	 -20.007030812153616 
C 	 17.59668501687787 	 41.42061620359032 	 -19.15768404521695 
C 	 17.813791036153585 	 40.00622174997168 	 -19.070323501387033 
C 	 18.637822553932136 	 41.823462868015895 	 -16.999658417086188 
N 	 18.801317207662095 	 42.48440005021356 	 -16.030999866818593 
C 	 18.988820391826707 	 40.37162803267596 	 -16.973462355392783 
C 	 18.525259846161692 	 39.51398273320877 	 -17.961629354354262 
C 	 18.767428461480186 	 38.124626549665656 	 -17.896962825944584 
C 	 19.61969662313097 	 39.86940341363835 	 -15.815604277495071 
C 	 19.816571415482187 	 38.49569871524457 	 -15.765228229563718 
C 	 19.441364505986012 	 37.611766330729914 	 -16.818298918490378 
C 	 17.340312167621626 	 39.11573115783297 	 -20.11325176946954 
C 	 17.699498635226007 	 37.767842488497436 	 -20.01377155323746 
C 	 18.383662640582084 	 37.264133082493494 	 -18.909798409956775 
C 	 19.637593548369274 	 36.08548862101916 	 -16.720181312531142 
C 	 18.633353390707445 	 35.82814253468079 	 -18.85012762243703 
N 	 19.190929058497503 	 35.325350524947936 	 -17.70968167749887 
N 	 20.425627085893037 	 35.625033253894905 	 -15.920087329522335 
N 	 18.286817621930936 	 34.83431111110896 	 -19.617819405966742 
H 	 17.538481385068806 	 44.606761156624614 	 -16.511098690442648 
H 	 14.627512746186008 	 43.53801443253901 	 -20.51012386969776 
H 	 19.753154501161486 	 40.452873602665676 	 -15.001421933353049 
H 	 20.237726530530445 	 37.98096036790244 	 -14.894919685512583 
H 	 16.731965620914053 	 39.530072898159155 	 -20.919065681223785 
H 	 17.36155920748812 	 37.101843018723166 	 -20.784635157292588 
C 	 -3.0885543535159816 	 53.582942703119805 	 -6.399688156534202 
C 	 -1.7918912850520696 	 53.991144260666694 	 -6.724990684652613 
C 	 -3.6563037808489085 	 52.52581523784043 	 -7.089478034424365 
C 	 -1.2292891181661472 	 53.34861706904138 	 -7.8159480645210815 
C 	 -3.092959231871055 	 51.89490416425755 	 -8.145608928767789 
C 	 -1.8568305680765607 	 52.34847821823213 	 -8.505977731905292 
C 	 1.3272081227809827 	 54.04858044943264 	 -8.032832762111791 
N 	 1.2466189991159402 	 55.09164193165393 	 -7.504729672514091 
C 	 3.8373141575925516 	 54.18539467557181 	 -8.472326511011607 
C 	 2.5973615304324356 	 53.56596271826021 	 -8.684872333719845 
C 	 0.09050918702135875 	 52.27980865009567 	 -9.138236663680859 
N 	 0.17222541968740637 	 53.3108490661543 	 -8.217657201521071 
C 	 4.962550529308152 	 53.8097523722485 	 -9.18679902928361 
C 	 2.4662689517199543 	 52.535677423908695 	 -9.650046569250973 
C 	 1.2461464535796998 	 51.894953138297744 	 -9.932018084654365 
N 	 -1.0319379526946215 	 51.550843541983134 	 -9.239172703653619 
C 	 4.834030913426566 	 52.776671306641695 	 -10.137352096860099 
C 	 3.5472559091161933 	 52.17288372346383 	 -10.403282742908395 
C 	 1.2055138506319614 	 50.835197700420025 	 -10.87008954410128 
C 	 6.050385648919245 	 52.28348731448529 	 -10.871117691016583 
C 	 3.5038454610885896 	 51.15098023707201 	 -11.353333649956127 
H 	 -1.2517854619438515 	 54.7754324101665 	 -6.164244303755251 
C 	 2.346475323142515 	 50.43913071400773 	 -11.589941499989346 
C 	 4.681294812353226 	 50.75316242792109 	 -12.094612152043482 
N 	 7.146174064329341 	 52.75388117166745 	 -10.574913035105101 
N 	 5.872289025709304 	 51.31705505078645 	 -11.776215335290178 
H 	 -3.475266738741181 	 50.98404629651661 	 -8.65572812604077 
H 	 3.8371218449396247 	 55.06165177099327 	 -7.801365449111147 
N 	 4.706336072150808 	 49.718518724861944 	 -13.00727276913779 
H 	 5.980037899671475 	 54.28649375197612 	 -9.063756801663244 
H 	 0.28326071345883125 	 50.18657980198066 	 -11.05011762759688 
H 	 2.2447014734682287 	 49.5848570875133 	 -12.244950105813992 
H 	 19.375175095943536 	 34.3266500322762 	 -17.664328516752235 
H 	 17.28852692173961 	 34.94202514959917 	 -19.986183250783544 
N 	 -3.312931398114045 	 56.06639813218101 	 -4.942090873320634 
C 	 -4.278479558439969 	 55.26327358075744 	 -4.901953950661732 
N 	 -4.08540572365059 	 54.07922208082748 	 -5.549491740732547 
C 	 -6.125571843951383 	 56.76585789360672 	 -3.9735350203009023 
C 	 -5.633207996817023 	 55.52507588436717 	 -4.326138619914135 
H 	 -5.5149038664116175 	 57.64540185664603 	 -4.097301141669663 
C 	 -5.079359136586789 	 53.137052217761585 	 -5.6885007085075685 
N 	 -4.84264223068673 	 52.228653199548425 	 -6.646172977097028 
C 	 -7.446905326566662 	 56.93748406970831 	 -3.5428069303857086 
C 	 -6.563070995273131 	 54.432005122286114 	 -4.281448755350032 
C 	 -6.27891124421383 	 53.21986168494632 	 -4.882341993376177 
H 	 -7.8015375957787 	 57.944445230932054 	 -3.3259536910887904 
C 	 -8.338676293187973 	 55.892469830537564 	 -3.4233833338418678 
C 	 -7.877194924809364 	 54.624492960172184 	 -3.7328093229032486 
C 	 -7.175531605219508 	 52.205764745110535 	 -4.796584026064862 
C 	 -9.785705926023017 	 56.156880601502436 	 -3.106476048353481 
N 	 -10.308016259560766 	 57.24099891267077 	 -3.026896951817775 
C 	 -8.711128448040286 	 53.5012916569311 	 -3.575487198359973 
C 	 -8.345525282739963 	 52.271319869070055 	 -4.091838201137183 
H 	 -6.9638187936711375 	 51.274417677995004 	 -5.287950036999754 
C 	 -10.00255486675256 	 53.71695591541093 	 -2.949362623103412 
N 	 -10.529904192112346 	 54.99663667918318 	 -2.971968676544211 
C 	 -11.921844828073448 	 54.741930214128935 	 -2.667848817657865 
C 	 -13.067448855138872 	 55.48490427538911 	 -2.9774832443097488 
N 	 -10.79983933259998 	 52.77850730224502 	 -2.436151250347112 
H 	 -9.002849515814015 	 51.41013159334256 	 -4.137738181138741 
C 	 -11.973166461892717 	 53.38954361277279 	 -2.3348537641224625 
H 	 -13.0503497977239 	 56.42800772963976 	 -3.4663109720940906 
N 	 -15.592391758525471 	 57.22133269645413 	 -3.603047452460553 
C 	 -14.220520657667876 	 54.855932103763976 	 -2.483547929507302 
C 	 -16.177090193140803 	 56.23048309679562 	 -3.2321979716266163 
C 	 -13.138563121863033 	 52.81703246212976 	 -1.8188105498244544 
C 	 -14.22969718838454 	 53.59883986966457 	 -1.937597915976467 
N 	 -15.58706218715874 	 55.173554038038226 	 -2.7229583711293355 
C 	 -18.36706616888128 	 57.21257421798788 	 -3.6869219333343057 
C 	 -17.696276536515338 	 56.08860768236846 	 -3.2597193137348457 
H 	 -17.875803356768724 	 58.0052506137916 	 -4.144391734471415 
C 	 -16.201546666918947 	 54.023204267604044 	 -2.2646832769531997 
C 	 -19.733050027125845 	 57.1970165309618 	 -3.640416426173202 
N 	 -15.452781392528404 	 53.12959702200413 	 -1.669577357696977 
C 	 -18.345635015171393 	 54.9801889724387 	 -2.8040183381217823 
H 	 -13.244064718314538 	 51.80163303961714 	 -1.5322471214024909 
C 	 -17.619304318802975 	 53.90931504208596 	 -2.270724189592544 
C 	 -20.4366049081066 	 56.042454842861275 	 -3.192621517306581 
H 	 -20.289325439728728 	 58.13829299999587 	 -3.823755117925519 
C 	 -19.715010081731407 	 54.88939129582229 	 -2.8284447264050017 
C 	 -18.30873201326834 	 52.779320097757 	 -1.8156273338667448 
C 	 -21.930838413289155 	 55.969095697130825 	 -3.3552841758030523 
N 	 -22.611004265996616 	 56.96085916057681 	 -3.6139196763871317 
C 	 -20.353624985566206 	 53.781478335540584 	 -2.3216586473672467 
C 	 -19.690594671678376 	 52.686645893243 	 -1.8196007672628347 
C 	 -21.805575358416554 	 53.70683337254381 	 -2.521451020551036 
N 	 -22.416787957875453 	 54.790785218781565 	 -3.09154989692926 
H 	 -17.827624708198936 	 51.94774861264304 	 -1.3415661991357664 
C 	 -23.783650657951007 	 54.36553331807897 	 -3.0323985960063258 
C 	 -24.862428712023767 	 54.95332186314125 	 -3.660747320596558 
N 	 -22.605300105839184 	 52.73345205416894 	 -2.0873219221683685 
C 	 -23.812113555278028 	 53.10773011378577 	 -2.5083811495316564 
H 	 -20.23971193590003 	 51.82857949293501 	 -1.568507732949474 
N 	 -26.93679988097122 	 56.355517260538015 	 -5.377643385850138 
H 	 -24.798629157970556 	 55.80566271472564 	 -4.2744759507537085 
C 	 -26.004708131130077 	 54.1075230112926 	 -3.751929147297275 
C 	 -27.60332154905454 	 55.33081786413612 	 -5.248863059431632 
C 	 -24.979661403797078 	 52.344430863857085 	 -2.4912895541981035 
C 	 -26.041351338822743 	 52.86401291577067 	 -3.172123306143226 
N 	 -27.21222818486091 	 54.35581506856011 	 -4.455581491295361 
C 	 -29.44512750449242 	 56.011705200827286 	 -6.779016738646675 
C 	 -28.978180430703432 	 55.11990423958073 	 -5.849913006898608 
C 	 -27.896795667986662 	 53.19999655206521 	 -4.145542257371917 
H 	 -28.835652168957864 	 56.889345594398115 	 -6.9804310369776505 
N 	 -27.269133750554914 	 52.33847914189348 	 -3.391844626620288 
C 	 -30.669684333733 	 55.820589776566386 	 -7.357887802128916 
C 	 -29.744145737074167 	 53.97690579064083 	 -5.493138147153077 
H 	 -25.02812984763521 	 51.46937377372942 	 -1.829224085092124 
C 	 -29.259162616992153 	 53.02123027843675 	 -4.66463354589192 
C 	 -31.438937836467545 	 54.698132849177625 	 -7.011763026030025 
C 	 -31.021147729469064 	 53.781805121309084 	 -6.029779137759386 
C 	 -30.025929317205797 	 51.91750207796817 	 -4.292992171692232 
H 	 -30.99331431534032 	 56.39331905452656 	 -8.255290889606341 
C 	 -32.73346031321642 	 54.47729041748951 	 -7.764771241229821 
C 	 -31.730542175156497 	 52.59299166462075 	 -5.855990783345799 
N 	 -33.14692445260571 	 55.169616259459055 	 -8.706853993003232 
C 	 -31.18840626000487 	 51.65934657858584 	 -4.9737947066114225 
H 	 -29.569493423040296 	 51.08274466677508 	 -3.7281252443640027 
C 	 -33.00365334590373 	 52.4124267042982 	 -6.565887021324262 
N 	 -33.407043911971755 	 53.33809577288955 	 -7.493166294900343 
C 	 -34.43935875783046 	 52.625267120956835 	 -8.101764489861123 
N 	 -33.75049155086597 	 51.246495372744455 	 -6.446963848687742 
C 	 -35.143453320777674 	 52.98981580204304 	 -9.199189458142119 
H 	 -31.706467809295614 	 50.709646280326226 	 -4.872812581780301 
C 	 -34.633761788408385 	 51.459169361561415 	 -7.447914901393981 
H 	 -34.96867134714043 	 53.924513983779775 	 -9.824982119044503 
C 	 -36.10201805043972 	 51.99261997628578 	 -9.58774509455017 
C 	 -35.597261957421296 	 50.544729669578906 	 -7.769044304415529 
C 	 -36.2963133946944 	 50.78416582149291 	 -8.943790896338205 
H 	 -35.79542096019633 	 49.692446991103836 	 -7.0778007730463575 
N 	 -36.79898043897864 	 53.87762858979032 	 -11.851883052072044 
C 	 -37.50111117195928 	 52.896371725266654 	 -11.604512923476724 
N 	 -37.14797026466643 	 52.02115689772764 	 -10.573369907985471 
C 	 -37.79975527506687 	 50.798300304964464 	 -10.366634318655796 
N 	 -37.36124353185173 	 50.06937949976742 	 -9.383170459402356 
C 	 -38.69359873165987 	 52.51414280882413 	 -12.413252379653068 
C 	 -38.96848014256243 	 53.21445526041193 	 -13.591403918687135 
C 	 -39.01093513901985 	 50.50140508325742 	 -11.098332142161485 
C 	 -39.40888119017241 	 51.34087531720093 	 -12.11663537211545 
C 	 -39.96322946800959 	 52.77498259069154 	 -14.440899587525896 
C 	 -39.71065504415987 	 49.33497751827648 	 -10.807611628825125 
H 	 -38.32216375184633 	 54.08135321456867 	 -13.922189928815413 
C 	 -40.43178991350534 	 50.93543805229705 	 -12.955784619448885 
C 	 -40.74899079911784 	 51.70191554126958 	 -14.088298341573479 
C 	 -40.792688453330165 	 48.99840524065785 	 -11.559528455644623 
C 	 -41.209755424811156 	 49.792246970985616 	 -12.68128255863851 
C 	 -41.93425461428156 	 51.373199880793784 	 -14.867715239808375 
H 	 -40.14352584211428 	 53.35144988229366 	 -15.370913959239386 
N 	 -42.15547795535481 	 51.899039986342544 	 -15.968120047354404 
H 	 -39.39449984424652 	 48.71968992076912 	 -9.95233040297711 
C 	 -42.413828193667406 	 49.53396961231483 	 -13.412010836057588 
N 	 -42.795588858258235 	 50.41207949706123 	 -14.40223791983741 
C 	 -43.88177989245213 	 49.7445608225046 	 -14.992944322377923 
N 	 -43.227879109847635 	 48.46069194492525 	 -13.24481621665063 
C 	 -44.7874970895345 	 50.04300307526231 	 -16.070757677625355 
C 	 -44.15306839465629 	 48.68439197024594 	 -14.203418209453554 
H 	 -41.32028148280212 	 48.02546363325291 	 -11.535444653966048 
C 	 -45.861730081584135 	 49.1776081171886 	 -16.249277004106286 
N 	 -46.329811783008985 	 50.77295874705954 	 -18.532086926748864 
C 	 -45.18444167633401 	 47.75863140298001 	 -14.391105860993864 
C 	 -47.00380577879177 	 49.83686406218223 	 -18.244879304402886 
C 	 -46.01160367986059 	 48.00892418957959 	 -15.461366458347783 
H 	 -44.424053427827474 	 50.734162767799134 	 -16.835783669968183 
N 	 -46.899669821132726 	 49.090810207840214 	 -17.140961526506572 
C 	 -48.35834532859822 	 49.871272211064415 	 -20.375067663477314 
C 	 -48.16188888536761 	 49.2748989397301 	 -19.104217357253077 
C 	 -47.464416693543924 	 47.83179062783799 	 -16.883979136395837 
N 	 -47.03518574351626 	 47.19744042037252 	 -15.804705272532543 
C 	 -49.346003681575596 	 49.43876487850957 	 -21.231762420641715 
C 	 -48.88547334824221 	 48.094938780303046 	 -18.82871454123025 
C 	 -48.63421891112593 	 47.40823158945421 	 -17.59253896092475 
H 	 -47.744213639857136 	 50.70326564118749 	 -20.608993907582946 
H 	 -45.28881611545425 	 46.99011102567338 	 -13.62027844733119 
C 	 -50.11172064993614 	 48.37565768123153 	 -20.782123627202605 
C 	 -49.94776859886017 	 47.68737901191546 	 -19.56473279578268 
C 	 -49.33008837802615 	 46.270611320722885 	 -17.29856883328399 
C 	 -51.39687723585323 	 48.0463398387158 	 -21.479997082034078 
C 	 -50.80960136410637 	 46.65254387048508 	 -19.14618570908369 
N 	 -51.74356049821824 	 48.626988284833935 	 -22.471860835027336 
C 	 -50.445135075566 	 45.91824636931522 	 -18.017288969326565 
H 	 -49.543074484342156 	 49.984141688711766 	 -22.175543834197182 
C 	 -51.900050399973885 	 46.23162251680735 	 -19.934912939580034 
N 	 -52.18538062914501 	 47.00070444681881 	 -21.027220459763186 
C 	 -53.35317371183359 	 46.44061779252465 	 -21.576753748800982 
C 	 -54.15655447117277 	 46.67292894217321 	 -22.68952045068099 
H 	 -48.913922473127755 	 45.565614408624796 	 -16.54138814607148 
N 	 -52.75853894295891 	 45.1772269837041 	 -19.69849902834083 
C 	 -53.63717550583983 	 45.38041744020942 	 -20.68450032242231 
C 	 -55.2521086841155 	 45.83965796196329 	 -22.770405807633576 
N 	 -55.566776647246506 	 47.115211249305624 	 -25.446944829173557 
C 	 -54.80862165008449 	 44.690646918808426 	 -20.727015019218538 
C 	 -56.342082522284024 	 46.278804367114574 	 -24.98458107461846 
H 	 -51.04364674076331 	 45.09749125223333 	 -17.77628563943283 
C 	 -55.65947419208818 	 44.94139508139093 	 -21.815548011384983 
H 	 -53.9293862890987 	 47.405305268509515 	 -23.476034051132267 
N 	 -56.21819332028551 	 45.69824911704406 	 -23.75887004264857 
C 	 -57.70938898333405 	 46.392908425633735 	 -27.047053083254223 
C 	 -57.55843110673492 	 45.84617663686213 	 -25.75119608094132 
C 	 -57.046681200650255 	 44.67942023685902 	 -23.253827941071762 
N 	 -56.78327799291683 	 44.2266104903452 	 -22.040785217113495 
C 	 -58.67275805416056 	 45.918934832536365 	 -27.945186917409647 
C 	 -58.336873468201674 	 44.80406913216335 	 -25.342748915854557 
C 	 -58.17622432027004 	 44.16687945121429 	 -24.09446214600897 
H 	 -56.99695737934825 	 47.17798151160751 	 -27.321185020348096 
C 	 -59.50034452663643 	 44.89956573882947 	 -27.548915669586034 
H 	 -55.04476302790001 	 43.93492841983877 	 -19.955914730688182 
C 	 -59.315472176064375 	 44.3309896646304 	 -26.243516698006474 
C 	 -58.97932901128344 	 43.094633288639784 	 -23.71344750306672 
C 	 -60.54185994436353 	 44.382408752615575 	 -28.450694694433835 
C 	 -60.19405124498636 	 43.27572687758686 	 -25.81021699514378 
C 	 -59.96395472919617 	 42.5742663510994 	 -24.56052334623877 
H 	 -58.71836244997922 	 46.34289917527987 	 -28.926956161652004 
N 	 -60.67018410919504 	 44.76573388953595 	 -29.600096729373234 
C 	 -61.25900241352867 	 42.87525742476806 	 -26.664312413494024 
N 	 -61.255292103764496 	 43.32018506419206 	 -27.946680702709 
H 	 -58.833510139841046 	 42.779580051813575 	 -22.695620660563446 
C 	 60.50176266380078 	 42.680615200856025 	 -28.480275431025966 
N 	 60.59271267968986 	 42.117397326559086 	 -26.282605286541127 
C 	 60.10616907180314 	 42.51657582885262 	 -29.76904389899146 
C 	 59.85654504518437 	 42.016923454346 	 -27.4038518169839 
H 	 -60.62649627262801 	 41.80652830382837 	 -24.230210290208355 
C 	 58.77981796953017 	 41.17961186692009 	 -27.62553070490911 
C 	 59.059657690449654 	 41.66262600033755 	 -29.931112356094346 
N 	 59.614618613305 	 42.18988489453108 	 -32.80464938486332 
H 	 60.55924009991421 	 43.00333797095499 	 -30.643933626411595 
C 	 58.48782502299358 	 40.98477074459944 	 -28.90465819541297 
C 	 58.68784046914801 	 41.467703960089516 	 -32.472368257263184 
N 	 58.44230692396772 	 41.17202210435258 	 -31.15300302423088 
C 	 57.470895999638124 	 40.3346371632542 	 -30.654814752983707 
N 	 57.47317873333935 	 40.1918905820937 	 -29.29591242014947 
C 	 57.88983596983997 	 40.648389425477646 	 -33.47091251009145 
H 	 58.26913128334997 	 40.530820900316435 	 -26.882396216809372 
C 	 58.18273772487636 	 40.76919929096454 	 -34.847369188412806 
C 	 56.7206708775551 	 39.53629750892716 	 -31.647874297322048 
C 	 56.94084182160496 	 39.71633365314176 	 -32.995105152895746 
H 	 58.82174865183907 	 41.4143024255708 	 -35.26060684494092 
C 	 57.52824391520086 	 39.90199803833766 	 -35.712513866554076 
C 	 55.62423117525527 	 38.76612741409425 	 -31.188672811363404 
C 	 56.29436679677286 	 38.7949999843227 	 -33.93595948308514 
C 	 56.6111340232353 	 38.89495293132662 	 -35.27030006105231 
C 	 54.960989520249676 	 37.94196429199673 	 -32.11834345793733 
C 	 55.356163940044006 	 37.91311955720986 	 -33.438658994938606 
H 	 55.37988204670942 	 38.694343888604564 	 -30.14278477661773 
H 	 57.74179355847407 	 39.946237798185145 	 -36.779397399482534 
C 	 56.04234000716269 	 37.90904794527375 	 -36.24718439806951 
N 	 56.305216150873086 	 37.95694338544213 	 -37.44640609393788 
C 	 54.85631450158224 	 36.93029357218131 	 -34.3213151700881 
N 	 55.24916736554195 	 36.97883524688239 	 -35.67602843006414 
H 	 54.06382067229898 	 37.35860013684994 	 -31.830698974511325 
N 	 54.02109571268994 	 35.89390179233856 	 -33.96655424837861 
C 	 54.704408290981576 	 35.7645506055994 	 -36.141852235216525 
C 	 53.99665842577766 	 35.195938307941155 	 -35.14787705806382 
C 	 55.122600120751976 	 35.05071710422882 	 -37.24697492837402 
C 	 53.55016657943818 	 33.88781546646845 	 -35.25319719370387 
H 	 55.69913590438337 	 35.43358991669268 	 -38.02853750974017 
C 	 54.639981880887255 	 33.771791835924546 	 -37.38248880296314 
C 	 53.89578006360673 	 33.16529729350861 	 -36.34252181862279 
H 	 53.06083212524572 	 33.411888496023515 	 -34.438735653219645 
H 	 54.925885413594834 	 33.28997080562463 	 -38.298390363598934 
H 	 53.690274772474154 	 32.137771847549104 	 -36.483510449583804 
