C 	 21.668908039610173 	 19.103206557021693 	 24.694841886173084 
C 	 21.09395638708388 	 18.200776833596564 	 25.59664821366996 
C 	 22.911028851721145 	 19.64028454331015 	 24.952847503945353 
C 	 23.501642381143487 	 19.22688731078424 	 26.164319063837574 
C 	 22.887328606189598 	 18.36355219245082 	 27.06545433315472 
C 	 21.686131751233336 	 17.783167827641854 	 26.757899594247004 
N 	 24.749598756564158 	 19.555274953042765 	 26.828153021291243 
N 	 23.516956727501135 	 18.147044056409335 	 28.15666738033176 
C 	 24.679348510319848 	 18.822189481277622 	 27.988242381758926 
C 	 25.860460230820877 	 18.806242455929162 	 28.85088605732596 
C 	 25.872497206634925 	 20.189939011741398 	 26.37179126733555 
N 	 25.98415837618761 	 20.66950154508594 	 25.25106104741576 
C 	 27.06543967842409 	 20.251334858403148 	 27.317679953112222 
C 	 26.99206295050879 	 19.581794774900136 	 28.545959263978858 
C 	 28.026535661993844 	 19.738499052917483 	 29.470709901447172 
C 	 28.201543957526003 	 20.933467670636304 	 26.905137683670905 
C 	 29.317054525561453 	 21.01777528520831 	 27.76816323692241 
C 	 29.16051599212298 	 20.462416098421567 	 29.06637087702392 
C 	 25.785204394871258 	 18.138385959781285 	 30.058693514107887 
C 	 26.889892342259802 	 18.186760261682394 	 30.95085883919552 
C 	 27.990680415237485 	 18.99160745086392 	 30.679919675950742 
C 	 30.330523219611997 	 20.565634255502673 	 30.00113713162979 
C 	 29.120557998466747 	 19.096198170493217 	 31.58949548548992 
N 	 30.21085226971226 	 19.890325720215714 	 31.142407598436332 
N 	 31.355464110096396 	 21.14009946648521 	 29.67524274008861 
N 	 29.110006981244393 	 18.543051683819996 	 32.84711807067675 
H 	 23.50096180214824 	 20.181904806795284 	 24.309611988512966 
H 	 21.272013601616788 	 16.987866850584606 	 27.37090846089014 
H 	 28.417604222274573 	 21.318044160234933 	 25.910514971766894 
H 	 30.228874046661453 	 21.5735606256713 	 27.49999302617596 
H 	 24.938548566042904 	 17.53464840286926 	 30.362897000548518 
H 	 26.98379936174007 	 17.610897635777874 	 31.839984385542564 
C 	 31.064729655998878 	 19.703017643811265 	 32.218627088429926 
C 	 30.397690916407075 	 18.952065968560397 	 33.2535333769712 
C 	 32.41645245190338 	 20.09717513324617 	 32.26416043705616 
C 	 33.07453435124198 	 19.609871258339428 	 33.435560639320634 
C 	 32.470910207527304 	 18.801616644116745 	 34.4262450704479 
C 	 31.13741861667505 	 18.466547598594136 	 34.344683700793276 
N 	 34.44092015662826 	 19.739952513619997 	 33.81306761165656 
N 	 33.40623648781362 	 18.40032767673536 	 35.31971301427988 
C 	 34.55318129964086 	 18.871457757769043 	 34.83064742726989 
C 	 35.903732489086394 	 18.66528024521555 	 35.400761684146 
C 	 35.38226379997644 	 20.599921095231235 	 33.37035445071601 
N 	 35.258185957697364 	 21.447768170467974 	 32.530739780617346 
C 	 36.712356250379464 	 20.44485396559889 	 34.03443458405104 
C 	 36.92310134021489 	 19.40436900706314 	 34.921224028894756 
C 	 38.21589378782838 	 19.04922585759575 	 35.33498517080396 
C 	 37.822324855064316 	 21.251560840534978 	 33.66569620074983 
C 	 39.091097604332624 	 20.924911080086595 	 34.019189510615206 
C 	 39.29009998213773 	 19.845240664329083 	 34.89653279151184 
C 	 36.105430142567585 	 17.603002548765378 	 36.26064774426217 
C 	 37.37116370188138 	 17.0983227681623 	 36.49836764522084 
C 	 38.461991942086925 	 17.87917000972038 	 36.111730298636175 
C 	 40.683570252875384 	 19.44854847007047 	 35.28578997643155 
C 	 39.80423246087762 	 17.578452885837212 	 36.539477706698186 
N 	 40.81354150126809 	 18.41027145218349 	 36.13429600719469 
N 	 41.667112558864424 	 20.13248125652228 	 34.99060726732482 
N 	 40.31722909273271 	 16.483410807795078 	 36.997210971227055 
H 	 32.98201571578712 	 20.733325415466595 	 31.501302293390843 
H 	 30.663947708277476 	 17.73740035099008 	 34.9180538801288 
H 	 37.583033195711785 	 22.153806111426768 	 33.09530917448274 
H 	 39.81270103703184 	 21.60743374191819 	 33.66769835896456 
H 	 35.24648375952764 	 17.07990768878524 	 36.675103733716874 
H 	 37.55637094027351 	 16.24326728495602 	 37.124762435892336 
C 	 11.37887454753738 	 19.70455835586878 	 18.442601120231174 
C 	 12.744766712959807 	 19.86349838986395 	 18.457845097421753 
C 	 10.725020587402023 	 18.983972353806752 	 19.399848890636427 
C 	 13.486596936153767 	 19.217289711778548 	 19.484473801000732 
C 	 11.438234217936076 	 18.339907055193983 	 20.473428762819022 
C 	 12.836413514975789 	 18.52579721715836 	 20.470150337118923 
C 	 15.877107359269697 	 19.894986147165156 	 19.19527081339128 
N 	 15.854499206178499 	 20.452835459931855 	 18.067568650617936 
C 	 18.200359422457566 	 20.715092438213592 	 19.666608381916454 
C 	 17.129358932385816 	 19.930499245385054 	 20.073433310554265 
C 	 14.888355012736437 	 18.567921436032055 	 20.953244724955773 
N 	 14.852810994054867 	 19.201225959483455 	 19.750864594256775 
C 	 19.380619918301864 	 20.654394584244578 	 20.429839908494305 
C 	 17.218654143478897 	 19.128906010818355 	 21.28509856905608 
C 	 16.131185974449036 	 18.318745161895162 	 21.63699003613759 
N 	 13.677366171112602 	 18.172410540927935 	 21.46960513368392 
C 	 19.474311597687034 	 19.909013822048173 	 21.595033609338653 
C 	 18.408159724708792 	 19.15970237029659 	 22.04246235184838 
C 	 16.170505369124392 	 17.686238117035973 	 22.89066914673813 
C 	 20.757747746957147 	 19.951204515858574 	 22.429393686380585 
C 	 18.436570579751912 	 18.391621499903685 	 23.242416850003085 
H 	 13.17791699527058 	 20.382530836580507 	 17.70050329951276 
C 	 17.265605364831178 	 17.781719090184804 	 23.715934494485463 
C 	 19.700506388296976 	 18.484989118173576 	 23.984802582122413 
N 	 21.653934810971247 	 20.680373843013612 	 22.03839701991229 
N 	 20.736640920163257 	 19.334098709692483 	 23.592478745576674 
H 	 10.899114660849346 	 17.89738582031997 	 21.302020176766362 
H 	 18.125270116813386 	 21.277723151447347 	 18.766458544896857 
N 	 19.85345656254828 	 17.781495574516786 	 25.182741190713156 
H 	 20.244944803403815 	 21.20329649039767 	 20.198264096595473 
H 	 15.256293319515795 	 17.181950468401887 	 23.264013688275895 
H 	 17.324615569535357 	 17.279143960513984 	 24.693205696645244 
H 	 41.75196851759418 	 18.21052974230072 	 36.4533538399697 
H 	 39.9703356007077 	 16.262116325506096 	 37.94857883781197 
N 	 11.404469240497773 	 21.726978660098904 	 16.20904079059341 
C 	 10.32640557737227 	 21.20890591184274 	 16.673461872054425 
N 	 10.357976998073767 	 20.212327015873242 	 17.615225310882856 
C 	 8.781127864272019 	 22.651830835116733 	 15.254926358834094 
C 	 8.923477224134729 	 21.593671530248077 	 16.13302193584186 
H 	 9.603127323507508 	 23.251785399797598 	 14.951271716824955 
C 	 9.217036457405694 	 19.653793338390486 	 18.130817940813298 
N 	 9.413453816842235 	 19.019515276156316 	 19.310746787457767 
C 	 7.552359677376254 	 23.16753617439484 	 14.955599357311451 
C 	 7.750721777104602 	 21.004152778863123 	 16.664222643732938 
C 	 7.929917609179188 	 19.95380909216857 	 17.554511705014427 
H 	 7.40535972646644 	 23.932975492093956 	 14.232899344151038 
C 	 6.384361718443732 	 22.516504438651175 	 15.379529949063018 
C 	 6.49548139815704 	 21.42594704102432 	 16.206168971840587 
C 	 6.804213785913852 	 19.185531635136606 	 17.93565451891968 
C 	 5.039287544634445 	 23.086379335137444 	 15.056114266750386 
N 	 4.921859538306915 	 24.051776257915567 	 14.386081503628949 
C 	 5.3723221267545895 	 20.765104514707776 	 16.697806528843675 
C 	 5.565626419080138 	 19.629153242898543 	 17.52163464841188 
H 	 6.9172510948261 	 18.336639526783916 	 18.575486162553105 
C 	 4.0516267549481215 	 21.300448637825937 	 16.309091326054006 
N 	 4.037959792241208 	 22.507276968633445 	 15.61870920756346 
C 	 2.6627074549353913 	 22.825192016343102 	 15.70025253667352 
C 	 1.9485913716240515 	 23.871506024233287 	 15.205366055556327 
N 	 2.925769396451653 	 20.774326483695077 	 16.81217462776239 
H 	 4.743704122960109 	 18.999317840778286 	 17.850619488043936 
C 	 2.047205108671834 	 21.782255051045922 	 16.401982444479035 
H 	 2.4795514416969864 	 24.734042774088117 	 14.749178418701455 
N 	 0.6444483056842499 	 26.51044315404339 	 14.326940886017203 
C 	 0.6167819602607919 	 23.889924173154853 	 15.526080881572835 
C 	 -0.3436700070186158 	 25.98050082403717 	 14.671053070721067 
C 	 0.727951584383546 	 21.795283092226686 	 16.707860841416707 
C 	 0.03505853001165693 	 22.871295684252296 	 16.26039418208321 
N 	 -0.42172109565404176 	 24.74593777516473 	 15.078695951053469 
C 	 -1.6821755655611317 	 28.082240641332824 	 14.188676204991948 
C 	 -1.588235921085799 	 26.80978066564969 	 14.695075625786355 
H 	 -0.8538616334384926 	 28.488723418526117 	 13.674942656698144 
C 	 -1.4809497116072585 	 24.23669964151447 	 15.704673679959841 
C 	 -2.8672360467737326 	 28.854025874867116 	 14.23087052301362 
N 	 -1.3324800825828904 	 22.962999485256123 	 16.23990886137747 
C 	 -2.7610315529289906 	 26.326315747494835 	 15.362946812230321 
H 	 0.2788913942983633 	 20.969233104804147 	 17.165980853891508 
C 	 -2.6654363584040586 	 25.024583045248146 	 15.904843973763098 
C 	 -4.000657827512076 	 28.35191515830686 	 14.839963544543584 
H 	 -2.7958342323669765 	 29.824696882019772 	 13.778471014807126 
C 	 -3.896977878928014 	 27.04996863126394 	 15.444277075818203 
C 	 -3.761046252610247 	 24.461724394186167 	 16.57634855298365 
C 	 -5.263113415734314 	 29.108833146181638 	 15.057842074776888 
N 	 -5.4656018516517895 	 30.34378638177961 	 14.835062463587164 
C 	 -5.035939347139624 	 26.46471709770255 	 16.055809078778253 
C 	 -4.943923434088041 	 25.150092618982406 	 16.593119708040884 
C 	 -6.277502021890988 	 27.18810156740886 	 16.101068725850006 
N 	 -6.250311061416309 	 28.462338230958615 	 15.635811516213831 
H 	 -3.673594028096749 	 23.450133842606817 	 17.04581886096169 
C 	 -7.584982010481905 	 28.898042168814555 	 15.92602215286855 
C 	 -8.242168857694324 	 30.113436761947323 	 15.717979364072876 
N 	 -7.390277280156125 	 26.780284794372456 	 16.699562437093135 
C 	 -8.194388117977855 	 27.84743868536366 	 16.581738822397735 
H 	 -5.860381404716453 	 24.636033105097415 	 16.983327269427214 
N 	 -9.69388121075026 	 32.969859667951056 	 15.132969729824513 
H 	 -7.789088975445947 	 30.946243021683664 	 15.122114872257479 
C 	 -9.572971099525352 	 30.206782811989108 	 16.274708809567464 
C 	 -10.65080670068852 	 32.43041047428535 	 15.715034741217677 
C 	 -9.47922687070316 	 27.92199159160777 	 17.020476158752114 
C 	 -10.155795734926253 	 29.118819917785498 	 16.898728255156087 
N 	 -10.536462602595615 	 31.23928536180589 	 16.296639592704825 
C 	 -12.162941542503818 	 34.33230814935578 	 15.186182651891716 
C 	 -11.973957578006834 	 33.12483868869291 	 15.890177028265859 
C 	 -11.599234907747984 	 30.622993776202865 	 17.02641937001873 
H 	 -11.394817271993041 	 34.7131476308162 	 14.526298743985892 
N 	 -11.37487735584211 	 29.299764325790058 	 17.390223284434864 
C 	 -13.388957591427454 	 35.004999718633556 	 15.343836613939821 
C 	 -13.008410040597573 	 32.57076223404436 	 16.684805339588426 
H 	 -9.95730706182724 	 27.12526115176973 	 17.550100922647754 
C 	 -12.828513276015103 	 31.318417649799056 	 17.266219688321772 
C 	 -14.367939623907242 	 34.508238090742644 	 16.21840074934722 
C 	 -14.242849623188334 	 33.28520288028334 	 16.808886361855265 
C 	 -13.930253315755408 	 30.778669024201534 	 18.005548910765675 
H 	 -13.544570872620888 	 35.98595792294942 	 14.983375277839215 
C 	 -15.6967974626445 	 35.25048343508385 	 16.36697417729742 
C 	 -15.29052731618601 	 32.74177215040342 	 17.596433935798498 
N 	 -15.948541677076387 	 36.389856966702816 	 15.956892682220476 
C 	 -15.150321629043441 	 31.49813655266274 	 18.14750633129206 
H 	 -13.673209396021571 	 29.861664553247795 	 18.639372533852505 
C 	 -16.42777129038659 	 33.51747302567066 	 17.893009588893516 
N 	 -16.548615684530468 	 34.635904944993655 	 17.214004815867114 
C 	 -17.77965747156492 	 34.99700535515069 	 17.691812803270366 
N 	 -17.34669844510857 	 33.21471565410941 	 18.83668037200318 
C 	 -18.56335173713252 	 36.055870824968984 	 17.340619549583508 
H 	 -15.92504263535323 	 31.106127095389017 	 18.804718552573863 
C 	 -18.230711168494317 	 34.070318319864604 	 18.61840472635366 
H 	 -18.34956344404109 	 36.804099784299794 	 16.520906823995166 
C 	 -19.733974262851092 	 36.172388575915356 	 18.052393886824014 
C 	 -19.41587883214222 	 34.112658870105655 	 19.312372620030818 
C 	 -20.141153786733426 	 35.259137495569064 	 19.017894519259578 
H 	 -19.704922535473838 	 33.365209831050336 	 20.095826775220868 
N 	 -19.776351308398088 	 38.69378828052505 	 16.47054114719696 
C 	 -20.66561971402962 	 38.38331562130394 	 17.245159620937955 
N 	 -20.682795810510587 	 37.22855044956539 	 17.95058190282781 
C 	 -21.54729084097446 	 36.78055543588863 	 18.926826922992674 
N 	 -21.19860952553294 	 35.65044606714691 	 19.638179778013455 
C 	 -21.77230657453803 	 39.3058459978017 	 17.65823626560703 
C 	 -21.793552070689202 	 40.53988353316374 	 17.048924907722743 
C 	 -22.662354164207716 	 37.60861344602909 	 19.299749768904817 
C 	 -22.73198687102659 	 38.839036361003174 	 18.628756964913578 
C 	 -22.78931749720435 	 41.39886293768182 	 17.463592453530925 
C 	 -23.601074443234438 	 37.26913708391193 	 20.367693460917724 
H 	 -21.07558239261175 	 40.78081952152427 	 16.25606805056527 
C 	 -23.77408835607605 	 39.71970902932859 	 18.949343527649763 
C 	 -23.825736266371614 	 41.01249922642841 	 18.35888171485612 
C 	 -24.65963218106177 	 38.114881981689216 	 20.62536458273438 
C 	 -24.777696831216858 	 39.323035737297786 	 19.89358136002959 
C 	 -25.009224925967523 	 41.90198560858972 	 18.57670358596923 
H 	 -23.046218115250436 	 42.30069980186714 	 16.85666464657033 
N 	 -25.048097514143993 	 43.0505884861693 	 18.19390063103829 
H 	 -23.554848959154384 	 36.242500598762554 	 20.930711460705982 
C 	 -25.92392336326651 	 40.198232951187805 	 20.114707117087377 
N 	 -25.93604113007435 	 41.429399463693514 	 19.441794252220934 
C 	 -27.099887415145137 	 41.98559832517218 	 19.998934650253464 
N 	 -26.884443025817674 	 39.96737035771069 	 21.038509645059936 
C 	 -27.749190131611627 	 43.16745444059538 	 19.71708542708051 
C 	 -27.58221062102923 	 41.11175564883352 	 20.955173194443606 
H 	 -25.389614762649508 	 37.8403947730821 	 21.284390728697954 
C 	 -28.961982314143853 	 43.39037971451796 	 20.436607359001417 
N 	 -28.900272414116436 	 45.986850345491845 	 19.085226036167 
C 	 -28.705172745462946 	 41.35641742574259 	 21.736098555108526 
C 	 -29.798623151301996 	 45.62363849634133 	 19.801215958851433 
C 	 -29.398304505974092 	 42.54057983982307 	 21.476499566316637 
H 	 -27.337833059345193 	 43.958395179602974 	 18.99732025804403 
N 	 -29.900435042295932 	 44.39483163823343 	 20.36372550574611 
C 	 -31.150679722382673 	 47.674018762639434 	 19.286206213803876 
C 	 -30.984271842418696 	 46.49520478531944 	 20.02222193921678 
C 	 -30.740324072745814 	 44.0881784577192 	 21.429213996009263 
N 	 -30.4691585434769 	 42.96561733105068 	 22.104366945160006 
C 	 -32.36184749043792 	 48.44119900673433 	 19.36802575161025 
C 	 -32.01278698722007 	 46.15499456923822 	 20.930213862351028 
C 	 -31.899697727663625 	 44.99328989733619 	 21.675546023805545 
H 	 -30.386346028346875 	 48.00017236829648 	 18.540893479818546 
H 	 -29.041421265596476 	 40.70113993035243 	 22.51021285170123 
C 	 -33.29471011052151 	 48.09129921857895 	 20.323036743270535 
C 	 -33.178747249386234 	 46.90761375400342 	 21.07695760600783 
C 	 -32.81216099760508 	 44.748108530178875 	 22.75042270877516 
C 	 -34.57944375374508 	 48.91015752951168 	 20.299592424929873 
C 	 -34.16567381148388 	 46.69603154489031 	 22.082343318154052 
N 	 -34.805826395233886 	 49.654919123260356 	 19.376966954060677 
C 	 -33.8832558767112 	 45.60857562361171 	 22.906539653810473 
H 	 -32.47709212834144 	 49.31543742640933 	 18.81382418443073 
C 	 -35.21284664583141 	 47.64602176265401 	 22.294373665767868 
N 	 -35.39459567623426 	 48.62861129885207 	 21.36165818318329 
C 	 -36.46034498426537 	 49.29519624698964 	 21.856342368918313 
C 	 -37.155366934782364 	 50.34045669400534 	 21.24865097831853 
H 	 -32.68830509935965 	 43.968354392339734 	 23.507412025670288 
N 	 -35.947699298677044 	 47.84303840325908 	 23.427789306098074 
C 	 -36.761242917664795 	 48.79477413134492 	 23.086766648984128 
C 	 -38.20881253915233 	 50.83875527700897 	 22.045316338226872 
N 	 -38.563422162468655 	 52.5487496177027 	 19.6570575164418 
C 	 -37.84199182819992 	 49.23206847892684 	 23.790124475055123 
C 	 -39.2105797033436 	 52.688083311622115 	 20.682314383325064 
H 	 -34.5438300491512 	 45.45408541103755 	 23.802366901798653 
C 	 -38.52884806589368 	 50.31385454868537 	 23.29656868722304 
H 	 -36.97790156775894 	 50.610287640931205 	 20.206014689613987 
N 	 -39.10304357691719 	 51.83508203802754 	 21.71675586324076 
C 	 -40.42768785144791 	 54.72222936736981 	 19.823337985734835 
C 	 -40.29219825274688 	 53.757352206705875 	 20.84189483192963 
C 	 -39.83547494209165 	 51.92392034882057 	 22.91756867142815 
N 	 -39.575283184196465 	 51.01549924299323 	 23.851816392393086 
C 	 -41.303842040727496 	 55.74774299509349 	 19.95503608271927 
C 	 -41.08728115149732 	 53.86461098493967 	 21.99789823306038 
C 	 -40.899668782049815 	 52.9491687215236 	 23.039032307332022 
H 	 -39.78837275207541 	 54.59966313591201 	 18.914434666906768 
C 	 -42.15617910435254 	 55.85619587941976 	 21.098407099896935 
H 	 -38.03422156723764 	 48.76275046756233 	 24.75550787127506 
C 	 -42.06466612480767 	 54.89319491138763 	 22.109847451890435 
C 	 -41.82743702769942 	 52.99792682235291 	 24.099177029313967 
C 	 -43.108972488346254 	 57.00737566713218 	 21.167239998962646 
C 	 -42.915807182146764 	 54.96620953121017 	 23.204189623516875 
C 	 -42.89889883934249 	 53.93683313024883 	 24.156524262148128 
H 	 -41.41159476754197 	 56.48305436398654 	 19.162437818736763 
N 	 -43.12023220942496 	 57.86376469568335 	 20.317377911548693 
C 	 -43.82802266622125 	 56.1314135972801 	 23.358694222711698 
N 	 -43.77993933402764 	 57.063715281957236 	 22.33162980312325 
H 	 -41.77956724449917 	 52.243999591749514 	 24.90677007923179 
C 	 -44.66369251474654 	 58.009133066312074 	 22.738898679791134 
N 	 -44.613990897540354 	 56.480937659345905 	 24.386410080755393 
C 	 -45.10904627324787 	 59.08969710736283 	 22.08317523028079 
C 	 -45.17525631244077 	 57.62065656130855 	 23.921451458229328 
H 	 -43.64548199561424 	 53.870515489246955 	 24.96897484647578 
C 	 -46.03879621962028 	 58.38887617365186 	 24.667677463712064 
C 	 -45.92663167847665 	 59.92071258934688 	 22.8361524146879 
N 	 -45.88936287492714 	 -61.3594640709732 	 20.376925301439925 
H 	 -44.65753369789707 	 59.29966585262452 	 21.126611952286773 
C 	 -46.327572179196 	 59.57313292335989 	 24.061672837285887 
C 	 -46.41224628831028 	 -60.98633702940099 	 21.38727731629176 
N 	 -46.474257825258995 	 61.199491927830884 	 22.52375625223285 
C 	 -47.02084701873213 	 -61.40961804170454 	 23.709079668057942 
N 	 -47.098229740041475 	 60.4936466430702 	 24.620326599504647 
C 	 -47.11851530272805 	 -59.619965460750166 	 21.49418328670986 
H 	 -46.31027205274703 	 58.04475707190057 	 25.635024391194605 
C 	 -46.98785284317815 	 -58.72077002750311 	 20.442142881757523 
C 	 -47.668951741621015 	 -60.12250699777799 	 23.84767241308857 
C 	 -47.68780844430819 	 -59.25124007856018 	 22.718064371369906 
H 	 -46.521928715444304 	 -59.01738418581918 	 19.526279264991537 
C 	 -47.62551146398459 	 -57.481942907255814 	 20.528814744799686 
C 	 -48.3360672383361 	 -59.730687430021895 	 24.981843895699907 
C 	 -48.29782656017879 	 -58.014093982499084 	 22.79127757638792 
C 	 -48.325700421343235 	 -57.125370106999 	 21.68497930485797 
C 	 -48.923156068783946 	 -58.46155293990733 	 25.081573458277774 
C 	 -48.88818206524994 	 -57.62921812522773 	 23.955248751738353 
H 	 -48.43695163955436 	 -60.34658691408902 	 25.88113181636988 
H 	 -47.52932926451299 	 -56.86034498264756 	 19.65704605947938 
C 	 -48.9252237989486 	 -55.732467718756624 	 21.783628436611167 
N 	 -48.92896662431377 	 -54.932449723373665 	 20.87950039043918 
C 	 -49.49872450395973 	 -56.30091671577009 	 24.107865949363696 
N 	 -49.47105268249493 	 -55.455079214080016 	 23.01295147946647 
H 	 -49.41282118641393 	 -58.122784479488914 	 25.995570762408 
N 	 -49.924081467751265 	 -55.78210256828644 	 25.285376745737715 
C 	 -49.86001085623794 	 -54.26178291541824 	 23.537050669557253 
C 	 -50.1280863924449 	 -54.539487857775384 	 24.87466035685667 
C 	 -49.963598337748856 	 -52.961383327891696 	 22.962977605597985 
C 	 -50.4987274567668 	 -53.507388944461994 	 25.713039955926497 
H 	 -49.72788542568856 	 -52.81940627538735 	 21.94352856052049 
C 	 -50.3722251978031 	 -51.93362220746509 	 23.808157356996716 
C 	 -50.56631734451235 	 -52.23899780602513 	 25.175884007890485 
H 	 -50.718671630047865 	 -53.657883679041255 	 26.774539477309137 
H 	 -50.412367190321135 	 -50.91714830081753 	 23.472249791729375 
H 	 -50.766103471544234 	 -51.34732834444338 	 25.79991418832502 
C 	 -49.05666078076556 	 -40.65349436479133 	 -4.4970772511297055 
C 	 -50.15208535772012 	 -39.89639902921737 	 -4.860267703635623 
C 	 -48.285314835227545 	 -41.36974364692997 	 -5.417921826554646 
C 	 -48.82732115154356 	 -41.39110913475695 	 -6.71452112438963 
C 	 -49.94531029989923 	 -40.65471640930844 	 -7.0389717276087875 
C 	 -50.6005068989188 	 -39.85682848095688 	 -6.16152943049321 
N 	 -48.396555182810424 	 -42.054026453937794 	 -7.848154521262226 
N 	 -50.36262893285703 	 -40.879748963641234 	 -8.282358766598549 
C 	 -49.37006127311266 	 -41.71349235758956 	 -8.769819423336513 
C 	 -49.19233060914468 	 -42.055783844603596 	 -10.17371481924034 
C 	 -47.267664612862426 	 -42.67914512253197 	 -8.12531113470599 
N 	 -46.41054530662029 	 -42.85999523687207 	 -7.2976949929825405 
C 	 -47.092534590288984 	 -43.09124608829311 	 -9.560883383455883 
C 	 -48.03038496842349 	 -42.738558799354465 	 -10.541024904041421 
C 	 -47.773430843465434 	 -43.06154064449486 	 -11.90028197078437 
C 	 -45.900848898428684 	 -43.720958082194 	 -9.958429234204932 
C 	 -45.71917045872362 	 -44.16123331058337 	 -11.253547083628664 
C 	 -46.57958997502851 	 -43.7084185308925 	 -12.198833134542449 
C 	 -50.21585686388341 	 -41.796844556426564 	 -11.152136775029938 
C 	 -49.97450891615584 	 -42.32596803032078 	 -12.431863393461311 
C 	 -48.76634177700476 	 -42.888386911222184 	 -12.801164383064469 
C 	 -46.370788387478726 	 -44.20506909390148 	 -13.643565753785511 
C 	 -48.54372346594207 	 -43.29404547580466 	 -14.211519124548122 
N 	 -47.354668111536654 	 -43.93576211083914 	 -14.49373709765272 
N 	 -45.3242740625754 	 -44.747412536775904 	 -13.939991207463796 
N 	 -49.48734533469358 	 -43.21485339377446 	 -15.171154272161548 
H 	 -47.40397936964477 	 -41.918383196805365 	 -5.157708307781997 
H 	 -51.529442434595 	 -39.30861306021233 	 -6.384661859808964 
H 	 -45.23458503096883 	 -43.95338502367881 	 -9.178022889839557 
H 	 -44.85957647891329 	 -44.67028609103949 	 -11.528250727940828 
H 	 -51.24187349064663 	 -41.39601104063135 	 -10.889850381859413 
H 	 -50.77289353228202 	 -42.26513814859046 	 -13.139129165883572 
C 	 -47.64238604500661 	 -44.28263888238327 	 -15.812435102955627 
C 	 -48.872538745060666 	 -43.80714699810997 	 -16.14746877119278 
C 	 -46.841812696497506 	 -45.01216024678164 	 -16.729013079058614 
C 	 -47.37367764696759 	 -45.02163426877301 	 -18.018713216601544 
C 	 -48.57424990033995 	 -44.459033954695556 	 -18.404915376486056 
C 	 -49.3197064756072 	 -43.78577905818014 	 -17.453102373865203 
N 	 -46.847048144811644 	 -45.56311648295631 	 -19.164549539222975 
N 	 -48.94026247138483 	 -44.66109499906675 	 -19.681938498894887 
C 	 -47.875483019067566 	 -45.45807497636813 	 -20.07353955335075 
C 	 -47.591413094927844 	 -45.75275505589156 	 -21.442791908025324 
C 	 -45.62259272312915 	 -45.90258236567464 	 -19.495636945913013 
N 	 -44.68783955274975 	 -45.92968630182186 	 -18.704581545670365 
C 	 -45.36574710938898 	 -46.30139121920484 	 -20.93973090233873 
C 	 -46.33311248612605 	 -46.167770026363264 	 -21.884987492821697 
C 	 -46.13597474749196 	 -46.5712674001835 	 -23.222219867110997 
C 	 -44.09817561392043 	 -46.6897307350779 	 -21.375457511003077 
C 	 -43.883357403794555 	 -47.127398985909245 	 -22.6620905424369 
C 	 -44.886889251357694 	 -47.07832253997897 	 -23.619575007854465 
C 	 -48.65484774382215 	 -45.77686173083809 	 -22.36738249195733 
C 	 -48.43129207044433 	 -46.14148382356163 	 -23.716952327954907 
C 	 -47.1265017597578 	 -46.51151303512333 	 -24.169450470601344 
C 	 -44.56859843109974 	 -47.65319088172044 	 -24.989149074509378 
C 	 -46.888273721133864 	 -47.09373252453773 	 -25.50585039979607 
N 	 -45.64522046580947 	 -47.657293436640636 	 -25.767056339330072 
N 	 -43.48911586414232 	 -48.07253388290678 	 -25.350395453510288 
N 	 -47.73667447116469 	 -47.426383398650984 	 -26.426570146027274 
H 	 -45.82719436550228 	 -45.318844388788136 	 -16.587884916468635 
H 	 -50.34993822730696 	 -43.45231745118564 	 -17.693738246492266 
H 	 -43.28752554186818 	 -46.55086072081364 	 -20.668959234495844 
H 	 -42.925192466142036 	 -47.51229924717986 	 -22.93645538904318 
H 	 -49.63606649285591 	 -45.43834286767571 	 -22.02709052995725 
H 	 -49.26821603280969 	 -46.18524421676541 	 -24.452231351396584 
C 	 -49.48152547844511 	 -36.47651479860335 	 6.666336748310265 
C 	 -49.13440841768497 	 -37.4553884350729 	 5.754131239013314 
C 	 -50.345780148863426 	 -35.45274222919275 	 6.306873442802311 
C 	 -49.73932249858226 	 -37.46923949022393 	 4.530967604470769 
C 	 -50.93028584179315 	 -35.43105734500169 	 5.085127190237522 
C 	 -50.59624785832218 	 -36.45453721252902 	 4.190678761914987 
C 	 -48.53888596074873 	 -39.132177768913856 	 3.2046758412411864 
N 	 -47.82484462205782 	 -39.57728970443318 	 4.10447948345114 
C 	 -47.19183352790977 	 -40.24311380323765 	 1.4313001960916707 
C 	 -48.29321036191245 	 -39.47432588411623 	 1.7822289117028454 
C 	 -50.350371113073535 	 -37.74386863431487 	 2.536845226668659 
N 	 -49.557850322333216 	 -38.373391359857585 	 3.465316131563661 
C 	 -47.026255754671254 	 -40.5153097588682 	 0.05856805929746429 
C 	 -49.18116259183586 	 -39.019438678071026 	 0.800614434786086 
C 	 -50.27879304423823 	 -38.21588932273878 	 1.16375250984244 
N 	 -50.967186023701274 	 -36.617376956571846 	 2.8564554439223606 
C 	 -47.90137476465128 	 -40.200488584008475 	 -0.9457532996486823 
C 	 -49.031695716389486 	 -39.42300035831783 	 -0.5594776187609224 
C 	 -51.30317303467888 	 -37.921388750758396 	 0.25244453792817867 
C 	 -47.84022817309387 	 -40.74905791406396 	 -2.323488457455652 
C 	 -50.02924138056325 	 -39.0562864690743 	 -1.5077118926328668 
H 	 -48.42888821500092 	 -38.172157195024994 	 6.129094036504266 
C 	 -51.20856338933043 	 -38.34181167522036 	 -1.039810054131423 
C 	 -49.78898411299749 	 -39.36373748417588 	 -2.933110769165093 
N 	 -46.98610490988514 	 -41.49004687781199 	 -2.708696405313755 
N 	 -48.80342743426979 	 -40.3292682752152 	 -3.1566711260839253 
H 	 -51.608827656635675 	 -34.628633859646314 	 4.757225939830448 
H 	 -46.49619850861245 	 -40.77403653795789 	 2.144692687156466 
N 	 -50.60252352467011 	 -39.039582084351615 	 -3.9630610588604176 
H 	 -46.20603271074646 	 -41.113928892985896 	 -0.14955539436488077 
H 	 -52.17221244635159 	 -37.32411140309826 	 0.5133704071705282 
H 	 -51.959356875891515 	 -37.96670588357395 	 -1.7217929464068225 
H 	 -45.55986268317446 	 -48.05915505439458 	 -26.68053670264479 
H 	 -48.693421979756856 	 -47.340747440161906 	 -26.08800071774519 
N 	 -47.90117175465226 	 -38.10667698200196 	 8.388768731816752 
C 	 -48.203394905825625 	 -36.99130156923484 	 8.740190102209656 
N 	 -48.982179898313035 	 -36.2331387648855 	 7.926826688440532 
C 	 -46.71925448614008 	 -36.834761249684796 	 10.75042979950809 
C 	 -47.679482810428524 	 -36.215057784881296 	 9.931288615163972 
H 	 -46.371479723824756 	 -37.841122032575164 	 10.551365961084745 
C 	 -49.491707459571025 	 -35.0195694016282 	 8.157048401730847 
N 	 -50.36765273048951 	 -34.4971776088587 	 7.225756008607113 
C 	 -46.18962028579412 	 -36.11014403624342 	 11.816214785343623 
C 	 -48.05678102551401 	 -34.87027045656048 	 10.136403570186332 
C 	 -48.97178825657864 	 -34.258649258739915 	 9.290806802218082 
H 	 -45.3863427143278 	 -36.58461937749282 	 12.384197889923916 
C 	 -46.628345498415975 	 -34.817587988647276 	 12.044975460267365 
C 	 -47.550027926889804 	 -34.13387557197036 	 11.214802810205427 
C 	 -49.279727756870784 	 -32.904890140988904 	 9.535897778515595 
C 	 -45.87496179532519 	 -34.02495620527751 	 13.121943189930844 
N 	 -44.90358967648388 	 -34.450036063939095 	 13.731260803360827 
C 	 -47.92074882219667 	 -32.82182400855491 	 11.499424708761254 
C 	 -48.78330701508278 	 -32.20471804409875 	 10.61630177962248 
H 	 -49.93025282570867 	 -32.356069120385115 	 8.872440383072034 
C 	 -47.19186529249534 	 -32.036297538943614 	 12.482939565990943 
N 	 -46.226750178916475 	 -32.708436774746986 	 13.240419323610995 
C 	 -45.720591228441435 	 -31.637036923875993 	 13.9884960305878 
C 	 -44.585100317036044 	 -31.650526273158142 	 14.841249042927185 
N 	 -47.46667319975196 	 -30.736105255166468 	 12.775784642096983 
H 	 -49.013540685683985 	 -31.16240956862833 	 10.695954759627428 
C 	 -46.44258991888399 	 -30.495652924520158 	 13.664952364311715 
H 	 -43.96916335743553 	 -32.55612360962506 	 14.965516252397274 
N 	 -42.22907928673575 	 -32.08352889303855 	 16.8539505719726 
C 	 -44.29494997863776 	 -30.475768485871683 	 15.40051433101755 
C 	 -42.198309856072036 	 -30.88736391234691 	 16.715439260096716 
C 	 -46.10803750406685 	 -29.26535142480939 	 14.175494690815265 
C 	 -45.022593993937896 	 -29.283321929320692 	 15.068760198096438 
N 	 -43.1700045349362 	 -30.131052619963892 	 16.104984230616772 
C 	 -39.950718109211884 	 -30.63846857839267 	 17.825748320234293 
C 	 -41.1364580391062 	 -30.02660226698069 	 17.35246420459558 
H 	 -39.84519941649645 	 -31.669145221579072 	 17.701753158211446 
C 	 -43.46063243336984 	 -28.763900572039326 	 16.221898202476776 
C 	 -38.90802637237331 	 -29.86937546964556 	 18.329059376888573 
N 	 -44.411490565960875 	 -28.158876127258942 	 15.503274005952585 
C 	 -41.28707792831282 	 -28.654209648941016 	 17.422829382472532 
H 	 -46.759564150203296 	 -28.402420810367378 	 13.91069285999088 
C 	 -42.40070133703939 	 -28.043965417881914 	 16.91834693416559 
C 	 -39.11485609000736 	 -28.523644284930835 	 18.63557471652436 
H 	 -38.0505681485511 	 -30.380574773408487 	 18.714159744941046 
C 	 -40.290264897159915 	 -27.904903736630825 	 18.157843708837298 
C 	 -42.60581366566528 	 -26.668650277543467 	 17.192996173798228 
C 	 -38.11557421441931 	 -27.77188125255704 	 19.462942562566248 
N 	 -37.25928666961586 	 -28.379873979782058 	 20.05926700528407 
C 	 -40.4456230884906 	 -26.55312084293809 	 18.345779808530956 
C 	 -41.62173226876695 	 -25.963824622602136 	 17.895912399538926 
C 	 -39.3265801337929 	 -25.77602973447367 	 18.766939652578596 
N 	 -38.33975486366884 	 -26.442959107406146 	 19.504803195116054 
H 	 -43.53213607587507 	 -26.11387837403964 	 16.975895313191696 
C 	 -37.49818568360803 	 -25.334595243155665 	 19.74512596433441 
C 	 -36.27159540697499 	 -25.274472576194878 	 20.394067917721717 
N 	 -39.13361948843828 	 -24.52595131982561 	 18.37101829269663 
C 	 -37.967043281046664 	 -24.25132832590368 	 19.03116300926778 
H 	 -41.76552129838834 	 -24.905046096818808 	 18.041431220262407 
N 	 -33.561804948699915 	 -25.516585541738248 	 21.95488311490864 
H 	 -35.88156216435324 	 -26.165117697232983 	 20.964901440038886 
C 	 -35.52560083362896 	 -24.0962377847429 	 20.256656435354962 
C 	 -33.26934385020329 	 -24.511170263174005 	 21.32878841632877 
C 	 -37.17796232160446 	 -23.114290111084376 	 18.809391978441663 
C 	 -35.93615326958509 	 -23.07908934530004 	 19.420584562187734 
N 	 -34.180403961377294 	 -23.819180638090657 	 20.633583092565164 
C 	 -30.952212688897195 	 -24.60469405386926 	 22.092484247433553 
C 	 -31.94666490521988 	 -23.912968270200626 	 21.391765715304306 
C 	 -34.014219584904005 	 -22.554461608138016 	 20.112993971362265 
H 	 -31.164761024378887 	 -25.622290924618856 	 22.43413521633009 
N 	 -35.072620429001375 	 -22.071071360142437 	 19.41948110789614 
C 	 -29.640015466285284 	 -24.13630304198322 	 21.885025568208434 
C 	 -31.700672178788647 	 -22.647471639776864 	 20.786237375575016 
H 	 -37.54070971346923 	 -22.289830704515765 	 18.210121518886773 
C 	 -32.68612767490692 	 -21.987887391085895 	 20.100576722700563 
C 	 -29.338390007554583 	 -22.96308043626664 	 21.211373266783742 
C 	 -30.394273583734087 	 -22.13604616177723 	 20.780220381315043 
C 	 -32.434183386196665 	 -20.780400493018284 	 19.494013210745138 
H 	 -28.831482338615768 	 -24.71304502263134 	 22.381249207798035 
C 	 -27.97288260408701 	 -22.604685067577066 	 20.883051762843987 
C 	 -30.106782533111055 	 -20.905317464529364 	 20.224887567692495 
N 	 -27.063846579963336 	 -23.400515619279254 	 20.899695690683316 
C 	 -31.140924814358893 	 -20.220419862513562 	 19.541077078678505 
H 	 -33.23602189198356 	 -20.167390600838 	 19.018431532330546 
C 	 -28.794365523219945 	 -20.406944892351955 	 20.30419470154731 
N 	 -27.764735708522135 	 -21.328838211929614 	 20.509236174599035 
C 	 -26.666981110147674 	 -20.524729406631206 	 20.218940910296862 
N 	 -28.419996341186884 	 -19.090699038011703 	 20.09247570799485 
C 	 -25.302230474613506 	 -20.815735673055958 	 20.27188374019444 
H 	 -30.951577268134375 	 -19.224291318036407 	 19.042248362930586 
C 	 -27.069597045438858 	 -19.171288297259615 	 20.051067959431983 
H 	 -24.89638825322461 	 -21.797620034700238 	 20.402494760234198 
C 	 -24.398028990114383 	 -19.748586666947354 	 20.06275142954574 
C 	 -26.20416720100637 	 -18.174967825157236 	 19.867685871622072 
C 	 -24.856764457718256 	 -18.479915102113683 	 19.871166213364962 
H 	 -26.52420574457379 	 -17.13673765470594 	 19.726750034333307 
N 	 -22.281439391402532 	 -21.80076616955152 	 20.17936147749931 
C 	 -21.978608475969462 	 -20.602143100743916 	 20.134896025748976 
N 	 -22.969504426942294 	 -19.680383754466877 	 20.056081687380537 
C 	 -22.833273247224067 	 -18.329426978073162 	 19.85394908508479 
N 	 -23.97832894316661 	 -17.52846871387607 	 19.717811375579632 
C 	 -20.579499369459725 	 -20.100774597349695 	 20.051025126977738 
C 	 -19.513457161607427 	 -20.993279459248804 	 20.024310395143402 
C 	 -21.474746516398938 	 -17.897549234980918 	 19.648994948433398 
C 	 -20.373119801143247 	 -18.75186487548333 	 19.79603047019759 
C 	 -18.2154958191371 	 -20.589863395828832 	 19.73582443924188 
C 	 -21.20125316278581 	 -16.619506432579872 	 19.27920230334899 
H 	 -19.659151818899808 	 -22.069767249941556 	 20.184366049949467 
C 	 -19.052376304604977 	 -18.307930227791008 	 19.55556850692821 
C 	 -17.951913990894305 	 -19.209010242560268 	 19.5540298049952 
C 	 -19.943134300555577 	 -16.12609268596356 	 19.088725089571756 
C 	 -18.8025336760539 	 -16.938814039136055 	 19.34026111375536 
C 	 -16.503523313258146 	 -18.677887645725935 	 19.566848306094826 
H 	 -17.385822314439917 	 -21.336243579327885 	 19.855572310790297 
N 	 -15.530969113631217 	 -19.468539389020368 	 19.615205350122164 
H 	 -21.986293435263622 	 -15.922571563967095 	 19.044300851990368 
C 	 -17.45621266151242 	 -16.479076769943077 	 19.470286043460415 
N 	 -16.40792937344348 	 -17.35673265574539 	 19.39362810655757 
C 	 -15.327857846008019 	 -16.464779103511407 	 19.265731897524667 
N 	 -17.149449540223547 	 -15.156830193435594 	 19.355232524127942 
C 	 -14.002941448212617 	 -16.785349725612456 	 19.074680845418456 
C 	 -15.807035824159865 	 -15.182489180321948 	 19.43424429128697 
H 	 -19.89720127018792 	 -15.04826718018151 	 18.857987628540407 
C 	 -13.183553917654125 	 -15.679313062151616 	 18.896333327525284 
N 	 -11.216677823335933 	 -17.84101289365893 	 18.420881571197402 
C 	 -14.974319116693303 	 -14.093129694271772 	 19.15021193729798 
C 	 -10.855014023985182 	 -16.671732115352366 	 18.45557878889506 
C 	 -13.597547821749313 	 -14.373379540823954 	 18.922364360459188 
H 	 -13.636089256441275 	 -17.810585921652667 	 19.061124617357798 
N 	 -11.76297153837728 	 -15.690163365035906 	 18.577259371839684 
C 	 -8.44340978015495 	 -17.195980425668832 	 18.39660963793029 
C 	 -9.481820292718316 	 -16.210512326708354 	 18.434274206874502 
C 	 -11.523291833612076 	 -14.32901029522122 	 18.494833332694217 
N 	 -12.572427764487538 	 -13.506501000949106 	 18.785773014723002 
C 	 -7.120130864579417 	 -16.772408155549893 	 18.577365303250193 
C 	 -9.145071545280059 	 -14.835565263336402 	 18.618315331966944 
C 	 -10.164970672250098 	 -13.902955600912927 	 18.676874109994912 
H 	 -8.583509150569892 	 -18.262414638648718 	 18.186265598298792 
H 	 -15.34092869207611 	 -13.092320226508027 	 19.096955312686312 
C 	 -6.8689188997193025 	 -15.454637706407114 	 18.993893168500644 
C 	 -7.851830919288116 	 -14.432910883814127 	 18.837839415447558 
C 	 -9.883938553474648 	 -12.588117065611314 	 18.90896488983303 
C 	 -5.416859111815525 	 -15.052578001257045 	 19.233290483439887 
C 	 -7.51725377866115 	 -13.112537991277357 	 19.098559943720822 
N 	 -4.527040030575181 	 -15.888547691896457 	 19.209942570416196 
C 	 -8.587555638746698 	 -12.174439556473445 	 19.117035741163676 
H 	 -6.289227243612666 	 -17.525989552551184 	 18.62055716947056 
C 	 -6.139803817552044 	 -12.70847504499584 	 19.336602080356165 
N 	 -5.229075663296504 	 -13.752162379437005 	 19.49337975512422 
C 	 -4.03584015933954 	 -13.019007023018345 	 19.78656566065736 
C 	 -2.7998224858299943 	 -13.45505806547119 	 20.279119031198213 
H 	 -10.606141674142927 	 -11.765965776318602 	 18.834613044975047 
N 	 -5.662198450504312 	 -11.431580907869545 	 19.47786912108884 
C 	 -4.36567354342721 	 -11.693729555418322 	 19.70668953599772 
C 	 -1.9738178699969882 	 -12.438108651137858 	 20.717397502302468 
N 	 -0.2912153381413447 	 -14.493872374476371 	 21.788174507083372 
C 	 -3.465789126052053 	 -10.684262228017383 	 20.082484834052945 
C 	 0.12899718592903286 	 -13.320674443747018 	 21.79519315361059 
H 	 -8.364835672259147 	 -11.08690214182099 	 19.32853938038485 
C 	 -2.2517376445983714 	 -11.098225885309308 	 20.563667166138735 
H 	 -2.3916927733684825 	 -14.40927498014301 	 20.31567011330871 
N 	 -0.6777010842768253 	 -12.386661239806685 	 21.257133179392927 
C 	 2.1933312639130853 	 -13.80852903328418 	 23.14318186373978 
C 	 1.3637131556633106 	 -12.901680935052315 	 22.439332554546194 
C 	 -0.43255144336747137 	 -11.021241561869559 	 21.389932834776317 
N 	 -1.3671488496988773 	 -10.167568606583714 	 20.93254870442879 
C 	 3.3889208840389036 	 -13.4187766153184 	 23.690725045004722 
C 	 1.7162662139511906 	 -11.556781372879254 	 22.427727239840486 
C 	 0.8619527872165063 	 -10.617358649631552 	 21.867576497231322 
H 	 1.8062395190144005 	 -14.760313127403965 	 23.267070607061466 
C 	 3.7758918597805775 	 -12.10318411632394 	 23.544270173207156 
H 	 -3.7424450786461736 	 -9.63949075426334 	 20.046970568031593 
C 	 2.943174111786137 	 -11.16441155765535 	 22.993021612354454 
C 	 1.1868919565157534 	 -9.266673747252437 	 21.927271946031215 
C 	 5.080117216881302 	 -11.694053907598635 	 24.037105437637646 
C 	 3.299441348722758 	 -9.778864341294074 	 22.872297848465397 
C 	 2.4187354883320795 	 -8.840307175988169 	 22.39559912437055 
H 	 4.053047934708612 	 -14.144891061019042 	 24.29317291221249 
N 	 5.756818506114226 	 -12.433301489721766 	 24.710033812702772 
C 	 4.64560327451399 	 -9.3560348823921 	 23.167812950096923 
N 	 5.371391128384454 	 -10.323882461246741 	 23.845654910730794 
H 	 0.5160805738831933 	 -8.477290806954677 	 21.526923662397127 
C 	 6.5244589901230166 	 -9.569954695923485 	 24.13938438190658 
N 	 5.116514616161016 	 -8.097884065175414 	 23.057750958515623 
C 	 7.650990540566754 	 -9.950524269616224 	 24.883144869733606 
C 	 6.3223669607328254 	 -8.317478570424026 	 23.625240884030994 
H 	 2.7013360826805934 	 -7.748358873386288 	 22.336580603984746 
C 	 7.316637130724741 	 -7.357394608969165 	 23.834012072694197 
C 	 8.613744212859002 	 -9.001695381064721 	 25.04107964902028 
N 	 10.081471456938297 	 -11.101862724482814 	 26.3975283734225 
H 	 7.588869147825106 	 -10.929146326532255 	 25.368356149682274 
C 	 8.492505432445414 	 -7.758488373969851 	 24.4943864514023 
C 	 10.471136945764961 	 -9.952760021997294 	 26.337891295883313 
N 	 9.77747868455972 	 -8.976481929736071 	 25.74974293626595 
C 	 10.292035254138595 	 -7.6728861823176215 	 25.45613884795505 
N 	 9.47578695692557 	 -6.919805337732872 	 24.697694553962847 
C 	 11.722757804460667 	 -9.416699063140411 	 27.062613786289113 
H 	 7.190211555314219 	 -6.336678598385419 	 23.545241240778683 
C 	 12.419637884847916 	 -10.335999791369412 	 27.871014815852032 
C 	 11.576582259392255 	 -7.280984059537649 	 26.006497516957264 
C 	 12.247018480397424 	 -8.130192093992909 	 26.87443501078148 
H 	 12.092329175813443 	 -11.334400816681459 	 28.020092871644138 
C 	 13.606796118862812 	 -9.93814136406513 	 28.470940216123413 
C 	 12.034364464605392 	 -5.9305301551921294 	 25.96158090515602 
C 	 13.398078603041814 	 -7.781607065010979 	 27.504523252810554 
C 	 14.12339901672682 	 -8.667836820190765 	 28.282011929386627 
C 	 13.226127269380955 	 -5.519934240828961 	 26.563680693270086 
C 	 13.883155713565682 	 -6.475589570399729 	 27.39213058259272 
H 	 11.517671617606073 	 -5.3362501315809245 	 25.21817828827 
H 	 14.150853408621261 	 -10.62870678992853 	 29.067606568050802 
C 	 15.39932706660279 	 -8.224572121821781 	 28.91633232605532 
N 	 16.06972076944495 	 -8.953084495706367 	 29.54048203218454 
C 	 15.12151769912487 	 -6.0172810043877245 	 28.017981673230686 
N 	 15.69450816780767 	 -6.958185375657739 	 28.890582893185933 
H 	 13.631210712398738 	 -4.499340535481209 	 26.379803472152012 
N 	 15.753550867069984 	 -4.822079303526413 	 27.875610879649393 
C 	 16.749180639685598 	 -6.216978618527398 	 29.40594682346882 
C 	 16.803336069989022 	 -5.037329131671027 	 28.67296295888152 
C 	 17.679387415278914 	 -6.590118898409277 	 30.419528440002203 
C 	 17.714065290878448 	 -4.075517625581101 	 29.064408375454036 
H 	 17.578381408726905 	 -7.541154465340876 	 30.88740092112281 
C 	 18.64710082889896 	 -5.610322596820126 	 30.72701937929416 
C 	 18.649285315271047 	 -4.368663405683952 	 30.060200553537932 
H 	 17.516105820852896 	 -3.0716487891288873 	 28.720667735543405 
H 	 19.394088447025265 	 -5.7868073682126075 	 31.463646640822017 
H 	 19.36224278946387 	 -3.61294924812642 	 30.36679285149431 
