C 	 54.83112554057796 	 -21.490145348460256 	 -31.990719051274468 
C 	 54.32672532362224 	 -20.20383385923154 	 -32.087939705809504 
C 	 53.985950447223324 	 -22.537969661131278 	 -32.16714493271437 
C 	 52.71422437242212 	 -22.242483844454604 	 -32.58079378532643 
C 	 52.1493305740227 	 -20.986018434289203 	 -32.69748184187487 
C 	 52.99936064155775 	 -19.90459509035396 	 -32.432059320241684 
N 	 51.76900213336783 	 -23.140557238883677 	 -33.04080038112517 
N 	 50.841804593798216 	 -20.981777069377028 	 -33.0658791070524 
C 	 50.714615567318525 	 -22.31168976462837 	 -33.306260563620725 
C 	 49.56356828070539 	 -22.879370379647625 	 -33.92430016393373 
C 	 51.75425601641936 	 -24.52246226632265 	 -33.059709500366715 
N 	 52.69134288818661 	 -25.177538762786078 	 -32.70904754904379 
C 	 50.50392096496098 	 -25.13476145020631 	 -33.470566374673666 
C 	 49.43972958905659 	 -24.279978530128673 	 -33.94997744732304 
C 	 48.23153453188559 	 -24.89773919683304 	 -34.3327851348074 
C 	 50.33256496323651 	 -26.49680831784293 	 -33.4882648661099 
C 	 49.14630133675053 	 -27.072303913770845 	 -33.83515715254168 
C 	 48.108237192337285 	 -26.298315987034822 	 -34.386965956225445 
C 	 48.45789097664908 	 -22.08121453454017 	 -34.26794970581894 
C 	 47.25541635278264 	 -22.71069234476211 	 -34.63242487127137 
C 	 47.1379407774404 	 -24.116366739955872 	 -34.73181973341041 
C 	 46.87177141067499 	 -26.94938279939103 	 -34.81763358295609 
C 	 45.90646555043776 	 -24.72215706652921 	 -35.14442049979341 
N 	 45.9211350742114 	 -26.07925761935733 	 -35.29271900006218 
N 	 46.634657323614945 	 -28.118210626774655 	 -34.616053759210075 
N 	 44.94270720523231 	 -23.97264620901312 	 -35.770633153949355 
H 	 54.28762718378269 	 -23.51119095166944 	 -32.04033014134816 
H 	 52.68147131803065 	 -18.81721876442244 	 -32.49469079259684 
H 	 51.06129939048728 	 -27.115607350840413 	 -33.051917042275264 
H 	 49.042342161322466 	 -28.197758053048787 	 -33.79827437562762 
H 	 48.48072213008447 	 -20.99689162019935 	 -34.106960641490666 
H 	 46.48018294746826 	 -21.977447691437067 	 -34.83537891029109 
C 	 44.778349405668756 	 -26.240405076927836 	 -36.0773092603271 
C 	 44.269342529230094 	 -25.019189078835318 	 -36.3234160238374 
C 	 44.087836778883215 	 -27.385307460547597 	 -36.40454562108373 
C 	 42.879646272539226 	 -27.199309346749267 	 -37.14393664552849 
C 	 42.34750334154481 	 -25.982095995113752 	 -37.39886114954572 
C 	 43.058199398791345 	 -24.863339825859754 	 -36.984402941661244 
N 	 41.91670639574687 	 -28.19871651664223 	 -37.498651553663834 
N 	 41.21532316077233 	 -26.025025046135003 	 -38.13115174350204 
C 	 40.98799639986869 	 -27.404392206516466 	 -38.12623289236176 
C 	 39.77012716929993 	 -28.06372048412134 	 -38.775438524554815 
C 	 41.86058109116129 	 -29.54224315392709 	 -37.41742450318747 
N 	 42.706069042621216 	 -30.197846430241853 	 -36.86223185872082 
C 	 40.618825220738835 	 -30.183671010415217 	 -38.01805278350811 
C 	 39.599365388441974 	 -29.434542717652334 	 -38.594890597844305 
C 	 38.44446393905561 	 -30.0340864797841 	 -39.159397201781275 
C 	 40.322844116984044 	 -31.52148071988142 	 -37.80310529468354 
C 	 39.12008270077327 	 -32.077584991124404 	 -38.285800824480695 
C 	 38.19568910149403 	 -31.372756326345982 	 -38.94222061968534 
C 	 38.88390182121028 	 -27.263516790490442 	 -39.40584613441905 
C 	 37.7476891783422 	 -27.85255433573244 	 -39.96492889194409 
C 	 37.52471384223095 	 -29.260204663404956 	 -39.88633962434785 
C 	 36.944285768383104 	 -31.960995563409163 	 -39.566347888173055 
C 	 36.280407890358205 	 -29.81188597233959 	 -40.4318660415813 
N 	 36.03232637727273 	 -31.129819169757795 	 -40.077638624301024 
N 	 36.860565179918176 	 -33.12772896746853 	 -39.69220475474755 
N 	 35.24456849489114 	 -29.39849195713355 	 -41.07617729249778 
H 	 44.47124678868697 	 -28.43061153738617 	 -36.188100846754125 
H 	 42.74780267575504 	 -23.870093462742854 	 -37.16794978700457 
H 	 41.09028258045062 	 -32.065613000699194 	 -37.24989331605842 
H 	 39.07074112475455 	 -33.17461970005557 	 -38.17456405948177 
H 	 39.07055976279204 	 -26.16777937296818 	 -39.5420327404574 
H 	 37.10050478491664 	 -27.22992458163163 	 -40.63852487078079 
C 	 -58.594762474714315 	 -17.57915295085316 	 -25.9205327772509 
C 	 -59.272241859719784 	 -18.636992945039058 	 -26.49048888709277 
C 	 -58.847167794844154 	 -16.244703753178143 	 -26.308923668346075 
C 	 -60.149576352963294 	 -18.263806918970406 	 -27.51348094157315 
C 	 -59.78833171252479 	 -15.936030497191794 	 -27.230377221237422 
C 	 -60.55064369726023 	 -16.977646523025946 	 -27.768782407149192 
C 	 -61.357005684169714 	 -20.386193607405286 	 -28.12949823618528 
N 	 -60.67383924371413 	 -21.048485836554722 	 -27.406984222407594 
C 	 60.15447115746268 	 -22.276822122033273 	 -28.836850408217966 
C 	 60.37425659300909 	 -20.929351938912216 	 -28.84715886046943 
C 	 61.10241536036661 	 -18.185171878214227 	 -28.894723741972093 
N 	 -61.052489904624544 	 -19.07188924019903 	 -28.226080327723064 
C 	 59.0791768422356 	 -22.7734213855734 	 -29.61284466894157 
C 	 59.56500790326391 	 -20.048160392488345 	 -29.565520935848543 
C 	 59.889794720123646 	 -18.67582873996303 	 -29.58786198749515 
N 	 61.34830561727358 	 -16.89137764667561 	 -28.623199199799625 
C 	 58.18346829210778 	 -21.90595750736579 	 -30.254805512605515 
C 	 58.452260220004725 	 -20.53177061377015 	 -30.23921505033564 
C 	 58.984829202497814 	 -17.77291201183471 	 -30.091605998700658 
C 	 56.85902158268365 	 -22.381749700752735 	 -30.827884224421034 
C 	 57.51863246744017 	 -19.625374642550106 	 -30.8051263803161 
H 	 -59.20768134463939 	 -19.68427804052643 	 -26.073071953231075 
C 	 57.804308380353795 	 -18.2494379854517 	 -30.73364147688099 
C 	 56.330100021699295 	 -20.090509174779058 	 -31.482146425267434 
N 	 56.531465059957625 	 -23.612735994665254 	 -30.828560373742395 
N 	 56.145794865679754 	 -21.468860824363233 	 -31.498642709786072 
H 	 -60.0292738758027 	 -14.90870411012024 	 -27.55021755468268 
H 	 60.81149719704946 	 -23.10211845569074 	 -28.393202269355303 
N 	 55.22796750571614 	 -19.31030477988441 	 -31.694257549195125 
H 	 58.9447635866169 	 -23.88196751735958 	 -29.707662603800912 
H 	 59.19669513382779 	 -16.709187740204086 	 -30.05814250988054 
H 	 57.20062242145203 	 -17.512597683075153 	 -31.17744064226468 
H 	 35.22519671391513 	 -31.60422843680601 	 -40.43500790757625 
H 	 35.04485189960415 	 -28.405609900455445 	 -40.84293486182742 
N 	 -57.62431277323002 	 -19.609730114515216 	 -24.06503957160363 
C 	 -57.41581332261768 	 -18.400009036263288 	 -23.941386334283095 
N 	 -57.708425302407115 	 -17.513616807699712 	 -24.84942750963057 
C 	 -56.21829889900447 	 -18.568539357309625 	 -21.658138228485797 
C 	 -56.66207394376281 	 -17.771724025732635 	 -22.687380272910907 
H 	 -56.40479276191135 	 -19.688366108373277 	 -21.585789169926443 
C 	 -57.584253293385444 	 -16.130550158412362 	 -24.7058715595499 
N 	 -58.24048981771339 	 -15.342590177704258 	 -25.609579875207285 
C 	 -55.637932078926085 	 -17.958305185489067 	 -20.50652333057654 
C 	 -56.361257295890766 	 -16.419715113057066 	 -22.62984416297539 
C 	 -56.75770854541199 	 -15.627659101837335 	 -23.6476824251858 
H 	 -55.27186028179552 	 -18.647535509969114 	 -19.69776503594417 
C 	 -55.25051953485365 	 -16.60022169015922 	 -20.471409040866348 
C 	 -55.709495101920915 	 -15.796812787846374 	 -21.526727070109555 
C 	 -56.280572370615076 	 -14.332257226323655 	 -23.73497082579618 
C 	 -54.45788589033282 	 -15.983834566518212 	 -19.330640822023337 
N 	 -54.161829025265035 	 -16.54719382177787 	 -18.336213992176944 
C 	 -55.33707061130271 	 -14.489660579600073 	 -21.569478754802336 
C 	 -55.58127771969828 	 -13.729540519362553 	 -22.723346200211804 
H 	 -56.38740445192215 	 -13.826296189995197 	 -24.698783322827598 
C 	 -54.50391207701854 	 -13.88536113212378 	 -20.575717823099197 
N 	 -54.23436903874884 	 -14.652266692047343 	 -19.4789339473087 
C 	 -53.46413620780525 	 -13.714401055307327 	 -18.721033751632174 
C 	 -52.92762625529779 	 -13.881674344571774 	 -17.376201370920203 
N 	 -53.82881250422053 	 -12.672723127928663 	 -20.63922703868697 
H 	 -55.215057589427346 	 -12.74462517912954 	 -22.82957116815928 
C 	 -53.2523118481061 	 -12.587177358550626 	 -19.468138918449508 
H 	 -53.03035981694171 	 -14.839218365398821 	 -16.80182105028784 
N 	 -51.934978617277686 	 -14.225524432615833 	 -14.399090392426634 
C 	 -52.13944691937936 	 -12.817114158115608 	 -16.96992226310859 
C 	 -51.25823302552699 	 -13.225671913605703 	 -14.605210588075161 
C 	 -52.423309326902555 	 -11.540620015130271 	 -19.05474572662715 
C 	 -51.86745167654145 	 -11.69819723192537 	 -17.79028957580357 
N 	 -51.37525752866281 	 -12.597219150113402 	 -15.809635948017508 
C 	 -50.320427281923386 	 -13.057823990685124 	 -12.258750101428678 
C 	 -50.38646576460657 	 -12.551891284829447 	 -13.557651029314465 
H 	 -50.9539356962405 	 -13.862243887172188 	 -11.943428428873196 
C 	 -50.77652819660918 	 -11.38861450106667 	 -16.062324649596686 
C 	 -49.3764605778512 	 -12.454326032283785 	 -11.347781040115832 
N 	 -51.04466966411942 	 -10.803265196522982 	 -17.26212385528181 
C 	 -49.69885992260864 	 -11.361507248343772 	 -13.878028886313626 
H 	 -52.37952999256222 	 -10.607074037718139 	 -19.663036169055264 
C 	 -49.83074827269839 	 -10.865658938058948 	 -15.18967947639501 
C 	 -48.59435102994859 	 -11.376660418370347 	 -11.656861394382087 
H 	 -49.352657511094584 	 -12.894290722198596 	 -10.371398270634044 
C 	 -48.70299482044094 	 -10.911737321243102 	 -12.986528986467027 
C 	 -48.9267263774324 	 -9.903438144742973 	 -15.583641364572241 
C 	 -47.55448135454672 	 -10.871952644870712 	 -10.735881634788928 
N 	 -47.46875093810039 	 -11.150741043001213 	 -9.542736815298507 
C 	 -47.86616402619336 	 -9.94045652695711 	 -13.4469729096373 
C 	 -47.90302212113561 	 -9.484619740605384 	 -14.743550497326604 
C 	 -46.73613868486894 	 -9.610759181789211 	 -12.63904407159427 
N 	 -46.76111815342522 	 -9.969871606352754 	 -11.323039434764064 
H 	 -48.91054537771558 	 -9.461215272530659 	 -16.59992989809348 
C 	 -45.52474963847254 	 -9.434275700805928 	 -10.871963294986461 
C 	 -44.83024069693066 	 -9.487667343928809 	 -9.67772204006065 
N 	 -45.70363962175984 	 -8.914707793600433 	 -13.068653306713715 
C 	 -44.95036636884067 	 -8.84531407094063 	 -11.971737997397693 
H 	 -47.193755862940385 	 -8.774085854319733 	 -15.156231546141113 
N 	 -43.596281871356396 	 -9.648944069350238 	 -6.804427050155961 
H 	 -45.366774839639945 	 -10.001588177422242 	 -8.81758775468077 
C 	 -43.505354106291676 	 -8.963719574628985 	 -9.644350010680476 
C 	 -42.62397132418757 	 -9.050513451845775 	 -7.2637593056700505 
C 	 -43.74230301486976 	 -8.168065448179181 	 -11.847202772420873 
C 	 -42.9987680390008 	 -8.299118296515338 	 -10.701930765182533 
N 	 -42.603448070782406 	 -8.744962586641075 	 -8.57847156597595 
C 	 -41.21740549410015 	 -9.092229295194661 	 -5.070739655339966 
C 	 -41.29307429376809 	 -8.75301521042132 	 -6.482966440126807 
C 	 -41.574800404134706 	 -8.118731222432114 	 -9.233070601413825 
H 	 -42.06865377045151 	 -9.536505579539801 	 -4.548812535156158 
N 	 -41.80773887827104 	 -7.742390176700693 	 -10.509564505126342 
C 	 -40.0744669411556 	 -8.738298400567144 	 -4.366486672016101 
C 	 -40.23605805340017 	 -8.133050118449923 	 -7.152263328667074 
H 	 -43.29870807357903 	 -7.803519150983209 	 -12.748406831719539 
C 	 -40.33188246988465 	 -7.829202966356804 	 -8.519318727864828 
C 	 -39.013435050777026 	 -8.132293370674704 	 -5.047616819871848 
C 	 -39.160781287634265 	 -7.8398092443374825 	 -6.428612912426549 
C 	 -39.19336961044298 	 -7.395192262576248 	 -9.213717443858194 
H 	 -40.05594775341396 	 -8.780324918725915 	 -3.261833555661087 
C 	 -37.84572980757614 	 -7.58061629651406 	 -4.3026447240257895 
C 	 -38.028397911078535 	 -7.395947718933606 	 -7.136778785675745 
N 	 -37.81419970952194 	 -7.607697610495632 	 -3.1129201239695887 
C 	 -38.02607279704612 	 -7.166436919170449 	 -8.519508896456264 
H 	 -39.29961199125248 	 -7.227334648254814 	 -10.318548685873361 
C 	 -36.82797520299158 	 -6.997769664166651 	 -6.409022417458041 
N 	 -36.858250799027175 	 -7.0153655957427885 	 -5.046627798755924 
C 	 -35.46244480258841 	 -6.8622823099171635 	 -4.743205025222688 
N 	 -35.63785704530372 	 -6.851897904638585 	 -7.009777459078952 
C 	 -34.81123328953145 	 -6.42898692049378 	 -3.5542226130498906 
H 	 -37.23968616593828 	 -6.5734190449221215 	 -8.98233992984217 
C 	 -34.85789442072636 	 -6.689926150340311 	 -5.921654640079047 
H 	 -35.2979215423177 	 -6.514284964327579 	 -2.5766102127926778 
C 	 -33.4778741085773 	 -6.052062731462332 	 -3.655488801708384 
C 	 -33.589630059676466 	 -6.299098804329394 	 -6.107633809404768 
C 	 -32.83660795658581 	 -6.061105799672718 	 -4.908234251023261 
H 	 -33.19446384443117 	 -6.143765193447072 	 -7.0767882783615175 
N 	 -33.45181342446811 	 -5.343143244441856 	 -0.6759958785641561 
C 	 -32.508573078988505 	 -5.363278026166682 	 -1.3829524386450232 
N 	 -32.491068482392905 	 -5.699597038034528 	 -2.715751723016754 
C 	 -31.417591043163853 	 -5.576250793905521 	 -3.5708696087584815 
N 	 -31.545662635854022 	 -5.900960392679391 	 -4.8429042608149535 
C 	 -31.15944077539581 	 -4.88351626399163 	 -0.8273548932485032 
C 	 -31.100147619584916 	 -4.454614362549914 	 0.5452137844415014 
C 	 -30.09982006837151 	 -5.283730603551901 	 -2.9700718653929887 
C 	 -30.035744949624934 	 -4.862138234816337 	 -1.5983183676175836 
C 	 -29.871290683134735 	 -3.9632425421616615 	 1.0654839172724135 
C 	 -28.94063231679217 	 -5.368395887303888 	 -3.7135938262500328 
H 	 -32.0103849318949 	 -4.569187854108651 	 1.1617071983228404 
C 	 -28.791881166145554 	 -4.322012509632927 	 -1.1066921980118074 
C 	 -28.746053346271044 	 -3.841508954142593 	 0.18774553233516156 
C 	 -27.684479702232288 	 -5.037595431778944 	 -3.1247942140274416 
C 	 -27.60354488635167 	 -4.519616606749367 	 -1.8334513562208707 
C 	 -27.448688266408137 	 -3.2596486839084897 	 0.7445014974612928 
H 	 -29.87328141518152 	 -3.8212559522047322 	 2.126056189298526 
N 	 -27.55705654154934 	 -2.509634611040167 	 1.7024441158105645 
H 	 -28.905363148240756 	 -5.687843745769271 	 -4.727884513870889 
C 	 -26.340201831659435 	 -4.301709889231681 	 -1.1648427027634145 
N 	 -26.30506003267219 	 -3.661506102473317 	 0.11288631122825335 
C 	 -24.930797278739874 	 -3.613592994479415 	 0.39043990421182934 
N 	 -25.228557259444074 	 -4.8530928674673275 	 -1.5685355977871307 
C 	 -24.176843863935837 	 -2.981500223484595 	 1.3616608288868688 
C 	 -24.370913889042782 	 -4.338278061344541 	 -0.6492142921313652 
H 	 -26.701952592268213 	 -5.209892705166296 	 -3.543798494139158 
C 	 -22.764570095522323 	 -3.2476736477545693 	 1.3351400203134827 
N 	 -22.47288958533048 	 -0.9976379194264781 	 3.1085084453352394 
C 	 -22.971846666955436 	 -4.622673238002674 	 -0.6373711375743674 
C 	 -21.568000184953686 	 -1.7604731589731402 	 2.8499240375593176 
C 	 -22.239519186562227 	 -4.111039291296397 	 0.40950329776722333 
H 	 -24.52485726863483 	 -2.3022409323372144 	 2.177360552383527 
N 	 -21.748449782672544 	 -2.9087904241659546 	 2.2248997772916765 
C 	 -19.765387108743443 	 -0.15468709337423547 	 3.8218891806639466 
C 	 -20.122255590348747 	 -1.3836211462649508 	 3.215066545985794 
C 	 -20.722823154522374 	 -3.6325095392075046 	 1.6350914636233025 
N 	 -20.9337092100319 	 -4.340188379426308 	 0.5564446069878889 
C 	 -18.43801242188752 	 0.05836844767279312 	 4.158755192509587 
C 	 -19.126038655575012 	 -2.326841915045182 	 2.9548282360169575 
C 	 -19.4366931101442 	 -3.4842106307751193 	 2.2402393864316363 
H 	 -20.532412670608366 	 0.5185213268656693 	 4.094406175168746 
H 	 -22.48282353692176 	 -5.263516473677636 	 -1.404903532497952 
C 	 -17.42864883684784 	 -0.8734494754476686 	 3.9801685989536817 
C 	 -17.793594382843814 	 -2.1338050928337458 	 3.4161483979917335 
C 	 -18.434331255943015 	 -4.440787980763946 	 2.114383256806992 
C 	 -16.005222259554394 	 -0.6364419090640488 	 4.475751217507674 
C 	 -16.841378366570932 	 -3.1195033432009307 	 3.3406240454937794 
N 	 -15.701911062358027 	 0.46349606455224346 	 4.882253882430235 
C 	 -17.161777859795897 	 -4.309725187969742 	 2.6168969170166485 
H 	 -18.30273697402358 	 1.0110514229962932 	 4.697436652274651 
C 	 -15.499729106044677 	 -2.959627482766215 	 3.930112430923909 
N 	 -15.187143596974634 	 -1.6966317449491986 	 4.454911225545389 
C 	 -13.89128995363145 	 -1.9231340234572538 	 4.812244702160044 
C 	 -12.933126318143014 	 -1.1326763985157915 	 5.4105603161084055 
H 	 -18.623554923712025 	 -5.3211734369279835 	 1.4913575983371263 
N 	 -14.524312948018443 	 -3.868462908896221 	 3.8291502769103047 
C 	 -13.475957881198788 	 -3.1710183796100226 	 4.33016302500337 
C 	 -11.66816699771377 	 -1.6964527249706436 	 5.648528920065213 
N 	 -10.955769225968394 	 0.8313765155892285 	 7.071228687142058 
C 	 -12.281515976241634 	 -3.731706530473186 	 4.552116256374123 
C 	 -10.090672406761545 	 -0.06259455619970786 	 6.796045575370117 
H 	 -16.41306905899438 	 -5.105698531916478 	 2.5432651736096092 
C 	 -11.347640928938148 	 -2.926632652136389 	 5.080981858553151 
H 	 -13.268474382630226 	 -0.15328991861454275 	 5.735453114437186 
N 	 -10.432273019911356 	 -1.199895992106452 	 6.230761259781614 
C 	 -8.154395238670338 	 1.1838834235581859 	 7.922767912666005 
C 	 -8.622560765506195 	 0.04963248830506456 	 7.243453186099456 
C 	 -9.545282190318215 	 -2.217018883126277 	 5.812629450435177 
N 	 -10.04967752947318 	 -3.3008133191374576 	 5.206811232940808 
C 	 -6.78886288663383 	 1.3145159125154906 	 8.259285428183425 
C 	 -7.734579435250512 	 -0.9684924535422872 	 6.978607226322783 
C 	 -8.17429169246487 	 -2.094066239099032 	 6.240433513851405 
H 	 -8.87871765472526 	 1.9549745283035198 	 8.241976862203211 
C 	 -5.913154681230244 	 0.2869585421278679 	 7.946828298020654 
H 	 -12.066825504594362 	 -4.719220038662792 	 4.180326203244045 
C 	 -6.390556646690707 	 -0.8463827275794094 	 7.240180212090746 
C 	 -7.270539492567415 	 -3.087430509474512 	 5.92316699249617 
C 	 -4.489183691032974 	 0.39647080018060826 	 8.475082382659243 
C 	 -5.454108222823716 	 -1.837528386215977 	 6.931449474591522 
C 	 -5.902251669137897 	 -2.9949303747758362 	 6.280197356532624 
H 	 -6.4285029356408305 	 2.0892139807432417 	 8.859119324295342 
N 	 -4.028373953460288 	 1.3223678046371279 	 9.117425147186072 
C 	 -4.094693324911175 	 -1.586444178230141 	 7.205290480001809 
N 	 -3.7157788865264565 	 -0.719861070100642 	 8.226684943961606 
H 	 -7.669407314557878 	 -3.949204277648235 	 5.387353817843443 
C 	 -2.302488007490914 	 -0.8104741277671124 	 8.15222509825043 
N 	 -3.1138839706027395 	 -2.1712236891710885 	 6.445185880630536 
C 	 -1.2434022153462763 	 -0.2635628169193621 	 8.870679891462819 
C 	 -2.0302400561306087 	 -1.5817964845328591 	 7.018979523339855 
H 	 -5.181295618281959 	 -3.84058359920441 	 6.027430227663076 
C 	 -0.7547938613637921 	 -1.7842758574970277 	 6.609064877424512 
C 	 0.029420969377008624 	 -0.5676342990209524 	 8.426826492652744 
N 	 0.8891910174687894 	 0.7717085604766039 	 11.00617232028359 
H 	 -1.4208314008158602 	 0.24151072783935146 	 9.796325503097794 
C 	 0.27333408486668137 	 -1.2936531133537894 	 7.285554454649728 
C 	 1.5922099963017835 	 0.05345230317965021 	 10.294689888767433 
N 	 1.2468333690587003 	 -0.49524636788709864 	 9.113221063871528 
C 	 2.083790037238581 	 -1.1396969452721781 	 8.181261316878881 
N 	 1.5592318137869072 	 -1.5414564728027889 	 7.021886293534368 
C 	 3.048862391482346 	 -0.21966632534079275 	 10.639088677109747 
H 	 -0.5584317571210146 	 -2.4374071037349814 	 5.796943215642782 
C 	 3.4731071253779784 	 0.06362248309491417 	 11.938844019015804 
C 	 3.4515918237447334 	 -1.3761439841375211 	 8.601913466780458 
C 	 3.9338434010658805 	 -0.8552776870439419 	 9.794738544557902 
H 	 2.817491058272233 	 0.5481454748394302 	 12.660828878243809 
C 	 4.784083282523281 	 -0.13858764760272052 	 12.29727876479383 
C 	 4.329123895315669 	 -1.9481019326501363 	 7.668736519389019 
C 	 5.22029007153526 	 -1.1415753112859042 	 10.187999431519208 
C 	 5.67520662979871 	 -0.7021074267443016 	 11.372801715259868 
C 	 5.721326630681774 	 -2.145341202946161 	 8.0285294785181 
C 	 6.128379154974401 	 -1.7429486137550672 	 9.27980281098701 
H 	 4.102381997588273 	 -2.3465518438479616 	 6.671622670448615 
H 	 5.104335766715707 	 0.2463760889549782 	 13.269395533085323 
C 	 7.082810670669813 	 -0.9226159737218134 	 11.826855295555097 
N 	 7.519585225926242 	 -0.6005000950136078 	 12.896915144447032 
C 	 7.486783466602092 	 -2.026915525086172 	 9.722134108420375 
N 	 7.812052398741058 	 -1.7271518844661737 	 11.015411126855321 
H 	 6.4266082014189925 	 -2.4159633057838312 	 7.303576818711744 
N 	 8.426911542601545 	 -2.6724245074215163 	 8.968803583196882 
C 	 9.11534316011261 	 -2.2372676831456757 	 11.128974098921786 
C 	 9.443828541242134 	 -2.7131454973536524 	 9.891430389774452 
C 	 9.968045811916106 	 -2.35337440969595 	 12.180074101881088 
C 	 10.659293927322517 	 -3.390140075746675 	 9.608087296226604 
H 	 9.583321660623639 	 -2.126280031147262 	 13.138320743349752 
C 	 11.14240439214079 	 -3.083217031169232 	 11.972844403728676 
C 	 11.450416129398908 	 -3.601278252799739 	 10.718601368037978 
H 	 10.921098743088962 	 -3.6891413270874027 	 8.616675491181407 
H 	 11.803107380024578 	 -3.2431957295288742 	 12.765802192557786 
H 	 12.442766810126182 	 -4.123757063274142 	 10.629130935227929 
C 	 37.705269865518964 	 -12.29451009427389 	 6.21196781695958 
C 	 36.60060445181937 	 -11.693520285693108 	 6.779220357935299 
C 	 38.57847267731458 	 -12.999213338591826 	 6.995459365072719 
C 	 38.31769999383455 	 -12.939974154630141 	 8.358621667905142 
C 	 37.28942945537709 	 -12.279673861531101 	 8.911487734643575 
C 	 36.39331866125351 	 -11.624113461517087 	 8.130301698024715 
N 	 39.141181174903956 	 -13.354152600548794 	 9.391060485828346 
N 	 37.343258234411 	 -12.166565812301123 	 10.228222022640008 
C 	 38.49220986660227 	 -12.799040859410908 	 10.505546809969372 
C 	 39.2977684194773 	 -12.691000929265568 	 11.75589583687209 
C 	 40.42094612177243 	 -13.785960457664299 	 9.347474471302696 
N 	 41.01942619526811 	 -14.022473603746187 	 8.333472715996262 
C 	 41.14723372008387 	 -13.829306511347955 	 10.582029444451425 
C 	 40.56734425787393 	 -13.302139847382778 	 11.751986892151885 
C 	 41.33348595509056 	 -13.253530917409302 	 12.919205580183439 
C 	 42.467749482581496 	 -14.36282841217744 	 10.6177254278619 
C 	 43.21869000302695 	 -14.174041233078606 	 11.7689901638691 
C 	 42.652868294896685 	 -13.579155352485161 	 12.86994837021388 
C 	 38.734763585805105 	 -12.365773804457822 	 12.988104294816571 
C 	 39.44114599912128 	 -12.460434761199528 	 14.190047370704885 
C 	 40.79079691593937 	 -12.855377020240208 	 14.125302558707013 
C 	 43.535290123531965 	 -13.26568688088602 	 14.037443502082333 
C 	 41.61526679425214 	 -12.88776295115363 	 15.267498454186839 
N 	 42.95856846419837 	 -12.84621873257982 	 15.119566028004467 
N 	 44.710631396503885 	 -13.457980189958556 	 14.047430627832954 
N 	 41.093997917177255 	 -12.816153915190297 	 16.54105301637535 
H 	 39.38629215385038 	 -13.554118365774315 	 6.605186677295398 
H 	 35.513907678334604 	 -11.133612725464115 	 8.60301763170498 
H 	 42.881162359816706 	 -14.872088692813607 	 9.803137485797704 
H 	 44.28306258697409 	 -14.41595055301615 	 11.815919900672286 
H 	 37.72347745377523 	 -11.936057728024076 	 12.965545158944924 
H 	 38.91344298612462 	 -12.314951112717823 	 15.139997265126052 
C 	 43.448812406550175 	 -12.702070995370283 	 16.42581333088903 
C 	 42.253181531837356 	 -12.707292041190751 	 17.231724072803623 
C 	 44.733048150045185 	 -12.732720663790719 	 16.99163410018945 
C 	 44.786627238595955 	 -12.716089275065613 	 18.388470765392743 
C 	 43.66720812226142 	 -12.761487594225683 	 19.186325002808662 
C 	 42.41737169764912 	 -12.788448028067549 	 18.59852124465914 
N 	 45.91489156121088 	 -12.794787492905105 	 19.236652006024684 
N 	 43.906599494821855 	 -13.082023302265094 	 20.468252298665572 
C 	 45.26873189882506 	 -13.042506490100239 	 20.390874581393117 
C 	 46.14726404344947 	 -13.179293294792206 	 21.5120653927421 
C 	 47.15577638050721 	 -12.262210196607828 	 19.043875617025243 
N 	 47.55219301830122 	 -11.888912583656134 	 17.903963581705295 
C 	 47.873554093827835 	 -11.939678589002067 	 20.35420266423144 
C 	 47.36558889660374 	 -12.514652477815927 	 21.545487823118624 
C 	 48.123508876127495 	 -12.51160393815392 	 22.73397268357474 
C 	 49.13237014414125 	 -11.268741161043648 	 20.42799310754654 
C 	 49.82814304922164 	 -11.206028170446922 	 21.61378413537077 
C 	 49.299767227392394 	 -11.71530424360401 	 22.812946079234713 
C 	 45.805831238960984 	 -14.09308735937673 	 22.484748485239482 
C 	 46.59178269791992 	 -14.03134148313472 	 23.678146860655605 
C 	 47.704234870023804 	 -13.208271628253792 	 23.82186892756096 
C 	 50.01254202379009 	 -11.606998826290898 	 24.215201200236447 
C 	 48.4233523266651 	 -13.198613542836739 	 25.016360385096075 
N 	 49.55834253534979 	 -12.470556605547857 	 25.129632451067806 
N 	 50.928297594716675 	 -10.888864070983976 	 24.399227269675723 
N 	 48.52573694436443 	 -14.11224713755283 	 25.959750839293253 
H 	 45.64502952552908 	 -12.840121923577644 	 16.444355989746146 
H 	 41.57432669543633 	 -12.83508401387903 	 19.161627189526598 
H 	 49.41166495591205 	 -10.817842503780751 	 19.482545945862938 
H 	 50.758730480883216 	 -10.677446744784493 	 21.67827868552956 
H 	 44.95800880481402 	 -14.76196724532608 	 22.483314505765183 
H 	 46.32983987131331 	 -14.763956390416247 	 24.384443867303084 
C 	 39.577489091616656 	 -4.042011092043367 	 -1.150121480144327 
C 	 39.17973850979404 	 -5.379627669101891 	 -1.3083482275211737 
C 	 38.94465924001429 	 -3.1491964194863447 	 -0.35485285723990045 
C 	 38.11769969190139 	 -5.783400297893282 	 -0.5504956369895565 
C 	 37.79950213021438 	 -3.575198659143744 	 0.3832569259844601 
C 	 37.473638805650666 	 -4.899899010376368 	 0.253853979650523 
C 	 38.47592598124237 	 -8.170821321704734 	 -0.5117693429028566 
N 	 38.93960474627189 	 -8.457440855113559 	 -1.5975043760352845 
C 	 39.51553986530881 	 -10.173151132360646 	 0.5671098247320105 
C 	 38.52189178946442 	 -9.203962557704159 	 0.5488426946340306 
C 	 36.863428304000436 	 -6.916023665898758 	 0.7636297001386726 
N 	 37.70136710420088 	 -7.085490816674568 	 -0.34792980410422075 
C 	 39.50308151892751 	 -11.088495705468976 	 1.608419054523999 
C 	 37.646919461547256 	 -9.049424104267205 	 1.6062647573606648 
C 	 36.74884713811269 	 -7.955705793279865 	 1.7050858095327326 
N 	 36.67332585983124 	 -5.627182763537615 	 1.0669938372634022 
C 	 38.654933253841065 	 -10.998740166555661 	 2.7153060713561956 
C 	 37.62096458984854 	 -10.047751983137488 	 2.656927438096706 
C 	 35.79853418216076 	 -7.977307477299318 	 2.7309968152864514 
C 	 38.84088952426641 	 -11.869248354930198 	 3.9698473148752864 
C 	 36.75085746469753 	 -9.9604820896622 	 3.7609599870434174 
H 	 39.618329555919665 	 -6.075482539810334 	 -2.0414661541228516 
C 	 35.79460076455514 	 -8.94238139895615 	 3.7571221767734833 
C 	 36.81161133261313 	 -10.87257350524729 	 4.8278510597903335 
N 	 39.758787577571894 	 -12.664960896767317 	 4.004636505611529 
N 	 37.907299715371266 	 -11.69464144150436 	 4.918670167791466 
H 	 37.304376578098584 	 -2.8836084077380373 	 1.110456149449394 
H 	 40.20546995896109 	 -10.193922624839594 	 -0.25457669246273734 
N 	 36.0210860653926 	 -10.855509745445467 	 5.893675610319107 
H 	 40.20693734073617 	 -11.852363553826905 	 1.5491873590261733 
H 	 35.10515359454646 	 -7.146313879805038 	 2.715222804649468 
H 	 35.00157488500039 	 -8.896835158488274 	 4.5563935408849945 
H 	 50.169375150099576 	 -12.581365450726974 	 25.963367553044886 
H 	 47.90939364993562 	 -13.938148545915377 	 26.745872925964342 
N 	 41.73467116697459 	 -4.578786377423451 	 -3.095533646853116 
C 	 41.837257867126276 	 -3.6665543716325555 	 -2.293353142289926 
N 	 40.74958556301413 	 -3.3276243733600896 	 -1.5412677850387069 
C 	 44.243292495409975 	 -3.1447542661592176 	 -2.9628178629403545 
C 	 43.043248808673866 	 -2.764342030617386 	 -2.2914536134668744 
H 	 44.29820598303279 	 -4.060586779547242 	 -3.623487312684642 
C 	 40.70579064306622 	 -2.212926139351595 	 -0.7257668282377421 
N 	 39.59266369418641 	 -2.032675326100992 	 -0.010334051525144241 
C 	 45.37568487615446 	 -2.380550157983009 	 -2.796954093359902 
C 	 43.04730451629402 	 -1.7095689536310015 	 -1.3818379595414267 
C 	 41.881153738622785 	 -1.3852745560361688 	 -0.6181173356476487 
H 	 46.23287289795974 	 -2.6666346728099843 	 -3.3898738003176967 
C 	 45.33987174574222 	 -1.1850271281250135 	 -2.036178134586296 
C 	 44.18510465101076 	 -0.8783563561036637 	 -1.2779434173856232 
C 	 41.925579353296 	 -0.2730577443762281 	 0.2521922031252394 
C 	 46.47414787694886 	 -0.1846623133703613 	 -2.0932611785381527 
N 	 47.46829601620352 	 -0.519046074327874 	 -2.688376462405661 
C 	 44.17374843861342 	 0.2979161165655505 	 -0.5283124079178698 
C 	 43.061939575431616 	 0.5983666162092177 	 0.2031861803997942 
H 	 40.99302304079361 	 0.1740720213347409 	 0.8073367374290503 
C 	 45.31802650094314 	 1.1828022083193037 	 -0.496519633371923 
N 	 46.389029116660424 	 0.8587329052080306 	 -1.3387305985129414 
C 	 47.340081690788764 	 1.849621330944503 	 -1.0020469552750302 
C 	 48.60261653207097 	 2.1317205626816356 	 -1.5617273828119864 
N 	 45.531756345210795 	 2.1668808093230307 	 0.40909760723827293 
H 	 43.0307701994395 	 1.4847760341483618 	 0.7854871964414489 
C 	 46.814697123905106 	 2.5872045209973042 	 0.013773368621088031 
H 	 49.01594785886638 	 1.584515840071787 	 -2.352689621996865 
N 	 51.02642631596503 	 2.724076766882238 	 -3.153201064173154 
C 	 49.25951436351155 	 3.229407706022809 	 -1.0442437340023547 
C 	 51.18138587465338 	 3.6528050181873297 	 -2.4169445081902596 
C 	 47.48765457879011 	 3.6934188395793504 	 0.5418140380509268 
C 	 48.699038019419504 	 4.011912042457243 	 -0.07608268934545825 
N 	 50.51828583309166 	 3.815585537433041 	 -1.3341590911357393 
C 	 52.74756438825018 	 4.798188224661627 	 -4.005432494631092 
C 	 52.069488564027516 	 4.82428151415933 	 -2.7531953811778203 
H 	 52.8243523510306 	 3.902879575241164 	 -4.622803002555989 
C 	 50.47181403670532 	 4.8998996342449965 	 -0.4639414120523708 
C 	 53.330498804089366 	 5.995707524243508 	 -4.498657083750459 
N 	 49.43508776971894 	 5.025754520268568 	 0.32622415139109584 
C 	 52.05358686667253 	 5.946897245116253 	 -1.997594711143507 
H 	 47.199806774572906 	 4.3668536510095555 	 1.3618538670639224 
C 	 51.412467049770186 	 5.99189992375776 	 -0.7713788553492152 
C 	 53.26499192613874 	 7.129866679726151 	 -3.726389998127948 
H 	 53.884948410731106 	 5.9843751662951385 	 -5.4140657915534405 
C 	 52.734962531539274 	 7.0830456762715155 	 -2.416992295543306 
C 	 51.563210069507946 	 7.068169380589719 	 0.11201205305287486 
C 	 53.754194446393285 	 8.478334781095022 	 -4.2541198578680675 
N 	 54.033322008920294 	 8.781368902312913 	 -5.39127843474093 
C 	 52.80933246901965 	 8.232392322706719 	 -1.5551130653188887 
C 	 52.28892654303541 	 8.162791103254502 	 -0.28073355380331305 
C 	 53.51109978139641 	 9.430828942281831 	 -2.055807889272265 
N 	 53.91447798039095 	 9.431698362591629 	 -3.3339790851245374 
H 	 50.99164615903769 	 7.193491517243473 	 0.9942798166149761 
C 	 54.55488178273969 	 10.612137340757661 	 -3.455390522871605 
C 	 55.00770725343835 	 11.323362074978615 	 -4.614479696156653 
N 	 53.83396176259416 	 10.484431992739381 	 -1.2953818790656022 
C 	 54.49151440044384 	 11.240833569609395 	 -2.202563383948138 
H 	 52.15581971636436 	 9.00587999902306 	 0.3823117310183393 
N 	 55.70781886550096 	 12.766007087498783 	 -7.286629640817994 
H 	 55.0668756838078 	 10.882390513319056 	 -5.650354013920246 
C 	 55.4620360155194 	 12.679233302464336 	 -4.3287899896414475 
C 	 56.037180481730715 	 13.711882099715403 	 -6.546120048559406 
C 	 54.87870844798776 	 12.549526220787515 	 -1.963670183711126 
C 	 55.393274444816086 	 13.259291981173982 	 -3.0825741294914573 
N 	 56.03417199730433 	 13.642772374892829 	 -5.176204709858436 
C 	 56.35165916680039 	 15.191731730401424 	 -8.509453642922177 
C 	 56.449038096328565 	 15.050394573814138 	 -7.125098536669865 
C 	 56.206984369640566 	 14.711480006565665 	 -4.329755140006283 
H 	 55.98681472828183 	 14.385142996469934 	 -9.097226217484556 
N 	 55.8789764244568 	 14.514230120260017 	 -3.0345322506271626 
C 	 56.757213200851 	 16.357391558460076 	 -9.098159262148476 
C 	 56.69366776205477 	 16.114096290930494 	 -6.253136770663454 
H 	 54.806682034990786 	 13.083529784905068 	 -0.9927558415485624 
C 	 56.605662356248146 	 15.937393947868348 	 -4.859126156402406 
C 	 57.04220944329479 	 17.472227823398327 	 -8.258361025493047 
C 	 57.0975014489821 	 17.329449622483956 	 -6.799509599076819 
C 	 57.03589257248521 	 16.980780043245222 	 -4.0599064704842895 
H 	 56.68941610621889 	 16.44470497859711 	 -10.162049277256251 
C 	 57.371832796953996 	 18.842464310425072 	 -8.815670689770252 
C 	 57.483935303524184 	 18.40509341786876 	 -5.983479770061897 
N 	 57.36982357087684 	 19.069199880327766 	 -10.011912173208076 
C 	 57.47989306217228 	 18.206452241256 	 -4.60235463797036 
H 	 57.043245856548864 	 16.834890318214715 	 -3.004606590221545 
C 	 57.702049893455204 	 19.643019320998068 	 -6.579781513964378 
N 	 57.60434165913133 	 19.80251241187425 	 -7.947519557086769 
C 	 57.707490702274654 	 21.153894210833464 	 -8.00554467541126 
N 	 57.97526744756045 	 20.733171387135627 	 -5.835660639381013 
C 	 57.45135073663729 	 21.994109316635058 	 -9.100286484101938 
H 	 57.6254702880762 	 19.03389815522124 	 -3.9110952137526565 
C 	 58.00759415670896 	 21.663785616758833 	 -6.778833751471355 
H 	 57.218782191155725 	 21.571712927650733 	 -10.087722238858394 
C 	 57.500941952177456 	 23.35371900591103 	 -8.800231108731525 
C 	 58.10816689419617 	 23.06067705778679 	 -6.472278484268023 
C 	 57.799998802613395 	 23.89675784561828 	 -7.52334615189544 
H 	 58.21020761749421 	 23.377235966856535 	 -5.437344483337423 
N 	 56.331491774032365 	 23.428263278093098 	 -11.465913446389205 
C 	 56.51825977106074 	 24.46478094314091 	 -10.817723811655407 
N 	 57.09692942342708 	 24.433534008088937 	 -9.617224522900186 
C 	 57.17771512907612 	 25.476639012911757 	 -8.738519326921951 
N 	 57.62192485964764 	 25.213861944988285 	 -7.462355620049979 
C 	 56.194152505656085 	 25.825558061578302 	 -11.335414966357796 
C 	 55.70921346681463 	 25.87031139054522 	 -12.622177231793579 
C 	 56.736289196232875 	 26.802452537532336 	 -9.260519886799859 
C 	 56.2723696844398 	 26.936250203331852 	 -10.514855696514793 
C 	 55.345127980320115 	 27.162242195619804 	 -13.125754236719903 
C 	 56.82378319432999 	 27.965394627502285 	 -8.412120942788393 
H 	 55.60670086136891 	 25.051648915139836 	 -13.352083046236094 
C 	 55.80083377461517 	 28.201562455152555 	 -10.960762623929371 
C 	 55.42849494400972 	 28.30536791902271 	 -12.341006424127373 
C 	 56.41801551473354 	 29.156486654257037 	 -8.904513320767208 
C 	 55.79677646950018 	 29.27080428122326 	 -10.151487742592652 
C 	 54.993589704489416 	 29.64936051539128 	 -12.867543024041023 
H 	 54.950631629526214 	 27.23231253526666 	 -14.135254570503944 
N 	 54.62299758583522 	 29.821767306195976 	 -14.04183313023593 
H 	 57.17277986426978 	 27.901438903820036 	 -7.373280033599055 
C 	 55.374713130562725 	 30.544445189941364 	 -10.668475306310432 
N 	 55.054606366048816 	 30.641526817818388 	 -11.993243592332465 
C 	 54.38760641815472 	 31.85837861545586 	 -12.064942947291497 
N 	 54.80470125633452 	 31.517568528871774 	 -9.896748316256543 
C 	 53.85782373683918 	 32.53822746127661 	 -13.192876369799807 
C 	 54.190257918266354 	 32.279047473550214 	 -10.797757359462013 
H 	 56.48296192147059 	 30.01658203575038 	 -8.314874591443987 
C 	 52.937529633027665 	 33.58303634448898 	 -12.838421408960645 
N 	 52.69875882256069 	 33.51457486028582 	 -15.776409721330927 
C 	 53.28783894080024 	 33.227171862668754 	 -10.483624047823442 
C 	 51.80140312449064 	 33.865200178435586 	 -14.974722434303732 
C 	 52.60140537312573 	 33.82728426719608 	 -11.58754977768982 
H 	 54.04675651405759 	 32.15311109250892 	 -14.215641252212109 
N 	 52.00728664854129 	 34.16297530536454 	 -13.69683930123886 
C 	 50.19698902078359 	 34.19189239535603 	 -16.907376379229238 
C 	 50.42687403736714 	 34.16179425044561 	 -15.502396504257076 
C 	 51.080659871506924 	 34.63282288736942 	 -12.840283860368583 
N 	 51.39889957835748 	 34.50960179253996 	 -11.544374750145874 
C 	 48.87900317980755 	 34.35544170137103 	 -17.376092396820074 
C 	 49.4780393340606 	 34.66005780295327 	 -14.639060190752437 
C 	 49.753885785120964 	 34.98480535396292 	 -13.328997813777452 
H 	 50.92847705506035 	 33.9602204200917 	 -17.668211973206486 
H 	 53.138219183916966 	 33.508707691427794 	 -9.471643663918929 
C 	 47.9194549320414 	 34.72953413050831 	 -16.52883664950466 
C 	 48.17000035018978 	 34.944187295135855 	 -15.18944733075964 
C 	 48.74119444007195 	 35.47175440608846 	 -12.498777604065797 
C 	 46.477891937910826 	 34.93892406474511 	 -17.074073104606104 
C 	 47.18226312603502 	 35.559097538925734 	 -14.402166188994368 
N 	 46.00874455612176 	 34.43657284078467 	 -18.09267869809572 
C 	 47.53135985661048 	 35.802997705260736 	 -13.067098053966651 
H 	 48.548532150017174 	 34.18616051309916 	 -18.36259031461511 
C 	 45.94300336924564 	 35.94698603801193 	 -14.982459779155864 
N 	 45.67034656834338 	 35.69799860268796 	 -16.292927797076672 
C 	 44.49433402782623 	 36.351980638724086 	 -16.56269151312327 
C 	 43.85556618819691 	 36.62367656684889 	 -17.79640369279412 
H 	 48.90099618076776 	 35.62868740276953 	 -11.423818556938707 
N 	 44.99142319685468 	 36.75958022480841 	 -14.362617544279283 
C 	 44.15464977535913 	 37.04893462277892 	 -15.415339606864757 
C 	 42.79410963994343 	 37.55293511853832 	 -17.747759884379548 
N 	 43.132666426928594 	 37.47196956112202 	 -20.645904513499644 
C 	 43.15070047495756 	 37.962365992814256 	 -15.381632316201834 
C 	 42.20427213610268 	 38.08289083690285 	 -20.1087649069417 
H 	 46.72429017036002 	 36.17854450596995 	 -12.391219653707997 
C 	 42.46243165225167 	 38.23129248494819 	 -16.60363354891045 
H 	 44.175616309574345 	 36.330933338183186 	 -18.839621734934827 
N 	 42.04173045710183 	 38.17836441181816 	 -18.779840957488695 
C 	 40.99349141114795 	 38.52130914069376 	 -22.23005383790119 
C 	 41.06941283710634 	 38.68602661982752 	 -20.864537260941578 
C 	 41.23787583319905 	 39.050268553469394 	 -18.108231958044623 
N 	 41.41330536446017 	 39.07655676548263 	 -16.734570503630213 
C 	 40.073899952186736 	 39.17227778817572 	 -22.986076480079 
C 	 40.082576871866486 	 39.489588861873045 	 -20.21802735831744 
C 	 40.18798523140393 	 39.64356828337154 	 -18.801215910542435 
H 	 41.75590770660386 	 37.99214763940731 	 -22.76585597292288 
C 	 39.05430155878899 	 39.998177389355725 	 -22.352895617535836 
H 	 42.96868272023005 	 38.554161643736954 	 -14.523497329745963 
C 	 39.06061876708148 	 40.12639091304961 	 -20.949203305180784 
C 	 39.22060072870183 	 40.5267443959038 	 -18.246058545124715 
C 	 38.04768886623364 	 40.67826829579727 	 -23.18712785748847 
C 	 38.07658479264209 	 40.89642892799874 	 -20.341677448167587 
C 	 38.190495313276415 	 41.09675285958686 	 -18.94445063496304 
H 	 40.134053198152294 	 39.11485438683538 	 -24.15017423188301 
N 	 38.21513262836643 	 40.73182773531759 	 -24.408512417685316 
C 	 37.00037627751002 	 41.514998297345215 	 -21.12175635741501 
N 	 37.048633455531956 	 41.26696129508705 	 -22.50228324677189 
H 	 39.185907772501025 	 40.76644005981895 	 -17.191047928739692 
C 	 36.10132607366856 	 42.21010212872945 	 -22.99892444911944 
N 	 36.055040204328684 	 42.348139525783964 	 -20.738623022946978 
C 	 35.85625561496057 	 42.674242305552156 	 -24.272848395760874 
C 	 35.57597460607572 	 42.87024848103278 	 -21.85295176744598 
H 	 37.510529419208396 	 41.77137648805114 	 -18.435400972726264 
C 	 34.76752711905425 	 43.93335353797969 	 -21.961208190088787 
C 	 34.872595202017955 	 43.66594458463812 	 -24.376901987686093 
N 	 34.98935776066148 	 43.2906870531532 	 -27.20393450041846 
H 	 36.316853131756076 	 42.35088576389319 	 -25.236163434448574 
C 	 34.46096739700113 	 44.30706420827612 	 -23.227686823131513 
C 	 34.56086580685413 	 44.25408317771588 	 -26.72806031275448 
N 	 34.46482484098003 	 44.47996012014385 	 -25.437752175278405 
C 	 33.73052226228606 	 45.40578215704268 	 -24.828654346512412 
N 	 33.78307663707169 	 45.45337568868701 	 -23.46968113242861 
C 	 34.110926976834264 	 45.33404898473016 	 -27.627532522303756 
H 	 34.351562496932665 	 44.391984336128765 	 -21.02480164861612 
C 	 34.19784974324839 	 45.23528288084993 	 -29.00015979116607 
C 	 33.27177915081521 	 46.51814688279538 	 -25.68817879389198 
C 	 33.481061354577626 	 46.46954124345511 	 -27.06830866663473 
H 	 34.54745072982497 	 44.32998154598961 	 -29.487161276293747 
C 	 33.8999860559436 	 46.314681833654305 	 -29.80286537604457 
C 	 32.60868464955906 	 47.674837897184574 	 -25.16451763067717 
C 	 32.97815025809419 	 47.49364999441445 	 -27.884347824146545 
C 	 33.165588408000815 	 47.38267554323887 	 -29.26431138391891 
C 	 32.20134227177337 	 48.692305844636046 	 -26.004479109287704 
C 	 32.408824319342166 	 48.6761731279633 	 -27.37066401473205 
H 	 32.37000545991927 	 47.786059693921324 	 -24.10241979154121 
H 	 34.05653992520323 	 46.3360020771539 	 -30.89155921520396 
C 	 32.84670108184361 	 48.56099380008065 	 -30.209165516948737 
N 	 32.80607665639786 	 48.43501190182937 	 -31.373542883901305 
C 	 32.159385621989166 	 49.781715238375924 	 -28.223054251925916 
N 	 32.493859280833334 	 49.692860546688834 	 -29.567185159626167 
H 	 31.73607050251506 	 49.56683519702684 	 -25.52127628035229 
N 	 31.647298080296142 	 50.99207065896887 	 -27.805599955158375 
C 	 32.168830913182674 	 50.929605703461064 	 -29.99587095813561 
C 	 31.58626289167524 	 51.603493978266556 	 -28.961432008067984 
C 	 32.110820222475425 	 51.48957870318763 	 -31.327519813523626 
C 	 31.003035200144033 	 52.85312437259466 	 -29.04862732057246 
H 	 32.48570879017394 	 50.94734434312377 	 -32.192832325355795 
C 	 31.478353695392315 	 52.72522009639265 	 -31.46558593332195 
C 	 30.877486846780858 	 53.348898172654295 	 -30.3248700703917 
H 	 30.506113244167587 	 53.29910013968471 	 -28.180821119415914 
H 	 31.59048752622066 	 53.12469939353678 	 -32.46704281976509 
H 	 30.473258946625172 	 54.39483710913524 	 -30.471322764328054 
