C 	 54.83112554057796 	 -21.490145348460256 	 -31.990719051274468 
C 	 54.32672532362224 	 -20.20383385923154 	 -32.087939705809504 
C 	 53.985950447223324 	 -22.537969661131278 	 -32.16714493271437 
C 	 52.71422437242212 	 -22.242483844454604 	 -32.58079378532643 
C 	 52.1493305740227 	 -20.986018434289203 	 -32.69748184187487 
C 	 52.99936064155775 	 -19.90459509035396 	 -32.432059320241684 
N 	 51.76900213336783 	 -23.140557238883677 	 -33.04080038112517 
N 	 50.841804593798216 	 -20.981777069377028 	 -33.0658791070524 
C 	 50.714615567318525 	 -22.31168976462837 	 -33.306260563620725 
C 	 49.56356828070539 	 -22.879370379647625 	 -33.92430016393373 
C 	 51.75425601641936 	 -24.52246226632265 	 -33.059709500366715 
N 	 52.69134288818661 	 -25.177538762786078 	 -32.70904754904379 
C 	 50.50392096496098 	 -25.13476145020631 	 -33.470566374673666 
C 	 49.43972958905659 	 -24.279978530128673 	 -33.94997744732304 
C 	 48.23153453188559 	 -24.89773919683304 	 -34.3327851348074 
C 	 50.33256496323651 	 -26.49680831784293 	 -33.4882648661099 
C 	 49.14630133675053 	 -27.072303913770845 	 -33.83515715254168 
C 	 48.108237192337285 	 -26.298315987034822 	 -34.386965956225445 
C 	 48.45789097664908 	 -22.08121453454017 	 -34.26794970581894 
C 	 47.25541635278264 	 -22.71069234476211 	 -34.63242487127137 
C 	 47.1379407774404 	 -24.116366739955872 	 -34.73181973341041 
C 	 46.87177141067499 	 -26.94938279939103 	 -34.81763358295609 
C 	 45.90646555043776 	 -24.72215706652921 	 -35.14442049979341 
N 	 45.9211350742114 	 -26.07925761935733 	 -35.29271900006218 
N 	 46.634657323614945 	 -28.118210626774655 	 -34.616053759210075 
N 	 44.94270720523231 	 -23.97264620901312 	 -35.770633153949355 
H 	 54.28762718378269 	 -23.51119095166944 	 -32.04033014134816 
H 	 52.68147131803065 	 -18.81721876442244 	 -32.49469079259684 
H 	 51.06129939048728 	 -27.115607350840413 	 -33.051917042275264 
H 	 49.042342161322466 	 -28.197758053048787 	 -33.79827437562762 
H 	 48.48072213008447 	 -20.99689162019935 	 -34.106960641490666 
H 	 46.48018294746826 	 -21.977447691437067 	 -34.83537891029109 
C 	 44.778349405668756 	 -26.240405076927836 	 -36.0773092603271 
C 	 44.269342529230094 	 -25.019189078835318 	 -36.3234160238374 
C 	 44.087836778883215 	 -27.385307460547597 	 -36.40454562108373 
C 	 42.879646272539226 	 -27.199309346749267 	 -37.14393664552849 
C 	 42.34750334154481 	 -25.982095995113752 	 -37.39886114954572 
C 	 43.058199398791345 	 -24.863339825859754 	 -36.984402941661244 
N 	 41.91670639574687 	 -28.19871651664223 	 -37.498651553663834 
N 	 41.21532316077233 	 -26.025025046135003 	 -38.13115174350204 
C 	 40.98799639986869 	 -27.404392206516466 	 -38.12623289236176 
C 	 39.77012716929993 	 -28.06372048412134 	 -38.775438524554815 
C 	 41.86058109116129 	 -29.54224315392709 	 -37.41742450318747 
N 	 42.706069042621216 	 -30.197846430241853 	 -36.86223185872082 
C 	 40.618825220738835 	 -30.183671010415217 	 -38.01805278350811 
C 	 39.599365388441974 	 -29.434542717652334 	 -38.594890597844305 
C 	 38.44446393905561 	 -30.0340864797841 	 -39.159397201781275 
C 	 40.322844116984044 	 -31.52148071988142 	 -37.80310529468354 
C 	 39.12008270077327 	 -32.077584991124404 	 -38.285800824480695 
C 	 38.19568910149403 	 -31.372756326345982 	 -38.94222061968534 
C 	 38.88390182121028 	 -27.263516790490442 	 -39.40584613441905 
C 	 37.7476891783422 	 -27.85255433573244 	 -39.96492889194409 
C 	 37.52471384223095 	 -29.260204663404956 	 -39.88633962434785 
C 	 36.944285768383104 	 -31.960995563409163 	 -39.566347888173055 
C 	 36.280407890358205 	 -29.81188597233959 	 -40.4318660415813 
N 	 36.03232637727273 	 -31.129819169757795 	 -40.077638624301024 
N 	 36.860565179918176 	 -33.12772896746853 	 -39.69220475474755 
N 	 35.24456849489114 	 -29.39849195713355 	 -41.07617729249778 
H 	 44.47124678868697 	 -28.43061153738617 	 -36.188100846754125 
H 	 42.74780267575504 	 -23.870093462742854 	 -37.16794978700457 
H 	 41.09028258045062 	 -32.065613000699194 	 -37.24989331605842 
H 	 39.07074112475455 	 -33.17461970005557 	 -38.17456405948177 
H 	 39.07055976279204 	 -26.16777937296818 	 -39.5420327404574 
H 	 37.10050478491664 	 -27.22992458163163 	 -40.63852487078079 
C 	 -58.594762474714315 	 -17.57915295085316 	 -25.9205327772509 
C 	 -59.272241859719784 	 -18.636992945039058 	 -26.49048888709277 
C 	 -58.847167794844154 	 -16.244703753178143 	 -26.308923668346075 
C 	 -60.149576352963294 	 -18.263806918970406 	 -27.51348094157315 
C 	 -59.78833171252479 	 -15.936030497191794 	 -27.230377221237422 
C 	 -60.55064369726023 	 -16.977646523025946 	 -27.768782407149192 
C 	 -61.357005684169714 	 -20.386193607405286 	 -28.12949823618528 
N 	 -60.67383924371413 	 -21.048485836554722 	 -27.406984222407594 
C 	 60.15447115746268 	 -22.276822122033273 	 -28.836850408217966 
C 	 60.37425659300909 	 -20.929351938912216 	 -28.84715886046943 
C 	 61.10241536036661 	 -18.185171878214227 	 -28.894723741972093 
N 	 -61.052489904624544 	 -19.07188924019903 	 -28.226080327723064 
C 	 59.0791768422356 	 -22.7734213855734 	 -29.61284466894157 
C 	 59.56500790326391 	 -20.048160392488345 	 -29.565520935848543 
C 	 59.889794720123646 	 -18.67582873996303 	 -29.58786198749515 
N 	 61.34830561727358 	 -16.89137764667561 	 -28.623199199799625 
C 	 58.18346829210778 	 -21.90595750736579 	 -30.254805512605515 
C 	 58.452260220004725 	 -20.53177061377015 	 -30.23921505033564 
C 	 58.984829202497814 	 -17.77291201183471 	 -30.091605998700658 
C 	 56.85902158268365 	 -22.381749700752735 	 -30.827884224421034 
C 	 57.51863246744017 	 -19.625374642550106 	 -30.8051263803161 
H 	 -59.20768134463939 	 -19.68427804052643 	 -26.073071953231075 
C 	 57.804308380353795 	 -18.2494379854517 	 -30.73364147688099 
C 	 56.330100021699295 	 -20.090509174779058 	 -31.482146425267434 
N 	 56.531465059957625 	 -23.612735994665254 	 -30.828560373742395 
N 	 56.145794865679754 	 -21.468860824363233 	 -31.498642709786072 
H 	 -60.0292738758027 	 -14.90870411012024 	 -27.55021755468268 
H 	 60.81149719704946 	 -23.10211845569074 	 -28.393202269355303 
N 	 55.22796750571614 	 -19.31030477988441 	 -31.694257549195125 
H 	 58.9447635866169 	 -23.88196751735958 	 -29.707662603800912 
H 	 59.19669513382779 	 -16.709187740204086 	 -30.05814250988054 
H 	 57.20062242145203 	 -17.512597683075153 	 -31.17744064226468 
H 	 35.22519671391513 	 -31.60422843680601 	 -40.43500790757625 
H 	 35.04485189960415 	 -28.405609900455445 	 -40.84293486182742 
N 	 -57.62431277323002 	 -19.609730114515216 	 -24.06503957160363 
C 	 -57.41581332261768 	 -18.400009036263288 	 -23.941386334283095 
N 	 -57.708425302407115 	 -17.513616807699712 	 -24.84942750963057 
C 	 -56.21829889900447 	 -18.568539357309625 	 -21.658138228485797 
C 	 -56.66207394376281 	 -17.771724025732635 	 -22.687380272910907 
H 	 -56.40479276191135 	 -19.688366108373277 	 -21.585789169926443 
C 	 -57.584253293385444 	 -16.130550158412362 	 -24.7058715595499 
N 	 -58.24048981771339 	 -15.342590177704258 	 -25.609579875207285 
C 	 -55.637932078926085 	 -17.958305185489067 	 -20.50652333057654 
C 	 -56.361257295890766 	 -16.419715113057066 	 -22.62984416297539 
C 	 -56.75770854541199 	 -15.627659101837335 	 -23.6476824251858 
H 	 -55.27186028179552 	 -18.647535509969114 	 -19.69776503594417 
C 	 -55.25051953485365 	 -16.60022169015922 	 -20.471409040866348 
C 	 -55.709495101920915 	 -15.796812787846374 	 -21.526727070109555 
C 	 -56.280572370615076 	 -14.332257226323655 	 -23.73497082579618 
C 	 -54.45788589033282 	 -15.983834566518212 	 -19.330640822023337 
N 	 -54.161829025265035 	 -16.54719382177787 	 -18.336213992176944 
C 	 -55.33707061130271 	 -14.489660579600073 	 -21.569478754802336 
C 	 -55.58127771969828 	 -13.729540519362553 	 -22.723346200211804 
H 	 -56.38740445192215 	 -13.826296189995197 	 -24.698783322827598 
C 	 -54.50391207701854 	 -13.88536113212378 	 -20.575717823099197 
N 	 -54.23436903874884 	 -14.652266692047343 	 -19.4789339473087 
C 	 -53.46413620780525 	 -13.714401055307327 	 -18.721033751632174 
C 	 -52.92762625529779 	 -13.881674344571774 	 -17.376201370920203 
N 	 -53.82881250422053 	 -12.672723127928663 	 -20.63922703868697 
H 	 -55.215057589427346 	 -12.74462517912954 	 -22.82957116815928 
C 	 -53.2523118481061 	 -12.587177358550626 	 -19.468138918449508 
H 	 -53.03035981694171 	 -14.839218365398821 	 -16.80182105028784 
N 	 -51.934978617277686 	 -14.225524432615833 	 -14.399090392426634 
C 	 -52.13944691937936 	 -12.817114158115608 	 -16.96992226310859 
C 	 -51.25823302552699 	 -13.225671913605703 	 -14.605210588075161 
C 	 -52.423309326902555 	 -11.540620015130271 	 -19.05474572662715 
C 	 -51.86745167654145 	 -11.69819723192537 	 -17.79028957580357 
N 	 -51.37525752866281 	 -12.597219150113402 	 -15.809635948017508 
C 	 -50.320427281923386 	 -13.057823990685124 	 -12.258750101428678 
C 	 -50.38646576460657 	 -12.551891284829447 	 -13.557651029314465 
H 	 -50.9539356962405 	 -13.862243887172188 	 -11.943428428873196 
C 	 -50.77652819660918 	 -11.38861450106667 	 -16.062324649596686 
C 	 -49.3764605778512 	 -12.454326032283785 	 -11.347781040115832 
N 	 -51.04466966411942 	 -10.803265196522982 	 -17.26212385528181 
C 	 -49.69885992260864 	 -11.361507248343772 	 -13.878028886313626 
H 	 -52.37952999256222 	 -10.607074037718139 	 -19.663036169055264 
C 	 -49.83074827269839 	 -10.865658938058948 	 -15.18967947639501 
C 	 -48.59435102994859 	 -11.376660418370347 	 -11.656861394382087 
H 	 -49.352657511094584 	 -12.894290722198596 	 -10.371398270634044 
C 	 -48.70299482044094 	 -10.911737321243102 	 -12.986528986467027 
C 	 -48.9267263774324 	 -9.903438144742973 	 -15.583641364572241 
C 	 -47.55448135454672 	 -10.871952644870712 	 -10.735881634788928 
N 	 -47.46875093810039 	 -11.150741043001213 	 -9.542736815298507 
C 	 -47.86616402619336 	 -9.94045652695711 	 -13.4469729096373 
C 	 -47.90302212113561 	 -9.484619740605384 	 -14.743550497326604 
C 	 -46.73613868486894 	 -9.610759181789211 	 -12.63904407159427 
N 	 -46.76111815342522 	 -9.969871606352754 	 -11.323039434764064 
H 	 -48.91054537771558 	 -9.461215272530659 	 -16.59992989809348 
C 	 -45.52474963847254 	 -9.434275700805928 	 -10.871963294986461 
C 	 -44.83024069693066 	 -9.487667343928809 	 -9.67772204006065 
N 	 -45.70363962175984 	 -8.914707793600433 	 -13.068653306713715 
C 	 -44.95036636884067 	 -8.84531407094063 	 -11.971737997397693 
H 	 -47.193755862940385 	 -8.774085854319733 	 -15.156231546141113 
N 	 -43.596281871356396 	 -9.648944069350238 	 -6.804427050155961 
H 	 -45.366774839639945 	 -10.001588177422242 	 -8.81758775468077 
C 	 -43.505354106291676 	 -8.963719574628985 	 -9.644350010680476 
C 	 -42.62397132418757 	 -9.050513451845775 	 -7.2637593056700505 
C 	 -43.74230301486976 	 -8.168065448179181 	 -11.847202772420873 
C 	 -42.9987680390008 	 -8.299118296515338 	 -10.701930765182533 
N 	 -42.603448070782406 	 -8.744962586641075 	 -8.57847156597595 
C 	 -41.21740549410015 	 -9.092229295194661 	 -5.070739655339966 
C 	 -41.29307429376809 	 -8.75301521042132 	 -6.482966440126807 
C 	 -41.574800404134706 	 -8.118731222432114 	 -9.233070601413825 
H 	 -42.06865377045151 	 -9.536505579539801 	 -4.548812535156158 
N 	 -41.80773887827104 	 -7.742390176700693 	 -10.509564505126342 
C 	 -40.0744669411556 	 -8.738298400567144 	 -4.366486672016101 
C 	 -40.23605805340017 	 -8.133050118449923 	 -7.152263328667074 
H 	 -43.29870807357903 	 -7.803519150983209 	 -12.748406831719539 
C 	 -40.33188246988465 	 -7.829202966356804 	 -8.519318727864828 
C 	 -39.013435050777026 	 -8.132293370674704 	 -5.047616819871848 
C 	 -39.160781287634265 	 -7.8398092443374825 	 -6.428612912426549 
C 	 -39.19336961044298 	 -7.395192262576248 	 -9.213717443858194 
H 	 -40.05594775341396 	 -8.780324918725915 	 -3.261833555661087 
C 	 -37.84572980757614 	 -7.58061629651406 	 -4.3026447240257895 
C 	 -38.028397911078535 	 -7.395947718933606 	 -7.136778785675745 
N 	 -37.81419970952194 	 -7.607697610495632 	 -3.1129201239695887 
C 	 -38.02607279704612 	 -7.166436919170449 	 -8.519508896456264 
H 	 -39.29961199125248 	 -7.227334648254814 	 -10.318548685873361 
C 	 -36.82797520299158 	 -6.997769664166651 	 -6.409022417458041 
N 	 -36.858250799027175 	 -7.0153655957427885 	 -5.046627798755924 
C 	 -35.46244480258841 	 -6.8622823099171635 	 -4.743205025222688 
N 	 -35.63785704530372 	 -6.851897904638585 	 -7.009777459078952 
C 	 -34.81123328953145 	 -6.42898692049378 	 -3.5542226130498906 
H 	 -37.23968616593828 	 -6.5734190449221215 	 -8.98233992984217 
C 	 -34.85789442072636 	 -6.689926150340311 	 -5.921654640079047 
H 	 -35.2979215423177 	 -6.514284964327579 	 -2.5766102127926778 
C 	 -33.4778741085773 	 -6.052062731462332 	 -3.655488801708384 
C 	 -33.589630059676466 	 -6.299098804329394 	 -6.107633809404768 
C 	 -32.83660795658581 	 -6.061105799672718 	 -4.908234251023261 
H 	 -33.19446384443117 	 -6.143765193447072 	 -7.0767882783615175 
N 	 -33.45181342446811 	 -5.343143244441856 	 -0.6759958785641561 
C 	 -32.508573078988505 	 -5.363278026166682 	 -1.3829524386450232 
N 	 -32.491068482392905 	 -5.699597038034528 	 -2.715751723016754 
C 	 -31.417591043163853 	 -5.576250793905521 	 -3.5708696087584815 
N 	 -31.545662635854022 	 -5.900960392679391 	 -4.8429042608149535 
C 	 -31.15944077539581 	 -4.88351626399163 	 -0.8273548932485032 
C 	 -31.100147619584916 	 -4.454614362549914 	 0.5452137844415014 
C 	 -30.09982006837151 	 -5.283730603551901 	 -2.9700718653929887 
C 	 -30.035744949624934 	 -4.862138234816337 	 -1.5983183676175836 
C 	 -29.871290683134735 	 -3.9632425421616615 	 1.0654839172724135 
C 	 -28.94063231679217 	 -5.368395887303888 	 -3.7135938262500328 
H 	 -32.0103849318949 	 -4.569187854108651 	 1.1617071983228404 
C 	 -28.791881166145554 	 -4.322012509632927 	 -1.1066921980118074 
C 	 -28.746053346271044 	 -3.841508954142593 	 0.18774553233516156 
C 	 -27.684479702232288 	 -5.037595431778944 	 -3.1247942140274416 
C 	 -27.60354488635167 	 -4.519616606749367 	 -1.8334513562208707 
C 	 -27.448688266408137 	 -3.2596486839084897 	 0.7445014974612928 
H 	 -29.87328141518152 	 -3.8212559522047322 	 2.126056189298526 
N 	 -27.55705654154934 	 -2.509634611040167 	 1.7024441158105645 
H 	 -28.905363148240756 	 -5.687843745769271 	 -4.727884513870889 
C 	 -26.340201831659435 	 -4.301709889231681 	 -1.1648427027634145 
N 	 -26.30506003267219 	 -3.661506102473317 	 0.11288631122825335 
C 	 -24.930797278739874 	 -3.613592994479415 	 0.39043990421182934 
N 	 -25.228557259444074 	 -4.8530928674673275 	 -1.5685355977871307 
C 	 -24.176843863935837 	 -2.981500223484595 	 1.3616608288868688 
C 	 -24.370913889042782 	 -4.338278061344541 	 -0.6492142921313652 
H 	 -26.701952592268213 	 -5.209892705166296 	 -3.543798494139158 
C 	 -22.764570095522323 	 -3.2476736477545693 	 1.3351400203134827 
N 	 -22.47288958533048 	 -0.9976379194264781 	 3.1085084453352394 
C 	 -22.971846666955436 	 -4.622673238002674 	 -0.6373711375743674 
C 	 -21.568000184953686 	 -1.7604731589731402 	 2.8499240375593176 
C 	 -22.239519186562227 	 -4.111039291296397 	 0.40950329776722333 
H 	 -24.52485726863483 	 -2.3022409323372144 	 2.177360552383527 
N 	 -21.748449782672544 	 -2.9087904241659546 	 2.2248997772916765 
C 	 -19.765387108743443 	 -0.15468709337423547 	 3.8218891806639466 
C 	 -20.122255590348747 	 -1.3836211462649508 	 3.215066545985794 
C 	 -20.722823154522374 	 -3.6325095392075046 	 1.6350914636233025 
N 	 -20.9337092100319 	 -4.340188379426308 	 0.5564446069878889 
C 	 -18.43801242188752 	 0.05836844767279312 	 4.158755192509587 
C 	 -19.126038655575012 	 -2.326841915045182 	 2.9548282360169575 
C 	 -19.4366931101442 	 -3.4842106307751193 	 2.2402393864316363 
H 	 -20.532412670608366 	 0.5185213268656693 	 4.094406175168746 
H 	 -22.48282353692176 	 -5.263516473677636 	 -1.404903532497952 
C 	 -17.42864883684784 	 -0.8734494754476686 	 3.9801685989536817 
C 	 -17.793594382843814 	 -2.1338050928337458 	 3.4161483979917335 
C 	 -18.434331255943015 	 -4.440787980763946 	 2.114383256806992 
C 	 -16.005222259554394 	 -0.6364419090640488 	 4.475751217507674 
C 	 -16.841378366570932 	 -3.1195033432009307 	 3.3406240454937794 
N 	 -15.701911062358027 	 0.46349606455224346 	 4.882253882430235 
C 	 -17.161777859795897 	 -4.309725187969742 	 2.6168969170166485 
H 	 -18.30273697402358 	 1.0110514229962932 	 4.697436652274651 
C 	 -15.499729106044677 	 -2.959627482766215 	 3.930112430923909 
N 	 -15.187143596974634 	 -1.6966317449491986 	 4.454911225545389 
C 	 -13.89128995363145 	 -1.9231340234572538 	 4.812244702160044 
C 	 -12.933126318143014 	 -1.1326763985157915 	 5.4105603161084055 
H 	 -18.623554923712025 	 -5.3211734369279835 	 1.4913575983371263 
N 	 -14.524312948018443 	 -3.868462908896221 	 3.8291502769103047 
C 	 -13.475957881198788 	 -3.1710183796100226 	 4.33016302500337 
C 	 -11.66816699771377 	 -1.6964527249706436 	 5.648528920065213 
N 	 -10.955769225968394 	 0.8313765155892285 	 7.071228687142058 
C 	 -12.281515976241634 	 -3.731706530473186 	 4.552116256374123 
C 	 -10.090672406761545 	 -0.06259455619970786 	 6.796045575370117 
H 	 -16.41306905899438 	 -5.105698531916478 	 2.5432651736096092 
C 	 -11.347640928938148 	 -2.926632652136389 	 5.080981858553151 
H 	 -13.268474382630226 	 -0.15328991861454275 	 5.735453114437186 
N 	 -10.432273019911356 	 -1.199895992106452 	 6.230761259781614 
C 	 -8.154395238670338 	 1.1838834235581859 	 7.922767912666005 
C 	 -8.622560765506195 	 0.04963248830506456 	 7.243453186099456 
C 	 -9.545282190318215 	 -2.217018883126277 	 5.812629450435177 
N 	 -10.04967752947318 	 -3.3008133191374576 	 5.206811232940808 
C 	 -6.78886288663383 	 1.3145159125154906 	 8.259285428183425 
C 	 -7.734579435250512 	 -0.9684924535422872 	 6.978607226322783 
C 	 -8.17429169246487 	 -2.094066239099032 	 6.240433513851405 
H 	 -8.87871765472526 	 1.9549745283035198 	 8.241976862203211 
C 	 -5.913154681230244 	 0.2869585421278679 	 7.946828298020654 
H 	 -12.066825504594362 	 -4.719220038662792 	 4.180326203244045 
C 	 -6.390556646690707 	 -0.8463827275794094 	 7.240180212090746 
C 	 -7.270539492567415 	 -3.087430509474512 	 5.92316699249617 
C 	 -4.489183691032974 	 0.39647080018060826 	 8.475082382659243 
C 	 -5.454108222823716 	 -1.837528386215977 	 6.931449474591522 
C 	 -5.902251669137897 	 -2.9949303747758362 	 6.280197356532624 
H 	 -6.4285029356408305 	 2.0892139807432417 	 8.859119324295342 
N 	 -4.028373953460288 	 1.3223678046371279 	 9.117425147186072 
C 	 -4.094693324911175 	 -1.586444178230141 	 7.205290480001809 
N 	 -3.7157788865264565 	 -0.719861070100642 	 8.226684943961606 
H 	 -7.669407314557878 	 -3.949204277648235 	 5.387353817843443 
C 	 -2.302488007490914 	 -0.8104741277671124 	 8.15222509825043 
N 	 -3.1138839706027395 	 -2.1712236891710885 	 6.445185880630536 
C 	 -1.2434022153462763 	 -0.2635628169193621 	 8.870679891462819 
C 	 -2.0302400561306087 	 -1.5817964845328591 	 7.018979523339855 
H 	 -5.181295618281959 	 -3.84058359920441 	 6.027430227663076 
C 	 -0.7547938613637921 	 -1.7842758574970277 	 6.609064877424512 
C 	 0.029420969377008624 	 -0.5676342990209524 	 8.426826492652744 
N 	 0.8891910174687894 	 0.7717085604766039 	 11.00617232028359 
H 	 -1.4208314008158602 	 0.24151072783935146 	 9.796325503097794 
C 	 0.27333408486668137 	 -1.2936531133537894 	 7.285554454649728 
C 	 1.5922099963017835 	 0.05345230317965021 	 10.294689888767433 
N 	 1.2468333690587003 	 -0.49524636788709864 	 9.113221063871528 
C 	 2.083790037238581 	 -1.1396969452721781 	 8.181261316878881 
N 	 1.5592318137869072 	 -1.5414564728027889 	 7.021886293534368 
C 	 3.048862391482346 	 -0.21966632534079275 	 10.639088677109747 
H 	 -0.5584317571210146 	 -2.4374071037349814 	 5.796943215642782 
C 	 3.4731071253779784 	 0.06362248309491417 	 11.938844019015804 
C 	 3.4515918237447334 	 -1.3761439841375211 	 8.601913466780458 
C 	 3.9338434010658805 	 -0.8552776870439419 	 9.794738544557902 
H 	 2.817491058272233 	 0.5481454748394302 	 12.660828878243809 
C 	 4.784083282523281 	 -0.13858764760272052 	 12.29727876479383 
C 	 4.329123895315669 	 -1.9481019326501363 	 7.668736519389019 
C 	 5.22029007153526 	 -1.1415753112859042 	 10.187999431519208 
C 	 5.67520662979871 	 -0.7021074267443016 	 11.372801715259868 
C 	 5.721326630681774 	 -2.145341202946161 	 8.0285294785181 
C 	 6.128379154974401 	 -1.7429486137550672 	 9.27980281098701 
H 	 4.102381997588273 	 -2.3465518438479616 	 6.671622670448615 
H 	 5.104335766715707 	 0.2463760889549782 	 13.269395533085323 
C 	 7.082810670669813 	 -0.9226159737218134 	 11.826855295555097 
N 	 7.519585225926242 	 -0.6005000950136078 	 12.896915144447032 
C 	 7.486783466602092 	 -2.026915525086172 	 9.722134108420375 
N 	 7.812052398741058 	 -1.7271518844661737 	 11.015411126855321 
H 	 6.4266082014189925 	 -2.4159633057838312 	 7.303576818711744 
N 	 8.426911542601545 	 -2.6724245074215163 	 8.968803583196882 
C 	 9.11534316011261 	 -2.2372676831456757 	 11.128974098921786 
C 	 9.443828541242134 	 -2.7131454973536524 	 9.891430389774452 
C 	 9.968045811916106 	 -2.35337440969595 	 12.180074101881088 
C 	 10.659293927322517 	 -3.390140075746675 	 9.608087296226604 
H 	 9.583321660623639 	 -2.126280031147262 	 13.138320743349752 
C 	 11.14240439214079 	 -3.083217031169232 	 11.972844403728676 
C 	 11.450416129398908 	 -3.601278252799739 	 10.718601368037978 
H 	 10.921098743088962 	 -3.6891413270874027 	 8.616675491181407 
H 	 11.803107380024578 	 -3.2431957295288742 	 12.765802192557786 
H 	 12.442766810126182 	 -4.123757063274142 	 10.629130935227929 
C 	 -27.152717227776396 	 46.80476005625056 	 26.626106910717567 
C 	 -26.745975369321364 	 47.56909501995061 	 25.58262373446349 
C 	 -28.04740257791685 	 47.196329733318066 	 27.597024859776706 
C 	 -28.681876248011758 	 48.40391186377327 	 27.30930895343516 
C 	 -28.367255559073488 	 49.1187289169725 	 26.15678917658926 
C 	 -27.422037962930084 	 48.69323732506053 	 25.276579179723875 
N 	 -29.78230772011032 	 49.04523580388492 	 27.89796811852628 
N 	 -29.198245122047844 	 50.17544626164995 	 25.929604531131268 
C 	 -30.061213988914243 	 50.010307184038155 	 26.966938558112695 
C 	 -31.169000819924165 	 50.893209449170676 	 27.24098629993281 
C 	 -30.58428311603308 	 48.76563969607981 	 29.00006580163175 
N 	 -30.431731459299595 	 47.732188506589296 	 29.607355225558987 
C 	 -31.742513595956538 	 49.63477059435458 	 29.27153713440063 
C 	 -31.98040529020778 	 50.71839916706467 	 28.412102241801144 
C 	 -33.06272835959879 	 51.537842364256605 	 28.59007434607336 
C 	 -32.673587630555254 	 49.39896490203793 	 30.294234269740684 
C 	 -33.747982316297765 	 50.23631961726241 	 30.49460651702124 
C 	 -33.981776617289505 	 51.30831190413719 	 29.62300586752291 
C 	 -31.40506699950674 	 51.98358442843743 	 26.44185509356195 
C 	 -32.47441639214292 	 52.81603662881424 	 26.643353274375375 
C 	 -33.31876809283126 	 52.6032136850337 	 27.733162720943024 
C 	 -35.09143501637501 	 52.292203542424296 	 29.951620925204043 
C 	 -34.408269071864005 	 53.53151071332378 	 27.9531903064893 
N 	 -35.22934992664508 	 53.27761842104932 	 29.07771049290004 
N 	 -35.853224171510305 	 52.15987041130027 	 30.922822019458224 
N 	 -34.721626019860466 	 54.56333943251951 	 27.17250317439188 
H 	 -28.43009824689805 	 46.54880837035304 	 28.391623889241338 
H 	 -27.116306293732787 	 49.165584552682425 	 24.36333177106758 
H 	 -32.64427762955627 	 48.48479202284563 	 30.88375120687201 
H 	 -34.2644551478842 	 50.147083202486954 	 31.45440664672877 
H 	 -30.730447339041316 	 52.065374399362696 	 25.563200473523267 
H 	 -32.61235965784672 	 53.68283661083652 	 25.99007365672204 
C 	 -36.14737238855191 	 54.311664082908024 	 29.04731501972836 
C 	 -35.73042357581775 	 55.05719242444744 	 27.917544292854508 
C 	 -37.26047686368756 	 54.62908496253228 	 29.852670544188797 
C 	 -37.85083026371795 	 55.82356176395596 	 29.54817587158288 
C 	 -37.5882602712438 	 56.46592761264551 	 28.374040144534213 
C 	 -36.61031093668904 	 56.0422389474485 	 27.497537655574924 
N 	 -38.98938171713972 	 56.41495662407775 	 30.146025940625055 
N 	 -38.4319338944923 	 57.42262564485467 	 28.140800344044766 
C 	 -39.29493904446902 	 57.389609526025936 	 29.206198193615272 
C 	 -40.347633982317944 	 58.30856650736533 	 29.397503420057294 
C 	 -39.75376867431031 	 56.230622288566764 	 31.255857301877022 
N 	 -39.423289016956765 	 55.42569481838529 	 32.0884742569444 
C 	 -40.90665878629389 	 57.12438601196451 	 31.456260226050855 
C 	 -41.143155964487136 	 58.133066260512294 	 30.538498431639077 
C 	 -42.284390663457444 	 58.99591194294368 	 30.673621696033287 
C 	 -41.685548901624855 	 57.0507929330789 	 32.64336148534274 
C 	 -42.76025109365659 	 57.908611487955945 	 32.79775153572922 
C 	 -43.08647120402271 	 58.88071452134191 	 31.873058657977598 
C 	 -40.621878434775134 	 59.2720975016831 	 28.452435493043133 
C 	 -41.706862949554946 	 60.20469796670858 	 28.659556738511306 
C 	 -42.554744398884736 	 59.993122004833424 	 29.755231626454105 
C 	 -44.24291736705063 	 59.86982021011665 	 32.097873504245754 
C 	 -43.608417873863736 	 60.92441458378739 	 29.979710910483387 
N 	 -44.372883404185664 	 60.86786505152071 	 31.13073490266232 
N 	 -44.90654460568577 	 59.85746759267773 	 33.11674437877258 
N 	 -43.94607633545536 	 -60.99657187655612 	 29.203959437463727 
H 	 -37.604218105877536 	 54.01080667104293 	 30.674751639021345 
H 	 -36.47007283821796 	 56.42086598501987 	 26.4762170977071 
H 	 -41.40513986451855 	 56.363804759268795 	 33.45885836912723 
H 	 -43.40692605034376 	 57.77045350039099 	 33.680594801311685 
H 	 -39.94189109084175 	 59.387092788686935 	 27.56593990628504 
H 	 -41.881347660578676 	 61.00797035742804 	 27.952684124784398 
C 	 -18.251422372209326 	 39.06048241464063 	 24.602723863314658 
C 	 -19.49218434701355 	 39.27632901027283 	 25.27180711305437 
C 	 -17.707377536574086 	 40.03513666931434 	 23.763360287693317 
C 	 -20.096067249950917 	 40.5017919584832 	 24.968144296855122 
C 	 -18.327396721651716 	 41.19759138759291 	 23.51951926232889 
C 	 -19.55435324559833 	 41.42827053240125 	 24.120306683738985 
C 	 -22.144871419138543 	 40.76404102704991 	 26.396918810226254 
N 	 -22.06719992229405 	 39.70284552818771 	 26.95811569340832 
C 	 -23.997167060900754 	 41.59054904685865 	 27.825952567597582 
C 	 -23.123712165764772 	 41.85559960083912 	 26.801613389020098 
C 	 -21.31916265495275 	 42.226029060734184 	 24.667295381482266 
N 	 -21.342968762455563 	 41.017795233065826 	 25.34715104210594 
C 	 -25.052182090735293 	 42.52360161904566 	 28.00426550570291 
C 	 -23.17545678592896 	 42.99620400375 	 26.02437557277549 
C 	 -22.319720148402144 	 43.18531355306736 	 24.93723718387549 
N 	 -20.292840771722993 	 42.56163003740389 	 23.916318291060808 
C 	 -25.102935076215775 	 43.6930171816427 	 27.265582465973996 
C 	 -24.16633791018541 	 43.949010074107065 	 26.28731869306936 
C 	 -22.372146257649398 	 44.440742504891375 	 24.21326422451634 
C 	 -26.208446130279444 	 44.58435143811018 	 27.517129974454697 
C 	 -24.233357358772917 	 45.16997770678088 	 25.592406782408588 
H 	 -19.912665502632663 	 38.53439224832545 	 25.975669167774896 
C 	 -23.27605426708786 	 45.42941956428803 	 24.596606194306524 
C 	 -25.340402574329985 	 46.03278694373655 	 25.737887357720048 
N 	 -27.083301467365644 	 44.38923564226439 	 28.31348092320679 
N 	 -26.214372421122455 	 45.721298247616744 	 26.741568070183224 
H 	 -17.97877131128923 	 41.90287591363359 	 22.813300580555044 
H 	 -23.931016321909144 	 40.64039007252091 	 28.360493799845358 
N 	 -25.646402397775788 	 47.13147510485168 	 24.94517919708471 
H 	 -25.815196337253678 	 42.33267923486455 	 28.741668044178436 
H 	 -21.61690732561318 	 44.711203144633885 	 23.48902759727398 
H 	 -23.20582763610375 	 46.445985879129985 	 24.111889614909035 
H 	 -45.002711219410834 	 -61.3078372057226 	 31.34940626027773 
H 	 -44.77918821551132 	 -61.289337554069554 	 28.655854900546807 
N 	 -18.095889316300873 	 36.696736385867396 	 26.28665151813476 
C 	 -17.21034195919083 	 36.92007668599348 	 25.478171109498817 
N 	 -17.267028715805203 	 38.05368716410436 	 24.748083358715267 
C 	 -15.892568541085268 	 34.72075680942307 	 25.806287575281377 
C 	 -16.07036038145403 	 35.950709867654595 	 25.135589542169132 
H 	 -16.646876633893623 	 34.42659999254814 	 26.53995969460858 
C 	 -16.297738659792838 	 38.47766862643171 	 23.82126517781536 
N 	 -16.5005410647122 	 39.68156503291552 	 23.2214583119372 
C 	 -14.827676501361633 	 33.855283997064426 	 25.555310906431927 
C 	 -15.053144543295481 	 36.32433775493239 	 24.285425539974153 
C 	 -15.18536085860221 	 37.53440391672835 	 23.603365724088267 
H 	 -14.895787249411242 	 32.869047765497314 	 25.82419400695412 
C 	 -13.802412599480688 	 34.265216092261 	 24.745253306756318 
C 	 -13.909477153888565 	 35.525721033718455 	 24.11329518788371 
C 	 -14.130388292285886 	 37.913103648508425 	 22.764226334609482 
C 	 -12.666633729138367 	 33.40661410782273 	 24.445119329772616 
N 	 -12.672310159430495 	 32.35009790195006 	 25.006891706962104 
C 	 -12.90770431391826 	 35.892801317031676 	 23.228644530189786 
C 	 -13.027119009386277 	 37.08078895693113 	 22.544550228786356 
H 	 -14.152178942204738 	 38.802141703224905 	 22.160811566913708 
C 	 -11.798125264083854 	 35.06029029982968 	 23.02802229194609 
N 	 -11.773384875201785 	 33.818177238188056 	 23.575512405696305 
C 	 -10.496541237678834 	 33.38303100855351 	 23.210826594712266 
C 	 -9.771801760094128 	 32.24170870822748 	 23.614383440883454 
N 	 -10.751542377996849 	 35.41411915554228 	 22.257635305909155 
H 	 -12.264868950262816 	 37.4682473465386 	 21.901702407094714 
C 	 -9.930150973357515 	 34.36365601872233 	 22.42798967359086 
H 	 -10.406164898714694 	 31.600316739151644 	 24.319747342883428 
N 	 -8.306668363467121 	 29.80240841611031 	 24.844192754069756 
C 	 -8.443565203635186 	 32.147261006875645 	 23.0839864490889 
C 	 -7.457761037373152 	 30.096691403237898 	 24.042214751913413 
C 	 -8.653328026228928 	 34.25815559482098 	 21.901206889496837 
C 	 -7.951911696428835 	 33.14482144747563 	 22.2666732228336 
N 	 -7.534157182051074 	 31.12366515962803 	 23.20513354472776 
C 	 -6.063733485518172 	 28.088845381501578 	 24.634502721708696 
C 	 -6.1764125569574775 	 29.306583095840125 	 23.92756999165043 
H 	 -6.959774285142126 	 27.55994984279634 	 24.969481611600113 
C 	 -6.50442037295167 	 31.698635202549617 	 22.473563986617425 
C 	 -4.834724636996212 	 27.36400688665657 	 24.564209684902284 
N 	 -6.72791939137986 	 32.90857209061224 	 21.91111842051418 
C 	 -5.113617726765582 	 29.74790278542137 	 23.070840820551314 
H 	 -8.108458419793692 	 34.97217972020679 	 21.32956381897912 
C 	 -5.286160910764468 	 30.921554923307088 	 22.32716281830371 
C 	 -3.8406520083526856 	 27.755277173614008 	 23.68611242622182 
H 	 -4.811040077185474 	 26.443077022679113 	 25.15497691885513 
C 	 -3.931426788792162 	 28.966909057431728 	 23.006525340777465 
C 	 -4.2224139940272805 	 31.315496649061256 	 21.50090535178548 
C 	 -2.618280158479981 	 26.890956735964195 	 23.573931564320194 
N 	 -2.5971640318773876 	 25.77459935714967 	 24.046854699273442 
C 	 -2.885522596774184 	 29.3926275139714 	 22.134061043669078 
C 	 -3.028582438223346 	 30.566917247396926 	 21.339443555636908 
C 	 -1.6984746243435773 	 28.636812601813713 	 22.095546101348752 
N 	 -1.6352936228673711 	 27.476661908819835 	 22.847958669126847 
H 	 -4.286067663827401 	 32.205447551858526 	 20.915458538405282 
C 	 -0.3905743524674752 	 27.025453560418796 	 22.52929192606035 
C 	 0.3225761212841266 	 26.0347608431096 	 23.15129491672702 
N 	 -0.734462801281953 	 28.948274343606474 	 21.26806697409894 
C 	 0.10222428280494769 	 27.905831416765587 	 21.593735086249286 
H 	 -2.332124340315814 	 30.880044772561316 	 20.635522724913496 
N 	 2.014888045781534 	 24.027994633425127 	 24.791519912483867 
H 	 -0.04858635427201856 	 25.320577496519284 	 23.854737113791384 
C 	 1.6246573818832328 	 25.969637620201972 	 22.627722777915142 
C 	 2.9074274684500727 	 24.17745784650147 	 23.961747203719824 
C 	 1.275220222550701 	 27.65588833456432 	 20.987144785343403 
C 	 2.070041344724095 	 26.71599827108401 	 21.5972283825806 
N 	 2.6688601862906047 	 25.063935071417454 	 22.92092986112344 
C 	 4.635562924530325 	 22.847982146336015 	 25.195972251277844 
C 	 4.321311715067578 	 23.715509798020385 	 24.14671802220174 
C 	 3.6311886240900817 	 25.51358472547381 	 22.05947173971461 
H 	 3.885259634738233 	 22.52306143568543 	 25.89572552033456 
N 	 3.3641425154069076 	 26.567450095382426 	 21.29263144345919 
C 	 5.959104035066443 	 22.68359511011791 	 25.58506150253921 
C 	 5.33669120169609 	 24.22702515562597 	 23.357408839552075 
H 	 1.7564735203316488 	 28.268397113946985 	 20.266654434296967 
C 	 5.007049760540466 	 25.05708707099602 	 22.265625348765827 
C 	 7.010893991189904 	 23.32020254213076 	 24.867154577437105 
C 	 6.677363362377249 	 24.005549583343136 	 23.669576437176705 
C 	 6.036321065983833 	 25.591877766229437 	 21.47138509473527 
H 	 6.203544613546338 	 22.05517651332814 	 26.487421714245215 
C 	 8.39103499611373 	 23.172783690806433 	 25.337091167198608 
C 	 7.708155863412371 	 24.591721823660727 	 22.911129151999233 
N 	 8.660223622677913 	 22.712211290244287 	 26.414357599660914 
C 	 7.356173653105302 	 25.33796429731726 	 21.803675807255452 
H 	 5.821666772024031 	 26.26282634323141 	 20.644330608295274 
C 	 9.117606354741133 	 24.21961210577603 	 23.25549781071822 
N 	 9.351207127616265 	 23.57581691128363 	 24.493846172226803 
C 	 10.759593878805198 	 23.739444939303354 	 24.57136800745455 
N 	 10.193861246102072 	 24.863316589780975 	 22.651151712948646 
C 	 11.667576328821813 	 23.262827892159137 	 25.523075438268688 
H 	 8.131146633770362 	 25.807561293264335 	 21.21418890783275 
C 	 11.161325038165598 	 24.554116400851452 	 23.524538059172222 
H 	 11.380062436273958 	 22.523055844969885 	 26.309619409509466 
C 	 12.976735429515875 	 23.688888822472336 	 25.286205249576742 
C 	 12.512667434879797 	 24.83984473329555 	 23.250726780493153 
C 	 13.396304373566979 	 24.416831166423275 	 24.226782304201134 
H 	 12.745868786529085 	 25.429805570436713 	 22.408695678134315 
N 	 13.531867893533002 	 22.164478141328686 	 27.879883451198236 
C 	 14.344505737547836 	 22.88854741288388 	 27.30271336566601 
N 	 14.077595678433909 	 23.60210467962251 	 26.192957596866243 
C 	 15.030547664339375 	 24.383663259627085 	 25.483897119231127 
N 	 14.652941433565443 	 24.902277002300064 	 24.32821621079193 
C 	 15.762860388209686 	 23.10839119796509 	 27.816614144524213 
C 	 16.096995066410905 	 22.57528884887006 	 29.106998589850086 
C 	 16.308837613336728 	 24.60790779468257 	 26.037828644936283 
C 	 16.663524248644155 	 24.001913483772768 	 27.278045108694844 
C 	 17.28709479767653 	 22.821437172822144 	 29.75826458876404 
C 	 17.220828791788424 	 25.455844497028302 	 25.409112427337252 
H 	 15.34595992123747 	 21.94024397484097 	 29.67458333822854 
C 	 17.900698295014063 	 24.30281211368691 	 27.92271684140724 
C 	 18.214172490189714 	 23.71039572779354 	 29.140008955469824 
C 	 18.414481554853726 	 25.69169464354498 	 26.04135025269351 
C 	 18.773405015548505 	 25.09867576733567 	 27.25783710830386 
C 	 19.596763197385215 	 23.808811998915427 	 29.690648417905805 
H 	 17.519197996616096 	 22.433929074011346 	 30.740274150451828 
N 	 20.083845132496673 	 23.178236346254735 	 30.618893525813476 
H 	 17.02244766690277 	 25.94290992956757 	 24.48755688464086 
C 	 20.127750604905014 	 25.24060191304356 	 27.770037678753692 
N 	 20.399934740944005 	 24.68903032216335 	 28.991434045424008 
C 	 21.66345999673968 	 25.16885778370009 	 29.220396692713994 
N 	 21.089235245178585 	 26.12483458106898 	 27.26992014971338 
C 	 22.634284278562536 	 24.854919243083533 	 30.2430879747515 
C 	 22.03743750365006 	 25.965497008866603 	 28.182514250601287 
H 	 19.252559180515785 	 26.330828635580414 	 25.633477295930042 
C 	 23.802862073865285 	 25.570083296674692 	 30.14400970446608 
N 	 24.20355553707214 	 24.40446099340212 	 32.783644254698615 
C 	 23.224203791642573 	 26.629773262539526 	 28.07532782024029 
C 	 25.056110845223202 	 25.158791180924027 	 32.30207068136296 
C 	 24.09367123329996 	 26.402327201533847 	 29.083178244315977 
H 	 22.417384868743163 	 24.208120018365513 	 31.055542813562994 
N 	 24.837839104833062 	 25.728376853453508 	 31.095617343387076 
C 	 26.68505995848185 	 24.774201210942614 	 34.09321510167079 
C 	 26.387662990487126 	 25.373513940120343 	 32.893051368817495 
C 	 25.69158033459659 	 26.52258819056604 	 30.417101302325158 
N 	 25.26681160113109 	 27.010854099003357 	 29.272181546077892 
C 	 27.918280031631152 	 25.029799035262425 	 34.68229497332874 
C 	 27.3307430643734 	 26.135184177473864 	 32.24621438739742 
C 	 26.954885591470546 	 26.778776666102615 	 31.043483949623322 
H 	 25.946113132051128 	 24.15072100398606 	 34.64607316629372 
H 	 23.36723492356153 	 27.38952231819571 	 27.308301889746033 
C 	 28.925036993149032 	 25.77775903421158 	 34.03499342142392 
C 	 28.60890640413496 	 26.344753249041737 	 32.78982324427194 
C 	 27.9518251533989 	 27.51935368447123 	 30.37812190836537 
C 	 30.18220012413352 	 25.993145861367786 	 34.73262725334959 
C 	 29.51396108045059 	 27.23754366841108 	 32.19058204536288 
N 	 30.45543460311818 	 25.52294666320166 	 35.8353727050289 
C 	 29.23956428375722 	 27.653610274891687 	 30.91429709901907 
H 	 27.961645010154456 	 24.505212756294213 	 35.65402806169183 
C 	 30.742785438682276 	 27.512813333090964 	 32.896995934508936 
N 	 30.9811994083513 	 26.802329224792242 	 34.08188448387856 
C 	 32.277673740463584 	 27.216843600899107 	 34.34510044997819 
C 	 33.156107174161086 	 27.013957310544523 	 35.45591706365096 
H 	 27.764909424170423 	 27.94957137688374 	 29.475718922391252 
N 	 31.73608954811725 	 28.287244811885373 	 32.45157391693186 
C 	 32.64710268591075 	 28.102545955334964 	 33.388227250313356 
C 	 34.30656688304931 	 27.76492189002939 	 35.47663703988554 
N 	 34.650853432864565 	 26.613318505616704 	 38.21266922844749 
C 	 33.882934961373145 	 28.760661187740492 	 33.340732635052646 
C 	 35.4593372227001 	 27.36674645850828 	 37.68673697416693 
H 	 29.93228395278511 	 28.262688893963922 	 30.379425245511705 
C 	 34.66542673980144 	 28.662359909970533 	 34.47813675840833 
H 	 32.89779995008675 	 26.423974918646838 	 36.292908333930924 
N 	 35.286048044095956 	 27.95701071619138 	 36.49235204396874 
C 	 37.002030974219785 	 27.14094538335958 	 39.72277477973136 
C 	 36.74379533945993 	 27.722323551228694 	 38.44058474269903 
C 	 36.083720702583626 	 28.895255113734073 	 35.989046162409785 
N 	 35.80649007455207 	 29.314661375596945 	 34.729236966503855 
C 	 38.25942469190922 	 27.357835011477206 	 40.326933094242364 
C 	 37.630058135105656 	 28.62816792853083 	 37.92756850190672 
C 	 37.257987754462825 	 29.266151791085036 	 36.721003996258645 
H 	 36.301902479002514 	 26.453634055846976 	 40.16847694608131 
C 	 39.09749171226162 	 28.356953606738372 	 39.886799126233434 
H 	 34.00385595462838 	 29.543176428960763 	 32.55481967511585 
C 	 38.8340028853855 	 28.93969924716762 	 38.63621175768085 
C 	 38.13544608336546 	 30.220677344259084 	 36.242030701225666 
C 	 40.338027040027896 	 28.751928780309996 	 40.64208909585059 
C 	 39.649907155613235 	 29.892510531768274 	 38.082744060427856 
C 	 39.286523976038715 	 30.55210210251636 	 36.91867995936526 
H 	 38.510348245207226 	 26.7972368514086 	 41.18860973158366 
N 	 40.635611769186205 	 28.179120238034134 	 41.673424690215406 
C 	 40.81635550138609 	 30.27848077992144 	 38.86408795609848 
N 	 41.10547522269118 	 29.685491935545993 	 40.0722797919417 
H 	 37.999301247056316 	 30.46658614339985 	 35.19690108419636 
C 	 42.362433283480804 	 30.260282253332466 	 40.45741786022747 
N 	 41.65823054665676 	 31.320090075104368 	 38.53425492238444 
C 	 43.267826378037405 	 29.92631192650315 	 41.514987234482895 
C 	 42.61271673232349 	 31.205215191811266 	 39.51767863533715 
H 	 40.02025754549961 	 31.261004054730652 	 36.50360597436954 
C 	 43.718226620296996 	 31.96044759028535 	 39.53977854000377 
C 	 44.42014018038232 	 30.71559921047775 	 41.475616192216314 
N 	 45.013275484634484 	 29.20623317500462 	 43.97848177534966 
H 	 43.12476228715525 	 29.155791366244422 	 42.260613202611765 
C 	 44.624582741366716 	 31.656061744032865 	 40.532076722779024 
C 	 45.7582461364868 	 30.023857519415525 	 43.47847880926368 
N 	 45.45641340443972 	 30.75854192683368 	 42.3766469051811 
C 	 46.16334092803572 	 31.83970899599907 	 41.88516576163977 
N 	 45.690368047326764 	 32.47122262425757 	 40.807055838779334 
C 	 47.09261072052083 	 30.368323787243195 	 44.06396188224879 
H 	 43.838273715369695 	 32.79102805414871 	 38.84140112022208 
C 	 47.41447917689442 	 29.752615658007606 	 45.275083382066676 
C 	 47.53220948665062 	 31.984232245379093 	 42.3605319664871 
C 	 47.95875305330478 	 31.26020818388265 	 43.443661193165596 
H 	 46.74450956545879 	 29.194986815044157 	 45.898683556967825 
C 	 48.60829000627558 	 30.065330573411174 	 45.901445152133185 
C 	 48.43544365765407 	 32.8545334392476 	 41.702258356899584 
C 	 49.23301395036845 	 31.585027743611263 	 44.002903797112694 
C 	 49.54193953661766 	 30.97056642096013 	 45.26962595051496 
C 	 49.720483674312405 	 33.0546937603658 	 42.18559362781337 
C 	 50.07455550248801 	 32.42686373129723 	 43.41448877431785 
H 	 48.092238824227394 	 33.42070057747694 	 40.81677323468194 
H 	 48.80306705198671 	 29.550725796837547 	 46.83061220720169 
C 	 50.84600277410468 	 31.208236259521357 	 45.87059676237198 
N 	 51.17274473408773 	 30.66329183685374 	 46.901829891657265 
C 	 51.369132272751905 	 32.68450349923625 	 44.01897236055373 
N 	 51.69442172867684 	 31.92468442715498 	 45.116573531909 
H 	 50.36437731819003 	 33.752027511560776 	 41.67291202751967 
N 	 52.31873508524988 	 33.49972082282019 	 43.51120503204892 
C 	 52.986403695047635 	 32.31398545958678 	 45.32727543327323 
C 	 53.334170423130566 	 33.18659874766249 	 44.299101788215005 
C 	 53.90504070917178 	 31.867387284276955 	 46.29722191406064 
C 	 54.632755859330345 	 33.70028358547326 	 44.267977097431476 
H 	 53.71737009636424 	 31.126923146101994 	 47.12739916644917 
C 	 55.194124217587444 	 32.4275447544676 	 46.254163191786894 
C 	 55.561664916423986 	 33.39388552629588 	 45.28934464014 
H 	 55.010325023247184 	 34.29012370445555 	 43.45229993262332 
H 	 55.92830098922264 	 32.08472716062301 	 46.95574717185256 
H 	 56.608831520467184 	 33.809618439692194 	 45.24789436133693 
