C 	 -27.152717227776396 	 46.80476005625056 	 26.626106910717567 
C 	 -26.745975369321364 	 47.56909501995061 	 25.58262373446349 
C 	 -28.04740257791685 	 47.196329733318066 	 27.597024859776706 
C 	 -28.681876248011758 	 48.40391186377327 	 27.30930895343516 
C 	 -28.367255559073488 	 49.1187289169725 	 26.15678917658926 
C 	 -27.422037962930084 	 48.69323732506053 	 25.276579179723875 
N 	 -29.78230772011032 	 49.04523580388492 	 27.89796811852628 
N 	 -29.198245122047844 	 50.17544626164995 	 25.929604531131268 
C 	 -30.061213988914243 	 50.010307184038155 	 26.966938558112695 
C 	 -31.169000819924165 	 50.893209449170676 	 27.24098629993281 
C 	 -30.58428311603308 	 48.76563969607981 	 29.00006580163175 
N 	 -30.431731459299595 	 47.732188506589296 	 29.607355225558987 
C 	 -31.742513595956538 	 49.63477059435458 	 29.27153713440063 
C 	 -31.98040529020778 	 50.71839916706467 	 28.412102241801144 
C 	 -33.06272835959879 	 51.537842364256605 	 28.59007434607336 
C 	 -32.673587630555254 	 49.39896490203793 	 30.294234269740684 
C 	 -33.747982316297765 	 50.23631961726241 	 30.49460651702124 
C 	 -33.981776617289505 	 51.30831190413719 	 29.62300586752291 
C 	 -31.40506699950674 	 51.98358442843743 	 26.44185509356195 
C 	 -32.47441639214292 	 52.81603662881424 	 26.643353274375375 
C 	 -33.31876809283126 	 52.6032136850337 	 27.733162720943024 
C 	 -35.09143501637501 	 52.292203542424296 	 29.951620925204043 
C 	 -34.408269071864005 	 53.53151071332378 	 27.9531903064893 
N 	 -35.22934992664508 	 53.27761842104932 	 29.07771049290004 
N 	 -35.853224171510305 	 52.15987041130027 	 30.922822019458224 
N 	 -34.721626019860466 	 54.56333943251951 	 27.17250317439188 
H 	 -28.43009824689805 	 46.54880837035304 	 28.391623889241338 
H 	 -27.116306293732787 	 49.165584552682425 	 24.36333177106758 
H 	 -32.64427762955627 	 48.48479202284563 	 30.88375120687201 
H 	 -34.2644551478842 	 50.147083202486954 	 31.45440664672877 
H 	 -30.730447339041316 	 52.065374399362696 	 25.563200473523267 
H 	 -32.61235965784672 	 53.68283661083652 	 25.99007365672204 
C 	 -36.14737238855191 	 54.311664082908024 	 29.04731501972836 
C 	 -35.73042357581775 	 55.05719242444744 	 27.917544292854508 
C 	 -37.26047686368756 	 54.62908496253228 	 29.852670544188797 
C 	 -37.85083026371795 	 55.82356176395596 	 29.54817587158288 
C 	 -37.5882602712438 	 56.46592761264551 	 28.374040144534213 
C 	 -36.61031093668904 	 56.0422389474485 	 27.497537655574924 
N 	 -38.98938171713972 	 56.41495662407775 	 30.146025940625055 
N 	 -38.4319338944923 	 57.42262564485467 	 28.140800344044766 
C 	 -39.29493904446902 	 57.389609526025936 	 29.206198193615272 
C 	 -40.347633982317944 	 58.30856650736533 	 29.397503420057294 
C 	 -39.75376867431031 	 56.230622288566764 	 31.255857301877022 
N 	 -39.423289016956765 	 55.42569481838529 	 32.0884742569444 
C 	 -40.90665878629389 	 57.12438601196451 	 31.456260226050855 
C 	 -41.143155964487136 	 58.133066260512294 	 30.538498431639077 
C 	 -42.284390663457444 	 58.99591194294368 	 30.673621696033287 
C 	 -41.685548901624855 	 57.0507929330789 	 32.64336148534274 
C 	 -42.76025109365659 	 57.908611487955945 	 32.79775153572922 
C 	 -43.08647120402271 	 58.88071452134191 	 31.873058657977598 
C 	 -40.621878434775134 	 59.2720975016831 	 28.452435493043133 
C 	 -41.706862949554946 	 60.20469796670858 	 28.659556738511306 
C 	 -42.554744398884736 	 59.993122004833424 	 29.755231626454105 
C 	 -44.24291736705063 	 59.86982021011665 	 32.097873504245754 
C 	 -43.608417873863736 	 60.92441458378739 	 29.979710910483387 
N 	 -44.372883404185664 	 60.86786505152071 	 31.13073490266232 
N 	 -44.90654460568577 	 59.85746759267773 	 33.11674437877258 
N 	 -43.94607633545536 	 -60.99657187655612 	 29.203959437463727 
H 	 -37.604218105877536 	 54.01080667104293 	 30.674751639021345 
H 	 -36.47007283821796 	 56.42086598501987 	 26.4762170977071 
H 	 -41.40513986451855 	 56.363804759268795 	 33.45885836912723 
H 	 -43.40692605034376 	 57.77045350039099 	 33.680594801311685 
H 	 -39.94189109084175 	 59.387092788686935 	 27.56593990628504 
H 	 -41.881347660578676 	 61.00797035742804 	 27.952684124784398 
C 	 -18.251422372209326 	 39.06048241464063 	 24.602723863314658 
C 	 -19.49218434701355 	 39.27632901027283 	 25.27180711305437 
C 	 -17.707377536574086 	 40.03513666931434 	 23.763360287693317 
C 	 -20.096067249950917 	 40.5017919584832 	 24.968144296855122 
C 	 -18.327396721651716 	 41.19759138759291 	 23.51951926232889 
C 	 -19.55435324559833 	 41.42827053240125 	 24.120306683738985 
C 	 -22.144871419138543 	 40.76404102704991 	 26.396918810226254 
N 	 -22.06719992229405 	 39.70284552818771 	 26.95811569340832 
C 	 -23.997167060900754 	 41.59054904685865 	 27.825952567597582 
C 	 -23.123712165764772 	 41.85559960083912 	 26.801613389020098 
C 	 -21.31916265495275 	 42.226029060734184 	 24.667295381482266 
N 	 -21.342968762455563 	 41.017795233065826 	 25.34715104210594 
C 	 -25.052182090735293 	 42.52360161904566 	 28.00426550570291 
C 	 -23.17545678592896 	 42.99620400375 	 26.02437557277549 
C 	 -22.319720148402144 	 43.18531355306736 	 24.93723718387549 
N 	 -20.292840771722993 	 42.56163003740389 	 23.916318291060808 
C 	 -25.102935076215775 	 43.6930171816427 	 27.265582465973996 
C 	 -24.16633791018541 	 43.949010074107065 	 26.28731869306936 
C 	 -22.372146257649398 	 44.440742504891375 	 24.21326422451634 
C 	 -26.208446130279444 	 44.58435143811018 	 27.517129974454697 
C 	 -24.233357358772917 	 45.16997770678088 	 25.592406782408588 
H 	 -19.912665502632663 	 38.53439224832545 	 25.975669167774896 
C 	 -23.27605426708786 	 45.42941956428803 	 24.596606194306524 
C 	 -25.340402574329985 	 46.03278694373655 	 25.737887357720048 
N 	 -27.083301467365644 	 44.38923564226439 	 28.31348092320679 
N 	 -26.214372421122455 	 45.721298247616744 	 26.741568070183224 
H 	 -17.97877131128923 	 41.90287591363359 	 22.813300580555044 
H 	 -23.931016321909144 	 40.64039007252091 	 28.360493799845358 
N 	 -25.646402397775788 	 47.13147510485168 	 24.94517919708471 
H 	 -25.815196337253678 	 42.33267923486455 	 28.741668044178436 
H 	 -21.61690732561318 	 44.711203144633885 	 23.48902759727398 
H 	 -23.20582763610375 	 46.445985879129985 	 24.111889614909035 
H 	 -45.002711219410834 	 -61.3078372057226 	 31.34940626027773 
H 	 -44.77918821551132 	 -61.289337554069554 	 28.655854900546807 
N 	 -18.095889316300873 	 36.696736385867396 	 26.28665151813476 
C 	 -17.21034195919083 	 36.92007668599348 	 25.478171109498817 
N 	 -17.267028715805203 	 38.05368716410436 	 24.748083358715267 
C 	 -15.892568541085268 	 34.72075680942307 	 25.806287575281377 
C 	 -16.07036038145403 	 35.950709867654595 	 25.135589542169132 
H 	 -16.646876633893623 	 34.42659999254814 	 26.53995969460858 
C 	 -16.297738659792838 	 38.47766862643171 	 23.82126517781536 
N 	 -16.5005410647122 	 39.68156503291552 	 23.2214583119372 
C 	 -14.827676501361633 	 33.855283997064426 	 25.555310906431927 
C 	 -15.053144543295481 	 36.32433775493239 	 24.285425539974153 
C 	 -15.18536085860221 	 37.53440391672835 	 23.603365724088267 
H 	 -14.895787249411242 	 32.869047765497314 	 25.82419400695412 
C 	 -13.802412599480688 	 34.265216092261 	 24.745253306756318 
C 	 -13.909477153888565 	 35.525721033718455 	 24.11329518788371 
C 	 -14.130388292285886 	 37.913103648508425 	 22.764226334609482 
C 	 -12.666633729138367 	 33.40661410782273 	 24.445119329772616 
N 	 -12.672310159430495 	 32.35009790195006 	 25.006891706962104 
C 	 -12.90770431391826 	 35.892801317031676 	 23.228644530189786 
C 	 -13.027119009386277 	 37.08078895693113 	 22.544550228786356 
H 	 -14.152178942204738 	 38.802141703224905 	 22.160811566913708 
C 	 -11.798125264083854 	 35.06029029982968 	 23.02802229194609 
N 	 -11.773384875201785 	 33.818177238188056 	 23.575512405696305 
C 	 -10.496541237678834 	 33.38303100855351 	 23.210826594712266 
C 	 -9.771801760094128 	 32.24170870822748 	 23.614383440883454 
N 	 -10.751542377996849 	 35.41411915554228 	 22.257635305909155 
H 	 -12.264868950262816 	 37.4682473465386 	 21.901702407094714 
C 	 -9.930150973357515 	 34.36365601872233 	 22.42798967359086 
H 	 -10.406164898714694 	 31.600316739151644 	 24.319747342883428 
N 	 -8.306668363467121 	 29.80240841611031 	 24.844192754069756 
C 	 -8.443565203635186 	 32.147261006875645 	 23.0839864490889 
C 	 -7.457761037373152 	 30.096691403237898 	 24.042214751913413 
C 	 -8.653328026228928 	 34.25815559482098 	 21.901206889496837 
C 	 -7.951911696428835 	 33.14482144747563 	 22.2666732228336 
N 	 -7.534157182051074 	 31.12366515962803 	 23.20513354472776 
C 	 -6.063733485518172 	 28.088845381501578 	 24.634502721708696 
C 	 -6.1764125569574775 	 29.306583095840125 	 23.92756999165043 
H 	 -6.959774285142126 	 27.55994984279634 	 24.969481611600113 
C 	 -6.50442037295167 	 31.698635202549617 	 22.473563986617425 
C 	 -4.834724636996212 	 27.36400688665657 	 24.564209684902284 
N 	 -6.72791939137986 	 32.90857209061224 	 21.91111842051418 
C 	 -5.113617726765582 	 29.74790278542137 	 23.070840820551314 
H 	 -8.108458419793692 	 34.97217972020679 	 21.32956381897912 
C 	 -5.286160910764468 	 30.921554923307088 	 22.32716281830371 
C 	 -3.8406520083526856 	 27.755277173614008 	 23.68611242622182 
H 	 -4.811040077185474 	 26.443077022679113 	 25.15497691885513 
C 	 -3.931426788792162 	 28.966909057431728 	 23.006525340777465 
C 	 -4.2224139940272805 	 31.315496649061256 	 21.50090535178548 
C 	 -2.618280158479981 	 26.890956735964195 	 23.573931564320194 
N 	 -2.5971640318773876 	 25.77459935714967 	 24.046854699273442 
C 	 -2.885522596774184 	 29.3926275139714 	 22.134061043669078 
C 	 -3.028582438223346 	 30.566917247396926 	 21.339443555636908 
C 	 -1.6984746243435773 	 28.636812601813713 	 22.095546101348752 
N 	 -1.6352936228673711 	 27.476661908819835 	 22.847958669126847 
H 	 -4.286067663827401 	 32.205447551858526 	 20.915458538405282 
C 	 -0.3905743524674752 	 27.025453560418796 	 22.52929192606035 
C 	 0.3225761212841266 	 26.0347608431096 	 23.15129491672702 
N 	 -0.734462801281953 	 28.948274343606474 	 21.26806697409894 
C 	 0.10222428280494769 	 27.905831416765587 	 21.593735086249286 
H 	 -2.332124340315814 	 30.880044772561316 	 20.635522724913496 
N 	 2.014888045781534 	 24.027994633425127 	 24.791519912483867 
H 	 -0.04858635427201856 	 25.320577496519284 	 23.854737113791384 
C 	 1.6246573818832328 	 25.969637620201972 	 22.627722777915142 
C 	 2.9074274684500727 	 24.17745784650147 	 23.961747203719824 
C 	 1.275220222550701 	 27.65588833456432 	 20.987144785343403 
C 	 2.070041344724095 	 26.71599827108401 	 21.5972283825806 
N 	 2.6688601862906047 	 25.063935071417454 	 22.92092986112344 
C 	 4.635562924530325 	 22.847982146336015 	 25.195972251277844 
C 	 4.321311715067578 	 23.715509798020385 	 24.14671802220174 
C 	 3.6311886240900817 	 25.51358472547381 	 22.05947173971461 
H 	 3.885259634738233 	 22.52306143568543 	 25.89572552033456 
N 	 3.3641425154069076 	 26.567450095382426 	 21.29263144345919 
C 	 5.959104035066443 	 22.68359511011791 	 25.58506150253921 
C 	 5.33669120169609 	 24.22702515562597 	 23.357408839552075 
H 	 1.7564735203316488 	 28.268397113946985 	 20.266654434296967 
C 	 5.007049760540466 	 25.05708707099602 	 22.265625348765827 
C 	 7.010893991189904 	 23.32020254213076 	 24.867154577437105 
C 	 6.677363362377249 	 24.005549583343136 	 23.669576437176705 
C 	 6.036321065983833 	 25.591877766229437 	 21.47138509473527 
H 	 6.203544613546338 	 22.05517651332814 	 26.487421714245215 
C 	 8.39103499611373 	 23.172783690806433 	 25.337091167198608 
C 	 7.708155863412371 	 24.591721823660727 	 22.911129151999233 
N 	 8.660223622677913 	 22.712211290244287 	 26.414357599660914 
C 	 7.356173653105302 	 25.33796429731726 	 21.803675807255452 
H 	 5.821666772024031 	 26.26282634323141 	 20.644330608295274 
C 	 9.117606354741133 	 24.21961210577603 	 23.25549781071822 
N 	 9.351207127616265 	 23.57581691128363 	 24.493846172226803 
C 	 10.759593878805198 	 23.739444939303354 	 24.57136800745455 
N 	 10.193861246102072 	 24.863316589780975 	 22.651151712948646 
C 	 11.667576328821813 	 23.262827892159137 	 25.523075438268688 
H 	 8.131146633770362 	 25.807561293264335 	 21.21418890783275 
C 	 11.161325038165598 	 24.554116400851452 	 23.524538059172222 
H 	 11.380062436273958 	 22.523055844969885 	 26.309619409509466 
C 	 12.976735429515875 	 23.688888822472336 	 25.286205249576742 
C 	 12.512667434879797 	 24.83984473329555 	 23.250726780493153 
C 	 13.396304373566979 	 24.416831166423275 	 24.226782304201134 
H 	 12.745868786529085 	 25.429805570436713 	 22.408695678134315 
N 	 13.531867893533002 	 22.164478141328686 	 27.879883451198236 
C 	 14.344505737547836 	 22.88854741288388 	 27.30271336566601 
N 	 14.077595678433909 	 23.60210467962251 	 26.192957596866243 
C 	 15.030547664339375 	 24.383663259627085 	 25.483897119231127 
N 	 14.652941433565443 	 24.902277002300064 	 24.32821621079193 
C 	 15.762860388209686 	 23.10839119796509 	 27.816614144524213 
C 	 16.096995066410905 	 22.57528884887006 	 29.106998589850086 
C 	 16.308837613336728 	 24.60790779468257 	 26.037828644936283 
C 	 16.663524248644155 	 24.001913483772768 	 27.278045108694844 
C 	 17.28709479767653 	 22.821437172822144 	 29.75826458876404 
C 	 17.220828791788424 	 25.455844497028302 	 25.409112427337252 
H 	 15.34595992123747 	 21.94024397484097 	 29.67458333822854 
C 	 17.900698295014063 	 24.30281211368691 	 27.92271684140724 
C 	 18.214172490189714 	 23.71039572779354 	 29.140008955469824 
C 	 18.414481554853726 	 25.69169464354498 	 26.04135025269351 
C 	 18.773405015548505 	 25.09867576733567 	 27.25783710830386 
C 	 19.596763197385215 	 23.808811998915427 	 29.690648417905805 
H 	 17.519197996616096 	 22.433929074011346 	 30.740274150451828 
N 	 20.083845132496673 	 23.178236346254735 	 30.618893525813476 
H 	 17.02244766690277 	 25.94290992956757 	 24.48755688464086 
C 	 20.127750604905014 	 25.24060191304356 	 27.770037678753692 
N 	 20.399934740944005 	 24.68903032216335 	 28.991434045424008 
C 	 21.66345999673968 	 25.16885778370009 	 29.220396692713994 
N 	 21.089235245178585 	 26.12483458106898 	 27.26992014971338 
C 	 22.634284278562536 	 24.854919243083533 	 30.2430879747515 
C 	 22.03743750365006 	 25.965497008866603 	 28.182514250601287 
H 	 19.252559180515785 	 26.330828635580414 	 25.633477295930042 
C 	 23.802862073865285 	 25.570083296674692 	 30.14400970446608 
N 	 24.20355553707214 	 24.40446099340212 	 32.783644254698615 
C 	 23.224203791642573 	 26.629773262539526 	 28.07532782024029 
C 	 25.056110845223202 	 25.158791180924027 	 32.30207068136296 
C 	 24.09367123329996 	 26.402327201533847 	 29.083178244315977 
H 	 22.417384868743163 	 24.208120018365513 	 31.055542813562994 
N 	 24.837839104833062 	 25.728376853453508 	 31.095617343387076 
C 	 26.68505995848185 	 24.774201210942614 	 34.09321510167079 
C 	 26.387662990487126 	 25.373513940120343 	 32.893051368817495 
C 	 25.69158033459659 	 26.52258819056604 	 30.417101302325158 
N 	 25.26681160113109 	 27.010854099003357 	 29.272181546077892 
C 	 27.918280031631152 	 25.029799035262425 	 34.68229497332874 
C 	 27.3307430643734 	 26.135184177473864 	 32.24621438739742 
C 	 26.954885591470546 	 26.778776666102615 	 31.043483949623322 
H 	 25.946113132051128 	 24.15072100398606 	 34.64607316629372 
H 	 23.36723492356153 	 27.38952231819571 	 27.308301889746033 
C 	 28.925036993149032 	 25.77775903421158 	 34.03499342142392 
C 	 28.60890640413496 	 26.344753249041737 	 32.78982324427194 
C 	 27.9518251533989 	 27.51935368447123 	 30.37812190836537 
C 	 30.18220012413352 	 25.993145861367786 	 34.73262725334959 
C 	 29.51396108045059 	 27.23754366841108 	 32.19058204536288 
N 	 30.45543460311818 	 25.52294666320166 	 35.8353727050289 
C 	 29.23956428375722 	 27.653610274891687 	 30.91429709901907 
H 	 27.961645010154456 	 24.505212756294213 	 35.65402806169183 
C 	 30.742785438682276 	 27.512813333090964 	 32.896995934508936 
N 	 30.9811994083513 	 26.802329224792242 	 34.08188448387856 
C 	 32.277673740463584 	 27.216843600899107 	 34.34510044997819 
C 	 33.156107174161086 	 27.013957310544523 	 35.45591706365096 
H 	 27.764909424170423 	 27.94957137688374 	 29.475718922391252 
N 	 31.73608954811725 	 28.287244811885373 	 32.45157391693186 
C 	 32.64710268591075 	 28.102545955334964 	 33.388227250313356 
C 	 34.30656688304931 	 27.76492189002939 	 35.47663703988554 
N 	 34.650853432864565 	 26.613318505616704 	 38.21266922844749 
C 	 33.882934961373145 	 28.760661187740492 	 33.340732635052646 
C 	 35.4593372227001 	 27.36674645850828 	 37.68673697416693 
H 	 29.93228395278511 	 28.262688893963922 	 30.379425245511705 
C 	 34.66542673980144 	 28.662359909970533 	 34.47813675840833 
H 	 32.89779995008675 	 26.423974918646838 	 36.292908333930924 
N 	 35.286048044095956 	 27.95701071619138 	 36.49235204396874 
C 	 37.002030974219785 	 27.14094538335958 	 39.72277477973136 
C 	 36.74379533945993 	 27.722323551228694 	 38.44058474269903 
C 	 36.083720702583626 	 28.895255113734073 	 35.989046162409785 
N 	 35.80649007455207 	 29.314661375596945 	 34.729236966503855 
C 	 38.25942469190922 	 27.357835011477206 	 40.326933094242364 
C 	 37.630058135105656 	 28.62816792853083 	 37.92756850190672 
C 	 37.257987754462825 	 29.266151791085036 	 36.721003996258645 
H 	 36.301902479002514 	 26.453634055846976 	 40.16847694608131 
C 	 39.09749171226162 	 28.356953606738372 	 39.886799126233434 
H 	 34.00385595462838 	 29.543176428960763 	 32.55481967511585 
C 	 38.8340028853855 	 28.93969924716762 	 38.63621175768085 
C 	 38.13544608336546 	 30.220677344259084 	 36.242030701225666 
C 	 40.338027040027896 	 28.751928780309996 	 40.64208909585059 
C 	 39.649907155613235 	 29.892510531768274 	 38.082744060427856 
C 	 39.286523976038715 	 30.55210210251636 	 36.91867995936526 
H 	 38.510348245207226 	 26.7972368514086 	 41.18860973158366 
N 	 40.635611769186205 	 28.179120238034134 	 41.673424690215406 
C 	 40.81635550138609 	 30.27848077992144 	 38.86408795609848 
N 	 41.10547522269118 	 29.685491935545993 	 40.0722797919417 
H 	 37.999301247056316 	 30.46658614339985 	 35.19690108419636 
C 	 42.362433283480804 	 30.260282253332466 	 40.45741786022747 
N 	 41.65823054665676 	 31.320090075104368 	 38.53425492238444 
C 	 43.267826378037405 	 29.92631192650315 	 41.514987234482895 
C 	 42.61271673232349 	 31.205215191811266 	 39.51767863533715 
H 	 40.02025754549961 	 31.261004054730652 	 36.50360597436954 
C 	 43.718226620296996 	 31.96044759028535 	 39.53977854000377 
C 	 44.42014018038232 	 30.71559921047775 	 41.475616192216314 
N 	 45.013275484634484 	 29.20623317500462 	 43.97848177534966 
H 	 43.12476228715525 	 29.155791366244422 	 42.260613202611765 
C 	 44.624582741366716 	 31.656061744032865 	 40.532076722779024 
C 	 45.7582461364868 	 30.023857519415525 	 43.47847880926368 
N 	 45.45641340443972 	 30.75854192683368 	 42.3766469051811 
C 	 46.16334092803572 	 31.83970899599907 	 41.88516576163977 
N 	 45.690368047326764 	 32.47122262425757 	 40.807055838779334 
C 	 47.09261072052083 	 30.368323787243195 	 44.06396188224879 
H 	 43.838273715369695 	 32.79102805414871 	 38.84140112022208 
C 	 47.41447917689442 	 29.752615658007606 	 45.275083382066676 
C 	 47.53220948665062 	 31.984232245379093 	 42.3605319664871 
C 	 47.95875305330478 	 31.26020818388265 	 43.443661193165596 
H 	 46.74450956545879 	 29.194986815044157 	 45.898683556967825 
C 	 48.60829000627558 	 30.065330573411174 	 45.901445152133185 
C 	 48.43544365765407 	 32.8545334392476 	 41.702258356899584 
C 	 49.23301395036845 	 31.585027743611263 	 44.002903797112694 
C 	 49.54193953661766 	 30.97056642096013 	 45.26962595051496 
C 	 49.720483674312405 	 33.0546937603658 	 42.18559362781337 
C 	 50.07455550248801 	 32.42686373129723 	 43.41448877431785 
H 	 48.092238824227394 	 33.42070057747694 	 40.81677323468194 
H 	 48.80306705198671 	 29.550725796837547 	 46.83061220720169 
C 	 50.84600277410468 	 31.208236259521357 	 45.87059676237198 
N 	 51.17274473408773 	 30.66329183685374 	 46.901829891657265 
C 	 51.369132272751905 	 32.68450349923625 	 44.01897236055373 
N 	 51.69442172867684 	 31.92468442715498 	 45.116573531909 
H 	 50.36437731819003 	 33.752027511560776 	 41.67291202751967 
N 	 52.31873508524988 	 33.49972082282019 	 43.51120503204892 
C 	 52.986403695047635 	 32.31398545958678 	 45.32727543327323 
C 	 53.334170423130566 	 33.18659874766249 	 44.299101788215005 
C 	 53.90504070917178 	 31.867387284276955 	 46.29722191406064 
C 	 54.632755859330345 	 33.70028358547326 	 44.267977097431476 
H 	 53.71737009636424 	 31.126923146101994 	 47.12739916644917 
C 	 55.194124217587444 	 32.4275447544676 	 46.254163191786894 
C 	 55.561664916423986 	 33.39388552629588 	 45.28934464014 
H 	 55.010325023247184 	 34.29012370445555 	 43.45229993262332 
H 	 55.92830098922264 	 32.08472716062301 	 46.95574717185256 
H 	 56.608831520467184 	 33.809618439692194 	 45.24789436133693 
C 	 -49.05666078076556 	 -40.65349436479133 	 -4.4970772511297055 
C 	 -50.15208535772012 	 -39.89639902921737 	 -4.860267703635623 
C 	 -48.285314835227545 	 -41.36974364692997 	 -5.417921826554646 
C 	 -48.82732115154356 	 -41.39110913475695 	 -6.71452112438963 
C 	 -49.94531029989923 	 -40.65471640930844 	 -7.0389717276087875 
C 	 -50.6005068989188 	 -39.85682848095688 	 -6.16152943049321 
N 	 -48.396555182810424 	 -42.054026453937794 	 -7.848154521262226 
N 	 -50.36262893285703 	 -40.879748963641234 	 -8.282358766598549 
C 	 -49.37006127311266 	 -41.71349235758956 	 -8.769819423336513 
C 	 -49.19233060914468 	 -42.055783844603596 	 -10.17371481924034 
C 	 -47.267664612862426 	 -42.67914512253197 	 -8.12531113470599 
N 	 -46.41054530662029 	 -42.85999523687207 	 -7.2976949929825405 
C 	 -47.092534590288984 	 -43.09124608829311 	 -9.560883383455883 
C 	 -48.03038496842349 	 -42.738558799354465 	 -10.541024904041421 
C 	 -47.773430843465434 	 -43.06154064449486 	 -11.90028197078437 
C 	 -45.900848898428684 	 -43.720958082194 	 -9.958429234204932 
C 	 -45.71917045872362 	 -44.16123331058337 	 -11.253547083628664 
C 	 -46.57958997502851 	 -43.7084185308925 	 -12.198833134542449 
C 	 -50.21585686388341 	 -41.796844556426564 	 -11.152136775029938 
C 	 -49.97450891615584 	 -42.32596803032078 	 -12.431863393461311 
C 	 -48.76634177700476 	 -42.888386911222184 	 -12.801164383064469 
C 	 -46.370788387478726 	 -44.20506909390148 	 -13.643565753785511 
C 	 -48.54372346594207 	 -43.29404547580466 	 -14.211519124548122 
N 	 -47.354668111536654 	 -43.93576211083914 	 -14.49373709765272 
N 	 -45.3242740625754 	 -44.747412536775904 	 -13.939991207463796 
N 	 -49.48734533469358 	 -43.21485339377446 	 -15.171154272161548 
H 	 -47.40397936964477 	 -41.918383196805365 	 -5.157708307781997 
H 	 -51.529442434595 	 -39.30861306021233 	 -6.384661859808964 
H 	 -45.23458503096883 	 -43.95338502367881 	 -9.178022889839557 
H 	 -44.85957647891329 	 -44.67028609103949 	 -11.528250727940828 
H 	 -51.24187349064663 	 -41.39601104063135 	 -10.889850381859413 
H 	 -50.77289353228202 	 -42.26513814859046 	 -13.139129165883572 
C 	 -47.64238604500661 	 -44.28263888238327 	 -15.812435102955627 
C 	 -48.872538745060666 	 -43.80714699810997 	 -16.14746877119278 
C 	 -46.841812696497506 	 -45.01216024678164 	 -16.729013079058614 
C 	 -47.37367764696759 	 -45.02163426877301 	 -18.018713216601544 
C 	 -48.57424990033995 	 -44.459033954695556 	 -18.404915376486056 
C 	 -49.3197064756072 	 -43.78577905818014 	 -17.453102373865203 
N 	 -46.847048144811644 	 -45.56311648295631 	 -19.164549539222975 
N 	 -48.94026247138483 	 -44.66109499906675 	 -19.681938498894887 
C 	 -47.875483019067566 	 -45.45807497636813 	 -20.07353955335075 
C 	 -47.591413094927844 	 -45.75275505589156 	 -21.442791908025324 
C 	 -45.62259272312915 	 -45.90258236567464 	 -19.495636945913013 
N 	 -44.68783955274975 	 -45.92968630182186 	 -18.704581545670365 
C 	 -45.36574710938898 	 -46.30139121920484 	 -20.93973090233873 
C 	 -46.33311248612605 	 -46.167770026363264 	 -21.884987492821697 
C 	 -46.13597474749196 	 -46.5712674001835 	 -23.222219867110997 
C 	 -44.09817561392043 	 -46.6897307350779 	 -21.375457511003077 
C 	 -43.883357403794555 	 -47.127398985909245 	 -22.6620905424369 
C 	 -44.886889251357694 	 -47.07832253997897 	 -23.619575007854465 
C 	 -48.65484774382215 	 -45.77686173083809 	 -22.36738249195733 
C 	 -48.43129207044433 	 -46.14148382356163 	 -23.716952327954907 
C 	 -47.1265017597578 	 -46.51151303512333 	 -24.169450470601344 
C 	 -44.56859843109974 	 -47.65319088172044 	 -24.989149074509378 
C 	 -46.888273721133864 	 -47.09373252453773 	 -25.50585039979607 
N 	 -45.64522046580947 	 -47.657293436640636 	 -25.767056339330072 
N 	 -43.48911586414232 	 -48.07253388290678 	 -25.350395453510288 
N 	 -47.73667447116469 	 -47.426383398650984 	 -26.426570146027274 
H 	 -45.82719436550228 	 -45.318844388788136 	 -16.587884916468635 
H 	 -50.34993822730696 	 -43.45231745118564 	 -17.693738246492266 
H 	 -43.28752554186818 	 -46.55086072081364 	 -20.668959234495844 
H 	 -42.925192466142036 	 -47.51229924717986 	 -22.93645538904318 
H 	 -49.63606649285591 	 -45.43834286767571 	 -22.02709052995725 
H 	 -49.26821603280969 	 -46.18524421676541 	 -24.452231351396584 
C 	 -49.48152547844511 	 -36.47651479860335 	 6.666336748310265 
C 	 -49.13440841768497 	 -37.4553884350729 	 5.754131239013314 
C 	 -50.345780148863426 	 -35.45274222919275 	 6.306873442802311 
C 	 -49.73932249858226 	 -37.46923949022393 	 4.530967604470769 
C 	 -50.93028584179315 	 -35.43105734500169 	 5.085127190237522 
C 	 -50.59624785832218 	 -36.45453721252902 	 4.190678761914987 
C 	 -48.53888596074873 	 -39.132177768913856 	 3.2046758412411864 
N 	 -47.82484462205782 	 -39.57728970443318 	 4.10447948345114 
C 	 -47.19183352790977 	 -40.24311380323765 	 1.4313001960916707 
C 	 -48.29321036191245 	 -39.47432588411623 	 1.7822289117028454 
C 	 -50.350371113073535 	 -37.74386863431487 	 2.536845226668659 
N 	 -49.557850322333216 	 -38.373391359857585 	 3.465316131563661 
C 	 -47.026255754671254 	 -40.5153097588682 	 0.05856805929746429 
C 	 -49.18116259183586 	 -39.019438678071026 	 0.800614434786086 
C 	 -50.27879304423823 	 -38.21588932273878 	 1.16375250984244 
N 	 -50.967186023701274 	 -36.617376956571846 	 2.8564554439223606 
C 	 -47.90137476465128 	 -40.200488584008475 	 -0.9457532996486823 
C 	 -49.031695716389486 	 -39.42300035831783 	 -0.5594776187609224 
C 	 -51.30317303467888 	 -37.921388750758396 	 0.25244453792817867 
C 	 -47.84022817309387 	 -40.74905791406396 	 -2.323488457455652 
C 	 -50.02924138056325 	 -39.0562864690743 	 -1.5077118926328668 
H 	 -48.42888821500092 	 -38.172157195024994 	 6.129094036504266 
C 	 -51.20856338933043 	 -38.34181167522036 	 -1.039810054131423 
C 	 -49.78898411299749 	 -39.36373748417588 	 -2.933110769165093 
N 	 -46.98610490988514 	 -41.49004687781199 	 -2.708696405313755 
N 	 -48.80342743426979 	 -40.3292682752152 	 -3.1566711260839253 
H 	 -51.608827656635675 	 -34.628633859646314 	 4.757225939830448 
H 	 -46.49619850861245 	 -40.77403653795789 	 2.144692687156466 
N 	 -50.60252352467011 	 -39.039582084351615 	 -3.9630610588604176 
H 	 -46.20603271074646 	 -41.113928892985896 	 -0.14955539436488077 
H 	 -52.17221244635159 	 -37.32411140309826 	 0.5133704071705282 
H 	 -51.959356875891515 	 -37.96670588357395 	 -1.7217929464068225 
H 	 -45.55986268317446 	 -48.05915505439458 	 -26.68053670264479 
H 	 -48.693421979756856 	 -47.340747440161906 	 -26.08800071774519 
N 	 -47.90117175465226 	 -38.10667698200196 	 8.388768731816752 
C 	 -48.203394905825625 	 -36.99130156923484 	 8.740190102209656 
N 	 -48.982179898313035 	 -36.2331387648855 	 7.926826688440532 
C 	 -46.71925448614008 	 -36.834761249684796 	 10.75042979950809 
C 	 -47.679482810428524 	 -36.215057784881296 	 9.931288615163972 
H 	 -46.371479723824756 	 -37.841122032575164 	 10.551365961084745 
C 	 -49.491707459571025 	 -35.0195694016282 	 8.157048401730847 
N 	 -50.36765273048951 	 -34.4971776088587 	 7.225756008607113 
C 	 -46.18962028579412 	 -36.11014403624342 	 11.816214785343623 
C 	 -48.05678102551401 	 -34.87027045656048 	 10.136403570186332 
C 	 -48.97178825657864 	 -34.258649258739915 	 9.290806802218082 
H 	 -45.3863427143278 	 -36.58461937749282 	 12.384197889923916 
C 	 -46.628345498415975 	 -34.817587988647276 	 12.044975460267365 
C 	 -47.550027926889804 	 -34.13387557197036 	 11.214802810205427 
C 	 -49.279727756870784 	 -32.904890140988904 	 9.535897778515595 
C 	 -45.87496179532519 	 -34.02495620527751 	 13.121943189930844 
N 	 -44.90358967648388 	 -34.450036063939095 	 13.731260803360827 
C 	 -47.92074882219667 	 -32.82182400855491 	 11.499424708761254 
C 	 -48.78330701508278 	 -32.20471804409875 	 10.61630177962248 
H 	 -49.93025282570867 	 -32.356069120385115 	 8.872440383072034 
C 	 -47.19186529249534 	 -32.036297538943614 	 12.482939565990943 
N 	 -46.226750178916475 	 -32.708436774746986 	 13.240419323610995 
C 	 -45.720591228441435 	 -31.637036923875993 	 13.9884960305878 
C 	 -44.585100317036044 	 -31.650526273158142 	 14.841249042927185 
N 	 -47.46667319975196 	 -30.736105255166468 	 12.775784642096983 
H 	 -49.013540685683985 	 -31.16240956862833 	 10.695954759627428 
C 	 -46.44258991888399 	 -30.495652924520158 	 13.664952364311715 
H 	 -43.96916335743553 	 -32.55612360962506 	 14.965516252397274 
N 	 -42.22907928673575 	 -32.08352889303855 	 16.8539505719726 
C 	 -44.29494997863776 	 -30.475768485871683 	 15.40051433101755 
C 	 -42.198309856072036 	 -30.88736391234691 	 16.715439260096716 
C 	 -46.10803750406685 	 -29.26535142480939 	 14.175494690815265 
C 	 -45.022593993937896 	 -29.283321929320692 	 15.068760198096438 
N 	 -43.1700045349362 	 -30.131052619963892 	 16.104984230616772 
C 	 -39.950718109211884 	 -30.63846857839267 	 17.825748320234293 
C 	 -41.1364580391062 	 -30.02660226698069 	 17.35246420459558 
H 	 -39.84519941649645 	 -31.669145221579072 	 17.701753158211446 
C 	 -43.46063243336984 	 -28.763900572039326 	 16.221898202476776 
C 	 -38.90802637237331 	 -29.86937546964556 	 18.329059376888573 
N 	 -44.411490565960875 	 -28.158876127258942 	 15.503274005952585 
C 	 -41.28707792831282 	 -28.654209648941016 	 17.422829382472532 
H 	 -46.759564150203296 	 -28.402420810367378 	 13.91069285999088 
C 	 -42.40070133703939 	 -28.043965417881914 	 16.91834693416559 
C 	 -39.11485609000736 	 -28.523644284930835 	 18.63557471652436 
H 	 -38.0505681485511 	 -30.380574773408487 	 18.714159744941046 
C 	 -40.290264897159915 	 -27.904903736630825 	 18.157843708837298 
C 	 -42.60581366566528 	 -26.668650277543467 	 17.192996173798228 
C 	 -38.11557421441931 	 -27.77188125255704 	 19.462942562566248 
N 	 -37.25928666961586 	 -28.379873979782058 	 20.05926700528407 
C 	 -40.4456230884906 	 -26.55312084293809 	 18.345779808530956 
C 	 -41.62173226876695 	 -25.963824622602136 	 17.895912399538926 
C 	 -39.3265801337929 	 -25.77602973447367 	 18.766939652578596 
N 	 -38.33975486366884 	 -26.442959107406146 	 19.504803195116054 
H 	 -43.53213607587507 	 -26.11387837403964 	 16.975895313191696 
C 	 -37.49818568360803 	 -25.334595243155665 	 19.74512596433441 
C 	 -36.27159540697499 	 -25.274472576194878 	 20.394067917721717 
N 	 -39.13361948843828 	 -24.52595131982561 	 18.37101829269663 
C 	 -37.967043281046664 	 -24.25132832590368 	 19.03116300926778 
H 	 -41.76552129838834 	 -24.905046096818808 	 18.041431220262407 
N 	 -33.561804948699915 	 -25.516585541738248 	 21.95488311490864 
H 	 -35.88156216435324 	 -26.165117697232983 	 20.964901440038886 
C 	 -35.52560083362896 	 -24.0962377847429 	 20.256656435354962 
C 	 -33.26934385020329 	 -24.511170263174005 	 21.32878841632877 
C 	 -37.17796232160446 	 -23.114290111084376 	 18.809391978441663 
C 	 -35.93615326958509 	 -23.07908934530004 	 19.420584562187734 
N 	 -34.180403961377294 	 -23.819180638090657 	 20.633583092565164 
C 	 -30.952212688897195 	 -24.60469405386926 	 22.092484247433553 
C 	 -31.94666490521988 	 -23.912968270200626 	 21.391765715304306 
C 	 -34.014219584904005 	 -22.554461608138016 	 20.112993971362265 
H 	 -31.164761024378887 	 -25.622290924618856 	 22.43413521633009 
N 	 -35.072620429001375 	 -22.071071360142437 	 19.41948110789614 
C 	 -29.640015466285284 	 -24.13630304198322 	 21.885025568208434 
C 	 -31.700672178788647 	 -22.647471639776864 	 20.786237375575016 
H 	 -37.54070971346923 	 -22.289830704515765 	 18.210121518886773 
C 	 -32.68612767490692 	 -21.987887391085895 	 20.100576722700563 
C 	 -29.338390007554583 	 -22.96308043626664 	 21.211373266783742 
C 	 -30.394273583734087 	 -22.13604616177723 	 20.780220381315043 
C 	 -32.434183386196665 	 -20.780400493018284 	 19.494013210745138 
H 	 -28.831482338615768 	 -24.71304502263134 	 22.381249207798035 
C 	 -27.97288260408701 	 -22.604685067577066 	 20.883051762843987 
C 	 -30.106782533111055 	 -20.905317464529364 	 20.224887567692495 
N 	 -27.063846579963336 	 -23.400515619279254 	 20.899695690683316 
C 	 -31.140924814358893 	 -20.220419862513562 	 19.541077078678505 
H 	 -33.23602189198356 	 -20.167390600838 	 19.018431532330546 
C 	 -28.794365523219945 	 -20.406944892351955 	 20.30419470154731 
N 	 -27.764735708522135 	 -21.328838211929614 	 20.509236174599035 
C 	 -26.666981110147674 	 -20.524729406631206 	 20.218940910296862 
N 	 -28.419996341186884 	 -19.090699038011703 	 20.09247570799485 
C 	 -25.302230474613506 	 -20.815735673055958 	 20.27188374019444 
H 	 -30.951577268134375 	 -19.224291318036407 	 19.042248362930586 
C 	 -27.069597045438858 	 -19.171288297259615 	 20.051067959431983 
H 	 -24.89638825322461 	 -21.797620034700238 	 20.402494760234198 
C 	 -24.398028990114383 	 -19.748586666947354 	 20.06275142954574 
C 	 -26.20416720100637 	 -18.174967825157236 	 19.867685871622072 
C 	 -24.856764457718256 	 -18.479915102113683 	 19.871166213364962 
H 	 -26.52420574457379 	 -17.13673765470594 	 19.726750034333307 
N 	 -22.281439391402532 	 -21.80076616955152 	 20.17936147749931 
C 	 -21.978608475969462 	 -20.602143100743916 	 20.134896025748976 
N 	 -22.969504426942294 	 -19.680383754466877 	 20.056081687380537 
C 	 -22.833273247224067 	 -18.329426978073162 	 19.85394908508479 
N 	 -23.97832894316661 	 -17.52846871387607 	 19.717811375579632 
C 	 -20.579499369459725 	 -20.100774597349695 	 20.051025126977738 
C 	 -19.513457161607427 	 -20.993279459248804 	 20.024310395143402 
C 	 -21.474746516398938 	 -17.897549234980918 	 19.648994948433398 
C 	 -20.373119801143247 	 -18.75186487548333 	 19.79603047019759 
C 	 -18.2154958191371 	 -20.589863395828832 	 19.73582443924188 
C 	 -21.20125316278581 	 -16.619506432579872 	 19.27920230334899 
H 	 -19.659151818899808 	 -22.069767249941556 	 20.184366049949467 
C 	 -19.052376304604977 	 -18.307930227791008 	 19.55556850692821 
C 	 -17.951913990894305 	 -19.209010242560268 	 19.5540298049952 
C 	 -19.943134300555577 	 -16.12609268596356 	 19.088725089571756 
C 	 -18.8025336760539 	 -16.938814039136055 	 19.34026111375536 
C 	 -16.503523313258146 	 -18.677887645725935 	 19.566848306094826 
H 	 -17.385822314439917 	 -21.336243579327885 	 19.855572310790297 
N 	 -15.530969113631217 	 -19.468539389020368 	 19.615205350122164 
H 	 -21.986293435263622 	 -15.922571563967095 	 19.044300851990368 
C 	 -17.45621266151242 	 -16.479076769943077 	 19.470286043460415 
N 	 -16.40792937344348 	 -17.35673265574539 	 19.39362810655757 
C 	 -15.327857846008019 	 -16.464779103511407 	 19.265731897524667 
N 	 -17.149449540223547 	 -15.156830193435594 	 19.355232524127942 
C 	 -14.002941448212617 	 -16.785349725612456 	 19.074680845418456 
C 	 -15.807035824159865 	 -15.182489180321948 	 19.43424429128697 
H 	 -19.89720127018792 	 -15.04826718018151 	 18.857987628540407 
C 	 -13.183553917654125 	 -15.679313062151616 	 18.896333327525284 
N 	 -11.216677823335933 	 -17.84101289365893 	 18.420881571197402 
C 	 -14.974319116693303 	 -14.093129694271772 	 19.15021193729798 
C 	 -10.855014023985182 	 -16.671732115352366 	 18.45557878889506 
C 	 -13.597547821749313 	 -14.373379540823954 	 18.922364360459188 
H 	 -13.636089256441275 	 -17.810585921652667 	 19.061124617357798 
N 	 -11.76297153837728 	 -15.690163365035906 	 18.577259371839684 
C 	 -8.44340978015495 	 -17.195980425668832 	 18.39660963793029 
C 	 -9.481820292718316 	 -16.210512326708354 	 18.434274206874502 
C 	 -11.523291833612076 	 -14.32901029522122 	 18.494833332694217 
N 	 -12.572427764487538 	 -13.506501000949106 	 18.785773014723002 
C 	 -7.120130864579417 	 -16.772408155549893 	 18.577365303250193 
C 	 -9.145071545280059 	 -14.835565263336402 	 18.618315331966944 
C 	 -10.164970672250098 	 -13.902955600912927 	 18.676874109994912 
H 	 -8.583509150569892 	 -18.262414638648718 	 18.186265598298792 
H 	 -15.34092869207611 	 -13.092320226508027 	 19.096955312686312 
C 	 -6.8689188997193025 	 -15.454637706407114 	 18.993893168500644 
C 	 -7.851830919288116 	 -14.432910883814127 	 18.837839415447558 
C 	 -9.883938553474648 	 -12.588117065611314 	 18.90896488983303 
C 	 -5.416859111815525 	 -15.052578001257045 	 19.233290483439887 
C 	 -7.51725377866115 	 -13.112537991277357 	 19.098559943720822 
N 	 -4.527040030575181 	 -15.888547691896457 	 19.209942570416196 
C 	 -8.587555638746698 	 -12.174439556473445 	 19.117035741163676 
H 	 -6.289227243612666 	 -17.525989552551184 	 18.62055716947056 
C 	 -6.139803817552044 	 -12.70847504499584 	 19.336602080356165 
N 	 -5.229075663296504 	 -13.752162379437005 	 19.49337975512422 
C 	 -4.03584015933954 	 -13.019007023018345 	 19.78656566065736 
C 	 -2.7998224858299943 	 -13.45505806547119 	 20.279119031198213 
H 	 -10.606141674142927 	 -11.765965776318602 	 18.834613044975047 
N 	 -5.662198450504312 	 -11.431580907869545 	 19.47786912108884 
C 	 -4.36567354342721 	 -11.693729555418322 	 19.70668953599772 
C 	 -1.9738178699969882 	 -12.438108651137858 	 20.717397502302468 
N 	 -0.2912153381413447 	 -14.493872374476371 	 21.788174507083372 
C 	 -3.465789126052053 	 -10.684262228017383 	 20.082484834052945 
C 	 0.12899718592903286 	 -13.320674443747018 	 21.79519315361059 
H 	 -8.364835672259147 	 -11.08690214182099 	 19.32853938038485 
C 	 -2.2517376445983714 	 -11.098225885309308 	 20.563667166138735 
H 	 -2.3916927733684825 	 -14.40927498014301 	 20.31567011330871 
N 	 -0.6777010842768253 	 -12.386661239806685 	 21.257133179392927 
C 	 2.1933312639130853 	 -13.80852903328418 	 23.14318186373978 
C 	 1.3637131556633106 	 -12.901680935052315 	 22.439332554546194 
C 	 -0.43255144336747137 	 -11.021241561869559 	 21.389932834776317 
N 	 -1.3671488496988773 	 -10.167568606583714 	 20.93254870442879 
C 	 3.3889208840389036 	 -13.4187766153184 	 23.690725045004722 
C 	 1.7162662139511906 	 -11.556781372879254 	 22.427727239840486 
C 	 0.8619527872165063 	 -10.617358649631552 	 21.867576497231322 
H 	 1.8062395190144005 	 -14.760313127403965 	 23.267070607061466 
C 	 3.7758918597805775 	 -12.10318411632394 	 23.544270173207156 
H 	 -3.7424450786461736 	 -9.63949075426334 	 20.046970568031593 
C 	 2.943174111786137 	 -11.16441155765535 	 22.993021612354454 
C 	 1.1868919565157534 	 -9.266673747252437 	 21.927271946031215 
C 	 5.080117216881302 	 -11.694053907598635 	 24.037105437637646 
C 	 3.299441348722758 	 -9.778864341294074 	 22.872297848465397 
C 	 2.4187354883320795 	 -8.840307175988169 	 22.39559912437055 
H 	 4.053047934708612 	 -14.144891061019042 	 24.29317291221249 
N 	 5.756818506114226 	 -12.433301489721766 	 24.710033812702772 
C 	 4.64560327451399 	 -9.3560348823921 	 23.167812950096923 
N 	 5.371391128384454 	 -10.323882461246741 	 23.845654910730794 
H 	 0.5160805738831933 	 -8.477290806954677 	 21.526923662397127 
C 	 6.5244589901230166 	 -9.569954695923485 	 24.13938438190658 
N 	 5.116514616161016 	 -8.097884065175414 	 23.057750958515623 
C 	 7.650990540566754 	 -9.950524269616224 	 24.883144869733606 
C 	 6.3223669607328254 	 -8.317478570424026 	 23.625240884030994 
H 	 2.7013360826805934 	 -7.748358873386288 	 22.336580603984746 
C 	 7.316637130724741 	 -7.357394608969165 	 23.834012072694197 
C 	 8.613744212859002 	 -9.001695381064721 	 25.04107964902028 
N 	 10.081471456938297 	 -11.101862724482814 	 26.3975283734225 
H 	 7.588869147825106 	 -10.929146326532255 	 25.368356149682274 
C 	 8.492505432445414 	 -7.758488373969851 	 24.4943864514023 
C 	 10.471136945764961 	 -9.952760021997294 	 26.337891295883313 
N 	 9.77747868455972 	 -8.976481929736071 	 25.74974293626595 
C 	 10.292035254138595 	 -7.6728861823176215 	 25.45613884795505 
N 	 9.47578695692557 	 -6.919805337732872 	 24.697694553962847 
C 	 11.722757804460667 	 -9.416699063140411 	 27.062613786289113 
H 	 7.190211555314219 	 -6.336678598385419 	 23.545241240778683 
C 	 12.419637884847916 	 -10.335999791369412 	 27.871014815852032 
C 	 11.576582259392255 	 -7.280984059537649 	 26.006497516957264 
C 	 12.247018480397424 	 -8.130192093992909 	 26.87443501078148 
H 	 12.092329175813443 	 -11.334400816681459 	 28.020092871644138 
C 	 13.606796118862812 	 -9.93814136406513 	 28.470940216123413 
C 	 12.034364464605392 	 -5.9305301551921294 	 25.96158090515602 
C 	 13.398078603041814 	 -7.781607065010979 	 27.504523252810554 
C 	 14.12339901672682 	 -8.667836820190765 	 28.282011929386627 
C 	 13.226127269380955 	 -5.519934240828961 	 26.563680693270086 
C 	 13.883155713565682 	 -6.475589570399729 	 27.39213058259272 
H 	 11.517671617606073 	 -5.3362501315809245 	 25.21817828827 
H 	 14.150853408621261 	 -10.62870678992853 	 29.067606568050802 
C 	 15.39932706660279 	 -8.224572121821781 	 28.91633232605532 
N 	 16.06972076944495 	 -8.953084495706367 	 29.54048203218454 
C 	 15.12151769912487 	 -6.0172810043877245 	 28.017981673230686 
N 	 15.69450816780767 	 -6.958185375657739 	 28.890582893185933 
H 	 13.631210712398738 	 -4.499340535481209 	 26.379803472152012 
N 	 15.753550867069984 	 -4.822079303526413 	 27.875610879649393 
C 	 16.749180639685598 	 -6.216978618527398 	 29.40594682346882 
C 	 16.803336069989022 	 -5.037329131671027 	 28.67296295888152 
C 	 17.679387415278914 	 -6.590118898409277 	 30.419528440002203 
C 	 17.714065290878448 	 -4.075517625581101 	 29.064408375454036 
H 	 17.578381408726905 	 -7.541154465340876 	 30.88740092112281 
C 	 18.64710082889896 	 -5.610322596820126 	 30.72701937929416 
C 	 18.649285315271047 	 -4.368663405683952 	 30.060200553537932 
H 	 17.516105820852896 	 -3.0716487891288873 	 28.720667735543405 
H 	 19.394088447025265 	 -5.7868073682126075 	 31.463646640822017 
H 	 19.36224278946387 	 -3.61294924812642 	 30.36679285149431 
