C 	 -27.152717227776396 	 46.80476005625056 	 26.626106910717567 
C 	 -26.745975369321364 	 47.56909501995061 	 25.58262373446349 
C 	 -28.04740257791685 	 47.196329733318066 	 27.597024859776706 
C 	 -28.681876248011758 	 48.40391186377327 	 27.30930895343516 
C 	 -28.367255559073488 	 49.1187289169725 	 26.15678917658926 
C 	 -27.422037962930084 	 48.69323732506053 	 25.276579179723875 
N 	 -29.78230772011032 	 49.04523580388492 	 27.89796811852628 
N 	 -29.198245122047844 	 50.17544626164995 	 25.929604531131268 
C 	 -30.061213988914243 	 50.010307184038155 	 26.966938558112695 
C 	 -31.169000819924165 	 50.893209449170676 	 27.24098629993281 
C 	 -30.58428311603308 	 48.76563969607981 	 29.00006580163175 
N 	 -30.431731459299595 	 47.732188506589296 	 29.607355225558987 
C 	 -31.742513595956538 	 49.63477059435458 	 29.27153713440063 
C 	 -31.98040529020778 	 50.71839916706467 	 28.412102241801144 
C 	 -33.06272835959879 	 51.537842364256605 	 28.59007434607336 
C 	 -32.673587630555254 	 49.39896490203793 	 30.294234269740684 
C 	 -33.747982316297765 	 50.23631961726241 	 30.49460651702124 
C 	 -33.981776617289505 	 51.30831190413719 	 29.62300586752291 
C 	 -31.40506699950674 	 51.98358442843743 	 26.44185509356195 
C 	 -32.47441639214292 	 52.81603662881424 	 26.643353274375375 
C 	 -33.31876809283126 	 52.6032136850337 	 27.733162720943024 
C 	 -35.09143501637501 	 52.292203542424296 	 29.951620925204043 
C 	 -34.408269071864005 	 53.53151071332378 	 27.9531903064893 
N 	 -35.22934992664508 	 53.27761842104932 	 29.07771049290004 
N 	 -35.853224171510305 	 52.15987041130027 	 30.922822019458224 
N 	 -34.721626019860466 	 54.56333943251951 	 27.17250317439188 
H 	 -28.43009824689805 	 46.54880837035304 	 28.391623889241338 
H 	 -27.116306293732787 	 49.165584552682425 	 24.36333177106758 
H 	 -32.64427762955627 	 48.48479202284563 	 30.88375120687201 
H 	 -34.2644551478842 	 50.147083202486954 	 31.45440664672877 
H 	 -30.730447339041316 	 52.065374399362696 	 25.563200473523267 
H 	 -32.61235965784672 	 53.68283661083652 	 25.99007365672204 
C 	 -36.14737238855191 	 54.311664082908024 	 29.04731501972836 
C 	 -35.73042357581775 	 55.05719242444744 	 27.917544292854508 
C 	 -37.26047686368756 	 54.62908496253228 	 29.852670544188797 
C 	 -37.85083026371795 	 55.82356176395596 	 29.54817587158288 
C 	 -37.5882602712438 	 56.46592761264551 	 28.374040144534213 
C 	 -36.61031093668904 	 56.0422389474485 	 27.497537655574924 
N 	 -38.98938171713972 	 56.41495662407775 	 30.146025940625055 
N 	 -38.4319338944923 	 57.42262564485467 	 28.140800344044766 
C 	 -39.29493904446902 	 57.389609526025936 	 29.206198193615272 
C 	 -40.347633982317944 	 58.30856650736533 	 29.397503420057294 
C 	 -39.75376867431031 	 56.230622288566764 	 31.255857301877022 
N 	 -39.423289016956765 	 55.42569481838529 	 32.0884742569444 
C 	 -40.90665878629389 	 57.12438601196451 	 31.456260226050855 
C 	 -41.143155964487136 	 58.133066260512294 	 30.538498431639077 
C 	 -42.284390663457444 	 58.99591194294368 	 30.673621696033287 
C 	 -41.685548901624855 	 57.0507929330789 	 32.64336148534274 
C 	 -42.76025109365659 	 57.908611487955945 	 32.79775153572922 
C 	 -43.08647120402271 	 58.88071452134191 	 31.873058657977598 
C 	 -40.621878434775134 	 59.2720975016831 	 28.452435493043133 
C 	 -41.706862949554946 	 60.20469796670858 	 28.659556738511306 
C 	 -42.554744398884736 	 59.993122004833424 	 29.755231626454105 
C 	 -44.24291736705063 	 59.86982021011665 	 32.097873504245754 
C 	 -43.608417873863736 	 60.92441458378739 	 29.979710910483387 
N 	 -44.372883404185664 	 60.86786505152071 	 31.13073490266232 
N 	 -44.90654460568577 	 59.85746759267773 	 33.11674437877258 
N 	 -43.94607633545536 	 -60.99657187655612 	 29.203959437463727 
H 	 -37.604218105877536 	 54.01080667104293 	 30.674751639021345 
H 	 -36.47007283821796 	 56.42086598501987 	 26.4762170977071 
H 	 -41.40513986451855 	 56.363804759268795 	 33.45885836912723 
H 	 -43.40692605034376 	 57.77045350039099 	 33.680594801311685 
H 	 -39.94189109084175 	 59.387092788686935 	 27.56593990628504 
H 	 -41.881347660578676 	 61.00797035742804 	 27.952684124784398 
C 	 -18.251422372209326 	 39.06048241464063 	 24.602723863314658 
C 	 -19.49218434701355 	 39.27632901027283 	 25.27180711305437 
C 	 -17.707377536574086 	 40.03513666931434 	 23.763360287693317 
C 	 -20.096067249950917 	 40.5017919584832 	 24.968144296855122 
C 	 -18.327396721651716 	 41.19759138759291 	 23.51951926232889 
C 	 -19.55435324559833 	 41.42827053240125 	 24.120306683738985 
C 	 -22.144871419138543 	 40.76404102704991 	 26.396918810226254 
N 	 -22.06719992229405 	 39.70284552818771 	 26.95811569340832 
C 	 -23.997167060900754 	 41.59054904685865 	 27.825952567597582 
C 	 -23.123712165764772 	 41.85559960083912 	 26.801613389020098 
C 	 -21.31916265495275 	 42.226029060734184 	 24.667295381482266 
N 	 -21.342968762455563 	 41.017795233065826 	 25.34715104210594 
C 	 -25.052182090735293 	 42.52360161904566 	 28.00426550570291 
C 	 -23.17545678592896 	 42.99620400375 	 26.02437557277549 
C 	 -22.319720148402144 	 43.18531355306736 	 24.93723718387549 
N 	 -20.292840771722993 	 42.56163003740389 	 23.916318291060808 
C 	 -25.102935076215775 	 43.6930171816427 	 27.265582465973996 
C 	 -24.16633791018541 	 43.949010074107065 	 26.28731869306936 
C 	 -22.372146257649398 	 44.440742504891375 	 24.21326422451634 
C 	 -26.208446130279444 	 44.58435143811018 	 27.517129974454697 
C 	 -24.233357358772917 	 45.16997770678088 	 25.592406782408588 
H 	 -19.912665502632663 	 38.53439224832545 	 25.975669167774896 
C 	 -23.27605426708786 	 45.42941956428803 	 24.596606194306524 
C 	 -25.340402574329985 	 46.03278694373655 	 25.737887357720048 
N 	 -27.083301467365644 	 44.38923564226439 	 28.31348092320679 
N 	 -26.214372421122455 	 45.721298247616744 	 26.741568070183224 
H 	 -17.97877131128923 	 41.90287591363359 	 22.813300580555044 
H 	 -23.931016321909144 	 40.64039007252091 	 28.360493799845358 
N 	 -25.646402397775788 	 47.13147510485168 	 24.94517919708471 
H 	 -25.815196337253678 	 42.33267923486455 	 28.741668044178436 
H 	 -21.61690732561318 	 44.711203144633885 	 23.48902759727398 
H 	 -23.20582763610375 	 46.445985879129985 	 24.111889614909035 
H 	 -45.002711219410834 	 -61.3078372057226 	 31.34940626027773 
H 	 -44.77918821551132 	 -61.289337554069554 	 28.655854900546807 
N 	 -18.095889316300873 	 36.696736385867396 	 26.28665151813476 
C 	 -17.21034195919083 	 36.92007668599348 	 25.478171109498817 
N 	 -17.267028715805203 	 38.05368716410436 	 24.748083358715267 
C 	 -15.892568541085268 	 34.72075680942307 	 25.806287575281377 
C 	 -16.07036038145403 	 35.950709867654595 	 25.135589542169132 
H 	 -16.646876633893623 	 34.42659999254814 	 26.53995969460858 
C 	 -16.297738659792838 	 38.47766862643171 	 23.82126517781536 
N 	 -16.5005410647122 	 39.68156503291552 	 23.2214583119372 
C 	 -14.827676501361633 	 33.855283997064426 	 25.555310906431927 
C 	 -15.053144543295481 	 36.32433775493239 	 24.285425539974153 
C 	 -15.18536085860221 	 37.53440391672835 	 23.603365724088267 
H 	 -14.895787249411242 	 32.869047765497314 	 25.82419400695412 
C 	 -13.802412599480688 	 34.265216092261 	 24.745253306756318 
C 	 -13.909477153888565 	 35.525721033718455 	 24.11329518788371 
C 	 -14.130388292285886 	 37.913103648508425 	 22.764226334609482 
C 	 -12.666633729138367 	 33.40661410782273 	 24.445119329772616 
N 	 -12.672310159430495 	 32.35009790195006 	 25.006891706962104 
C 	 -12.90770431391826 	 35.892801317031676 	 23.228644530189786 
C 	 -13.027119009386277 	 37.08078895693113 	 22.544550228786356 
H 	 -14.152178942204738 	 38.802141703224905 	 22.160811566913708 
C 	 -11.798125264083854 	 35.06029029982968 	 23.02802229194609 
N 	 -11.773384875201785 	 33.818177238188056 	 23.575512405696305 
C 	 -10.496541237678834 	 33.38303100855351 	 23.210826594712266 
C 	 -9.771801760094128 	 32.24170870822748 	 23.614383440883454 
N 	 -10.751542377996849 	 35.41411915554228 	 22.257635305909155 
H 	 -12.264868950262816 	 37.4682473465386 	 21.901702407094714 
C 	 -9.930150973357515 	 34.36365601872233 	 22.42798967359086 
H 	 -10.406164898714694 	 31.600316739151644 	 24.319747342883428 
N 	 -8.306668363467121 	 29.80240841611031 	 24.844192754069756 
C 	 -8.443565203635186 	 32.147261006875645 	 23.0839864490889 
C 	 -7.457761037373152 	 30.096691403237898 	 24.042214751913413 
C 	 -8.653328026228928 	 34.25815559482098 	 21.901206889496837 
C 	 -7.951911696428835 	 33.14482144747563 	 22.2666732228336 
N 	 -7.534157182051074 	 31.12366515962803 	 23.20513354472776 
C 	 -6.063733485518172 	 28.088845381501578 	 24.634502721708696 
C 	 -6.1764125569574775 	 29.306583095840125 	 23.92756999165043 
H 	 -6.959774285142126 	 27.55994984279634 	 24.969481611600113 
C 	 -6.50442037295167 	 31.698635202549617 	 22.473563986617425 
C 	 -4.834724636996212 	 27.36400688665657 	 24.564209684902284 
N 	 -6.72791939137986 	 32.90857209061224 	 21.91111842051418 
C 	 -5.113617726765582 	 29.74790278542137 	 23.070840820551314 
H 	 -8.108458419793692 	 34.97217972020679 	 21.32956381897912 
C 	 -5.286160910764468 	 30.921554923307088 	 22.32716281830371 
C 	 -3.8406520083526856 	 27.755277173614008 	 23.68611242622182 
H 	 -4.811040077185474 	 26.443077022679113 	 25.15497691885513 
C 	 -3.931426788792162 	 28.966909057431728 	 23.006525340777465 
C 	 -4.2224139940272805 	 31.315496649061256 	 21.50090535178548 
C 	 -2.618280158479981 	 26.890956735964195 	 23.573931564320194 
N 	 -2.5971640318773876 	 25.77459935714967 	 24.046854699273442 
C 	 -2.885522596774184 	 29.3926275139714 	 22.134061043669078 
C 	 -3.028582438223346 	 30.566917247396926 	 21.339443555636908 
C 	 -1.6984746243435773 	 28.636812601813713 	 22.095546101348752 
N 	 -1.6352936228673711 	 27.476661908819835 	 22.847958669126847 
H 	 -4.286067663827401 	 32.205447551858526 	 20.915458538405282 
C 	 -0.3905743524674752 	 27.025453560418796 	 22.52929192606035 
C 	 0.3225761212841266 	 26.0347608431096 	 23.15129491672702 
N 	 -0.734462801281953 	 28.948274343606474 	 21.26806697409894 
C 	 0.10222428280494769 	 27.905831416765587 	 21.593735086249286 
H 	 -2.332124340315814 	 30.880044772561316 	 20.635522724913496 
N 	 2.014888045781534 	 24.027994633425127 	 24.791519912483867 
H 	 -0.04858635427201856 	 25.320577496519284 	 23.854737113791384 
C 	 1.6246573818832328 	 25.969637620201972 	 22.627722777915142 
C 	 2.9074274684500727 	 24.17745784650147 	 23.961747203719824 
C 	 1.275220222550701 	 27.65588833456432 	 20.987144785343403 
C 	 2.070041344724095 	 26.71599827108401 	 21.5972283825806 
N 	 2.6688601862906047 	 25.063935071417454 	 22.92092986112344 
C 	 4.635562924530325 	 22.847982146336015 	 25.195972251277844 
C 	 4.321311715067578 	 23.715509798020385 	 24.14671802220174 
C 	 3.6311886240900817 	 25.51358472547381 	 22.05947173971461 
H 	 3.885259634738233 	 22.52306143568543 	 25.89572552033456 
N 	 3.3641425154069076 	 26.567450095382426 	 21.29263144345919 
C 	 5.959104035066443 	 22.68359511011791 	 25.58506150253921 
C 	 5.33669120169609 	 24.22702515562597 	 23.357408839552075 
H 	 1.7564735203316488 	 28.268397113946985 	 20.266654434296967 
C 	 5.007049760540466 	 25.05708707099602 	 22.265625348765827 
C 	 7.010893991189904 	 23.32020254213076 	 24.867154577437105 
C 	 6.677363362377249 	 24.005549583343136 	 23.669576437176705 
C 	 6.036321065983833 	 25.591877766229437 	 21.47138509473527 
H 	 6.203544613546338 	 22.05517651332814 	 26.487421714245215 
C 	 8.39103499611373 	 23.172783690806433 	 25.337091167198608 
C 	 7.708155863412371 	 24.591721823660727 	 22.911129151999233 
N 	 8.660223622677913 	 22.712211290244287 	 26.414357599660914 
C 	 7.356173653105302 	 25.33796429731726 	 21.803675807255452 
H 	 5.821666772024031 	 26.26282634323141 	 20.644330608295274 
C 	 9.117606354741133 	 24.21961210577603 	 23.25549781071822 
N 	 9.351207127616265 	 23.57581691128363 	 24.493846172226803 
C 	 10.759593878805198 	 23.739444939303354 	 24.57136800745455 
N 	 10.193861246102072 	 24.863316589780975 	 22.651151712948646 
C 	 11.667576328821813 	 23.262827892159137 	 25.523075438268688 
H 	 8.131146633770362 	 25.807561293264335 	 21.21418890783275 
C 	 11.161325038165598 	 24.554116400851452 	 23.524538059172222 
H 	 11.380062436273958 	 22.523055844969885 	 26.309619409509466 
C 	 12.976735429515875 	 23.688888822472336 	 25.286205249576742 
C 	 12.512667434879797 	 24.83984473329555 	 23.250726780493153 
C 	 13.396304373566979 	 24.416831166423275 	 24.226782304201134 
H 	 12.745868786529085 	 25.429805570436713 	 22.408695678134315 
N 	 13.531867893533002 	 22.164478141328686 	 27.879883451198236 
C 	 14.344505737547836 	 22.88854741288388 	 27.30271336566601 
N 	 14.077595678433909 	 23.60210467962251 	 26.192957596866243 
C 	 15.030547664339375 	 24.383663259627085 	 25.483897119231127 
N 	 14.652941433565443 	 24.902277002300064 	 24.32821621079193 
C 	 15.762860388209686 	 23.10839119796509 	 27.816614144524213 
C 	 16.096995066410905 	 22.57528884887006 	 29.106998589850086 
C 	 16.308837613336728 	 24.60790779468257 	 26.037828644936283 
C 	 16.663524248644155 	 24.001913483772768 	 27.278045108694844 
C 	 17.28709479767653 	 22.821437172822144 	 29.75826458876404 
C 	 17.220828791788424 	 25.455844497028302 	 25.409112427337252 
H 	 15.34595992123747 	 21.94024397484097 	 29.67458333822854 
C 	 17.900698295014063 	 24.30281211368691 	 27.92271684140724 
C 	 18.214172490189714 	 23.71039572779354 	 29.140008955469824 
C 	 18.414481554853726 	 25.69169464354498 	 26.04135025269351 
C 	 18.773405015548505 	 25.09867576733567 	 27.25783710830386 
C 	 19.596763197385215 	 23.808811998915427 	 29.690648417905805 
H 	 17.519197996616096 	 22.433929074011346 	 30.740274150451828 
N 	 20.083845132496673 	 23.178236346254735 	 30.618893525813476 
H 	 17.02244766690277 	 25.94290992956757 	 24.48755688464086 
C 	 20.127750604905014 	 25.24060191304356 	 27.770037678753692 
N 	 20.399934740944005 	 24.68903032216335 	 28.991434045424008 
C 	 21.66345999673968 	 25.16885778370009 	 29.220396692713994 
N 	 21.089235245178585 	 26.12483458106898 	 27.26992014971338 
C 	 22.634284278562536 	 24.854919243083533 	 30.2430879747515 
C 	 22.03743750365006 	 25.965497008866603 	 28.182514250601287 
H 	 19.252559180515785 	 26.330828635580414 	 25.633477295930042 
C 	 23.802862073865285 	 25.570083296674692 	 30.14400970446608 
N 	 24.20355553707214 	 24.40446099340212 	 32.783644254698615 
C 	 23.224203791642573 	 26.629773262539526 	 28.07532782024029 
C 	 25.056110845223202 	 25.158791180924027 	 32.30207068136296 
C 	 24.09367123329996 	 26.402327201533847 	 29.083178244315977 
H 	 22.417384868743163 	 24.208120018365513 	 31.055542813562994 
N 	 24.837839104833062 	 25.728376853453508 	 31.095617343387076 
C 	 26.68505995848185 	 24.774201210942614 	 34.09321510167079 
C 	 26.387662990487126 	 25.373513940120343 	 32.893051368817495 
C 	 25.69158033459659 	 26.52258819056604 	 30.417101302325158 
N 	 25.26681160113109 	 27.010854099003357 	 29.272181546077892 
C 	 27.918280031631152 	 25.029799035262425 	 34.68229497332874 
C 	 27.3307430643734 	 26.135184177473864 	 32.24621438739742 
C 	 26.954885591470546 	 26.778776666102615 	 31.043483949623322 
H 	 25.946113132051128 	 24.15072100398606 	 34.64607316629372 
H 	 23.36723492356153 	 27.38952231819571 	 27.308301889746033 
C 	 28.925036993149032 	 25.77775903421158 	 34.03499342142392 
C 	 28.60890640413496 	 26.344753249041737 	 32.78982324427194 
C 	 27.9518251533989 	 27.51935368447123 	 30.37812190836537 
C 	 30.18220012413352 	 25.993145861367786 	 34.73262725334959 
C 	 29.51396108045059 	 27.23754366841108 	 32.19058204536288 
N 	 30.45543460311818 	 25.52294666320166 	 35.8353727050289 
C 	 29.23956428375722 	 27.653610274891687 	 30.91429709901907 
H 	 27.961645010154456 	 24.505212756294213 	 35.65402806169183 
C 	 30.742785438682276 	 27.512813333090964 	 32.896995934508936 
N 	 30.9811994083513 	 26.802329224792242 	 34.08188448387856 
C 	 32.277673740463584 	 27.216843600899107 	 34.34510044997819 
C 	 33.156107174161086 	 27.013957310544523 	 35.45591706365096 
H 	 27.764909424170423 	 27.94957137688374 	 29.475718922391252 
N 	 31.73608954811725 	 28.287244811885373 	 32.45157391693186 
C 	 32.64710268591075 	 28.102545955334964 	 33.388227250313356 
C 	 34.30656688304931 	 27.76492189002939 	 35.47663703988554 
N 	 34.650853432864565 	 26.613318505616704 	 38.21266922844749 
C 	 33.882934961373145 	 28.760661187740492 	 33.340732635052646 
C 	 35.4593372227001 	 27.36674645850828 	 37.68673697416693 
H 	 29.93228395278511 	 28.262688893963922 	 30.379425245511705 
C 	 34.66542673980144 	 28.662359909970533 	 34.47813675840833 
H 	 32.89779995008675 	 26.423974918646838 	 36.292908333930924 
N 	 35.286048044095956 	 27.95701071619138 	 36.49235204396874 
C 	 37.002030974219785 	 27.14094538335958 	 39.72277477973136 
C 	 36.74379533945993 	 27.722323551228694 	 38.44058474269903 
C 	 36.083720702583626 	 28.895255113734073 	 35.989046162409785 
N 	 35.80649007455207 	 29.314661375596945 	 34.729236966503855 
C 	 38.25942469190922 	 27.357835011477206 	 40.326933094242364 
C 	 37.630058135105656 	 28.62816792853083 	 37.92756850190672 
C 	 37.257987754462825 	 29.266151791085036 	 36.721003996258645 
H 	 36.301902479002514 	 26.453634055846976 	 40.16847694608131 
C 	 39.09749171226162 	 28.356953606738372 	 39.886799126233434 
H 	 34.00385595462838 	 29.543176428960763 	 32.55481967511585 
C 	 38.8340028853855 	 28.93969924716762 	 38.63621175768085 
C 	 38.13544608336546 	 30.220677344259084 	 36.242030701225666 
C 	 40.338027040027896 	 28.751928780309996 	 40.64208909585059 
C 	 39.649907155613235 	 29.892510531768274 	 38.082744060427856 
C 	 39.286523976038715 	 30.55210210251636 	 36.91867995936526 
H 	 38.510348245207226 	 26.7972368514086 	 41.18860973158366 
N 	 40.635611769186205 	 28.179120238034134 	 41.673424690215406 
C 	 40.81635550138609 	 30.27848077992144 	 38.86408795609848 
N 	 41.10547522269118 	 29.685491935545993 	 40.0722797919417 
H 	 37.999301247056316 	 30.46658614339985 	 35.19690108419636 
C 	 42.362433283480804 	 30.260282253332466 	 40.45741786022747 
N 	 41.65823054665676 	 31.320090075104368 	 38.53425492238444 
C 	 43.267826378037405 	 29.92631192650315 	 41.514987234482895 
C 	 42.61271673232349 	 31.205215191811266 	 39.51767863533715 
H 	 40.02025754549961 	 31.261004054730652 	 36.50360597436954 
C 	 43.718226620296996 	 31.96044759028535 	 39.53977854000377 
C 	 44.42014018038232 	 30.71559921047775 	 41.475616192216314 
N 	 45.013275484634484 	 29.20623317500462 	 43.97848177534966 
H 	 43.12476228715525 	 29.155791366244422 	 42.260613202611765 
C 	 44.624582741366716 	 31.656061744032865 	 40.532076722779024 
C 	 45.7582461364868 	 30.023857519415525 	 43.47847880926368 
N 	 45.45641340443972 	 30.75854192683368 	 42.3766469051811 
C 	 46.16334092803572 	 31.83970899599907 	 41.88516576163977 
N 	 45.690368047326764 	 32.47122262425757 	 40.807055838779334 
C 	 47.09261072052083 	 30.368323787243195 	 44.06396188224879 
H 	 43.838273715369695 	 32.79102805414871 	 38.84140112022208 
C 	 47.41447917689442 	 29.752615658007606 	 45.275083382066676 
C 	 47.53220948665062 	 31.984232245379093 	 42.3605319664871 
C 	 47.95875305330478 	 31.26020818388265 	 43.443661193165596 
H 	 46.74450956545879 	 29.194986815044157 	 45.898683556967825 
C 	 48.60829000627558 	 30.065330573411174 	 45.901445152133185 
C 	 48.43544365765407 	 32.8545334392476 	 41.702258356899584 
C 	 49.23301395036845 	 31.585027743611263 	 44.002903797112694 
C 	 49.54193953661766 	 30.97056642096013 	 45.26962595051496 
C 	 49.720483674312405 	 33.0546937603658 	 42.18559362781337 
C 	 50.07455550248801 	 32.42686373129723 	 43.41448877431785 
H 	 48.092238824227394 	 33.42070057747694 	 40.81677323468194 
H 	 48.80306705198671 	 29.550725796837547 	 46.83061220720169 
C 	 50.84600277410468 	 31.208236259521357 	 45.87059676237198 
N 	 51.17274473408773 	 30.66329183685374 	 46.901829891657265 
C 	 51.369132272751905 	 32.68450349923625 	 44.01897236055373 
N 	 51.69442172867684 	 31.92468442715498 	 45.116573531909 
H 	 50.36437731819003 	 33.752027511560776 	 41.67291202751967 
N 	 52.31873508524988 	 33.49972082282019 	 43.51120503204892 
C 	 52.986403695047635 	 32.31398545958678 	 45.32727543327323 
C 	 53.334170423130566 	 33.18659874766249 	 44.299101788215005 
C 	 53.90504070917178 	 31.867387284276955 	 46.29722191406064 
C 	 54.632755859330345 	 33.70028358547326 	 44.267977097431476 
H 	 53.71737009636424 	 31.126923146101994 	 47.12739916644917 
C 	 55.194124217587444 	 32.4275447544676 	 46.254163191786894 
C 	 55.561664916423986 	 33.39388552629588 	 45.28934464014 
H 	 55.010325023247184 	 34.29012370445555 	 43.45229993262332 
H 	 55.92830098922264 	 32.08472716062301 	 46.95574717185256 
H 	 56.608831520467184 	 33.809618439692194 	 45.24789436133693 
C 	 -56.96084441680615 	 5.628377118638082 	 -4.496933416784294 
C 	 -56.14465298867332 	 4.564039107471165 	 -4.057144454746603 
C 	 -57.13169096266469 	 6.793457314097602 	 -3.7876791871840294 
C 	 -56.581775043492726 	 6.798937882241781 	 -2.5098078479251917 
C 	 -55.81011462372428 	 5.732818220426999 	 -2.0506761301382834 
C 	 -55.546049841620615 	 4.625936984258863 	 -2.791202015820977 
N 	 -56.51609522316002 	 7.820028221017485 	 -1.5485019855383473 
N 	 -55.270947229457235 	 5.992932798668329 	 -0.8569772529293297 
C 	 -55.63820852251964 	 7.243075598094288 	 -0.6146243811551497 
C 	 -55.24100182194317 	 8.060982164363207 	 0.510090467772122 
C 	 -57.16655778205007 	 8.979978141515561 	 -1.3886875627908206 
N 	 -57.90716883754001 	 9.537427953314776 	 -2.198438633348851 
C 	 -56.83100330227634 	 9.739630300427105 	 -0.10340449771756621 
C 	 -55.889367575267954 	 9.272205901578383 	 0.8221184440914422 
C 	 -55.53029991984419 	 10.006236127466842 	 2.0088862777046255 
C 	 -57.475386216864266 	 10.893867248607359 	 0.1995642071233791 
C 	 -57.28780073956617 	 11.554493166221903 	 1.4057483529875765 
C 	 -56.266100353104655 	 11.144482527374503 	 2.311986149296428 
C 	 -54.20940529863796 	 7.64873316322344 	 1.3540417289962015 
C 	 -53.8139837257082 	 8.432041905012051 	 2.45012554917505 
C 	 -54.34853464628224 	 9.674472736048827 	 2.73912132985016 
C 	 -55.84818256403312 	 11.992885460213548 	 3.471450107741712 
C 	 -53.957612938110756 	 10.486227408628572 	 3.8286326199003615 
N 	 -54.706303384458124 	 11.645975550515411 	 4.1456749559228365 
N 	 -56.549627872272424 	 12.944087730979366 	 3.7671680930516063 
N 	 -52.69572004615425 	 10.434949711075719 	 4.418039349120922 
H 	 -57.816617809726885 	 7.527059479630563 	 -4.144966258758093 
H 	 -54.90180871075029 	 3.8862441118008753 	 -2.36717271105772 
H 	 -58.253570234980124 	 11.254841645458617 	 -0.4733040847997315 
H 	 -57.91329970781606 	 12.461138657485506 	 1.5923109745331092 
H 	 -53.70641933675595 	 6.667816947648432 	 1.1515655954242658 
H 	 -52.98042067605451 	 8.030302969124085 	 3.0352482997971686 
C 	 -53.838929600999315 	 12.289202192408698 	 5.125520314955347 
C 	 -52.69878955811157 	 11.488069042479632 	 5.201860985647216 
C 	 -54.00944500906584 	 13.42630302851834 	 5.896884398447152 
C 	 -52.88565220818226 	 13.847618115442852 	 6.574249710317956 
C 	 -51.72749771606309 	 13.123226492808127 	 6.51464704259569 
C 	 -51.623756683673676 	 11.887348597904444 	 5.9086270819399225 
N 	 -52.60174591809299 	 14.947700797518158 	 7.377283076179353 
N 	 -50.688406336089095 	 13.652377185429897 	 7.16161175936127 
C 	 -51.280754872848654 	 14.815700667101726 	 7.628838808630218 
C 	 -50.679775928207796 	 15.750816768308825 	 8.500158748181443 
C 	 -53.348583931485244 	 15.97153032366539 	 7.833714124776474 
N 	 -54.528928735016606 	 15.935652190534695 	 7.61824209192177 
C 	 -52.743414999797714 	 16.941090423088472 	 8.776741018372563 
C 	 -51.40320771990546 	 16.791952820003154 	 9.08497360796615 
C 	 -50.813924761087144 	 17.61809884982827 	 10.056070269683715 
C 	 -53.506206367687064 	 17.877215575355887 	 9.320893033906174 
C 	 -52.95241167618775 	 18.839379345830718 	 10.158160430992421 
C 	 -51.63189512760011 	 18.635839727543726 	 10.650062403961742 
C 	 -49.369965285801435 	 15.478502758936552 	 9.019404443575175 
C 	 -48.734783047392845 	 16.340851890591733 	 9.932516336554785 
C 	 -49.43789976720239 	 17.417295691236692 	 10.436843678052762 
C 	 -50.933605505701806 	 19.68356750546076 	 11.458721129388346 
C 	 -48.982213988090045 	 18.161175721131258 	 11.600912379552966 
N 	 -49.704348549050245 	 19.30810595196904 	 11.942427227777394 
N 	 -51.435712905854125 	 20.62661792472169 	 12.05737059732071 
N 	 -48.210940687148394 	 17.62352890627728 	 12.466093489206338 
H 	 -54.779357584297145 	 14.159952026889068 	 5.73459778252783 
H 	 -50.76593884023378 	 11.328920364580823 	 5.8469141873889505 
H 	 -54.58072352671709 	 17.851670917906542 	 9.062049686282531 
H 	 -53.512701926560595 	 19.717637750868562 	 10.487647628039491 
H 	 -48.87265068949163 	 14.585327819221975 	 8.697680044152277 
H 	 -47.6685970743337 	 16.237046639185937 	 10.247425414816696 
C 	 -58.736582173369236 	 -0.35439915267767097 	 -14.678579401536371 
C 	 -58.9766902936006 	 0.7492848474049043 	 -13.916042117461336 
C 	 -58.266012251636326 	 -1.5338380701488297 	 -14.08455365109082 
C 	 -58.61170929978597 	 0.7321964359150647 	 -12.57756865592538 
C 	 -57.72815871551073 	 -1.4769511586227226 	 -12.825804946388223 
C 	 -57.92559404845783 	 -0.3248919504176552 	 -12.101201918309698 
C 	 -59.09076196192268 	 2.877514319497169 	 -11.49787375504362 
N 	 -59.95854624670439 	 3.2875976578260837 	 -12.264135455950791 
C 	 -59.32424407427342 	 4.890126833432749 	 -10.155020333636106 
C 	 -58.809684910159504 	 3.6072512366382203 	 -10.233697740357728 
C 	 -57.770789214192945 	 1.080720244885795 	 -10.582837419664592 
N 	 -58.430638052283065 	 1.6918355021269367 	 -11.60272557464838 
C 	 -59.00687857435805 	 5.658710588477822 	 -9.026086736482513 
C 	 -57.97527845583699 	 3.160195427822528 	 -9.26754294862997 
C 	 -57.38844969564438 	 1.8922625437252554 	 -9.410749242727903 
N 	 -57.30911388597569 	 -0.1752706130900858 	 -10.90701818373646 
C 	 -58.24902747491517 	 5.090471343738858 	 -7.982974709851693 
C 	 -57.77970979788457 	 3.8159566024709055 	 -8.057806676617142 
C 	 -56.64337177547213 	 1.2565546846260773 	 -8.417731513725558 
C 	 -57.98315477072153 	 5.95413774424752 	 -6.807285541289144 
C 	 -56.91622563251961 	 3.2788230973525447 	 -7.110595296744111 
H 	 -59.484138915298914 	 1.6081112575469676 	 -14.236555473337214 
C 	 -56.402680566227744 	 1.9192839548002931 	 -7.236475974750915 
C 	 -56.64754004840962 	 4.022298915592209 	 -5.979588198623766 
N 	 -58.35487598646572 	 7.104515236915522 	 -6.623038551883683 
N 	 -57.3021909589935 	 5.2605031278215675 	 -5.8472493929339935 
H 	 -57.221077421414165 	 -2.304628021431276 	 -12.425406857964918 
H 	 -59.89263048479838 	 5.357698725325017 	 -10.987258351551302 
N 	 -55.88872763959869 	 3.607554170096118 	 -4.966722666367571 
H 	 -59.39803124235238 	 6.737974822653915 	 -8.885127609494154 
H 	 -56.180902460630584 	 0.28579574169603406 	 -8.622311065389939 
H 	 -55.749877143216416 	 1.4603131538180623 	 -6.461363890714896 
H 	 -49.383450488619275 	 19.90975698581086 	 12.654668244135355 
H 	 -47.963341334865845 	 16.66361426741721 	 12.239241433138243 
N 	 -59.55476501629852 	 1.373112920698587 	 -16.97124290286162 
C 	 -59.349133455966054 	 0.15334101929836397 	 -17.09766548272502 
N 	 -59.002503524560936 	 -0.6357826130367564 	 -16.003213752085692 
C 	 -59.65123567208029 	 0.15517985001915607 	 -19.529622306083283 
C 	 -59.319472666340694 	 -0.5887303187317511 	 -18.410777326791223 
H 	 -59.899897907590514 	 1.1768996900769289 	 -19.433449582960648 
C 	 -58.67508213018621 	 -1.9684458763488792 	 -16.077389273558673 
N 	 -58.15174819749252 	 -2.508783761965104 	 -14.936674250650714 
C 	 -59.49318917903062 	 -0.3672782958814214 	 -20.756220770039665 
C 	 -59.023368650855744 	 -1.977941258200746 	 -18.48407730886742 
C 	 -58.60178427064776 	 -2.609482412728729 	 -17.34837021766756 
H 	 -59.711000836250555 	 0.19058539415377582 	 -21.610694181052896 
C 	 -59.29180490212298 	 -1.7596883678908992 	 -20.919616872214473 
C 	 -59.03369761390947 	 -2.522960016387246 	 -19.778211606649894 
C 	 -58.27552388177514 	 -3.9562505804222834 	 -17.532262223012168 
C 	 -59.13220512219894 	 -2.3354348718066125 	 -22.326219376389595 
N 	 -59.306286952028216 	 -1.6380666665807828 	 -23.30064478613089 
C 	 -58.71032978648645 	 -3.879593012954361 	 -19.92792125690975 
C 	 -58.362145110007624 	 -4.5915466650987575 	 -18.79713510489224 
H 	 -58.05624319460046 	 -4.53714925399132 	 -16.619096897444265 
C 	 -58.777162832466715 	 -4.492324790076692 	 -21.23266107941605 
N 	 -58.85196830302136 	 -3.6824344268347673 	 -22.366323976190422 
C 	 -58.65627243864909 	 -4.58123209685306 	 -23.40282978383868 
C 	 -58.41898001800882 	 -4.321784162907169 	 -24.747796315143702 
N 	 -58.48846846692994 	 -5.772035987806011 	 -21.497693990528223 
H 	 -58.23773287434458 	 -5.672976016233638 	 -18.92323249457843 
C 	 -58.50610104233274 	 -5.801783377756148 	 -22.830283490506382 
H 	 -58.382650438538604 	 -3.289551242049376 	 -25.071612126398826 
N 	 -58.09998137247971 	 -3.439521905987698 	 -27.582381915920887 
C 	 -58.163598013907894 	 -5.440134054024972 	 -25.495540046927434 
C 	 -57.60210415926409 	 -4.522983387180539 	 -27.748320433052637 
C 	 -58.26797758603416 	 -6.923967706571819 	 -23.622203569623377 
C 	 -58.00153976823653 	 -6.708884735124071 	 -24.991028423734203 
N 	 -57.8056845124196 	 -5.541553444497517 	 -26.844497971082777 
C 	 -56.55260672746063 	 -4.098453106266647 	 -30.01918287429931 
C 	 -56.88221440402249 	 -4.944053281464687 	 -29.00235412739636 
H 	 -56.90475265899077 	 -3.091265544063447 	 -30.026513624144293 
C 	 -57.308354049714545 	 -6.817339846065344 	 -26.911759087739426 
C 	 -55.80314430623487 	 -4.431564305177857 	 -31.128594186581104 
N 	 -57.49463599938417 	 -7.610044331045942 	 -25.816148533360785 
C 	 -56.49588219388083 	 -6.287319082029274 	 -29.156226226744945 
H 	 -57.99497224509231 	 -7.884488425421432 	 -23.16374989405601 
C 	 -56.68814366315206 	 -7.20482824109797 	 -28.12544972938321 
C 	 -55.23821032936432 	 -5.662189723674438 	 -31.20669639952023 
H 	 -55.71153107374115 	 -3.7101825942678213 	 -31.97724155719652 
C 	 -55.60627173817539 	 -6.615317905431332 	 -30.211379294357393 
C 	 -56.21706344320194 	 -8.526196409248342 	 -28.276335661991126 
C 	 -54.40376436278819 	 -6.027448306433211 	 -32.355447722018134 
N 	 -54.05028734963293 	 -5.248850759391942 	 -33.25521947352684 
C 	 -55.040626611546465 	 -7.947002334482338 	 -30.242055684785946 
C 	 -55.42462081478655 	 -8.9237558555127 	 -29.34104383229063 
C 	 -54.11478669358713 	 -8.221085443460954 	 -31.289814354305022 
N 	 -53.999919079651775 	 -7.337107595187898 	 -32.37181174524546 
H 	 -56.42116284186354 	 -9.350458172686128 	 -27.636466569003115 
C 	 -52.93458589454886 	 -7.956394051522763 	 -33.14846897075282 
C 	 -52.178199525804466 	 -7.456800220027124 	 -34.20480468364773 
N 	 -53.181314181020284 	 -9.21403568252163 	 -31.230840447115256 
C 	 -52.51030954455433 	 -8.992213520871742 	 -32.319010664626425 
H 	 -55.07145874128257 	 -9.984215105502876 	 -29.42193899790408 
N 	 -50.49448605601293 	 -6.2967176638504325 	 -36.72694939559601 
H 	 -52.452952160816466 	 -6.5143446931922515 	 -34.76985336924594 
C 	 -50.94108679873556 	 -8.158242875121498 	 -34.363309443126134 
C 	 -49.604053091256645 	 -6.872975368161573 	 -36.145734536467685 
C 	 -51.345423145915774 	 -9.708746825272781 	 -32.537756267404106 
C 	 -50.562551617294105 	 -9.319293817603475 	 -33.612972689452455 
N 	 -49.79020546296769 	 -7.8086044585249565 	 -35.16763241653592 
C 	 -47.865045094692455 	 -5.548671073758211 	 -37.24565858962822 
C 	 -48.192585824379776 	 -6.71276956122981 	 -36.52083746172347 
C 	 -48.86592666488587 	 -8.739461357142172 	 -34.72664389748716 
H 	 -48.687829334433616 	 -4.854883919472449 	 -37.60912428855244 
N 	 -49.27875018004107 	 -9.687717506569072 	 -33.82064253438464 
C 	 -46.52628441438569 	 -5.367531043783463 	 -37.575675414803854 
C 	 -47.16275687816051 	 -7.5665113744390196 	 -36.034502802546555 
H 	 -50.938725915704055 	 -10.439962663453747 	 -31.897854472103116 
C 	 -47.49356951486475 	 -8.589407688728251 	 -35.15297629021411 
C 	 -45.551303232016004 	 -6.224847375019773 	 -37.15273586037059 
C 	 -45.85151659741988 	 -7.301552331635366 	 -36.31779671738741 
C 	 -46.45122257672314 	 -9.279122854498047 	 -34.60108298648759 
H 	 -46.30838311849318 	 -4.433308336277774 	 -38.155705112409144 
C 	 -44.09761227908081 	 -5.878083889939797 	 -37.536327938854356 
C 	 -44.754362539186296 	 -7.986826500659891 	 -35.74664451055756 
N 	 -43.75445635216287 	 -4.887528829746211 	 -38.160590077468036 
C 	 -45.07504515741806 	 -8.958740192185948 	 -34.82374473068527 
H 	 -46.68143380296709 	 -9.981829510901889 	 -33.83636616616259 
C 	 -43.371593032681744 	 -7.599289842582696 	 -36.014779206495106 
N 	 -43.166346780132294 	 -6.650944556678524 	 -36.96169686310442 
C 	 -41.75068473334777 	 -6.502255219986479 	 -36.85081175484599 
N 	 -42.33821165278773 	 -7.931701668646959 	 -35.20058819072679 
C 	 -40.82797373278232 	 -5.692255265123623 	 -37.48909555318488 
H 	 -44.26920259427338 	 -9.469353837775676 	 -34.390374650075785 
C 	 -41.33717878448942 	 -7.329341371911874 	 -35.79051716640218 
H 	 -41.16468598441987 	 -5.036772133209164 	 -38.40059885712491 
C 	 -39.53076312576005 	 -5.759553675183872 	 -37.00066430132059 
C 	 -40.029133318809514 	 -7.34972804269821 	 -35.35701152008252 
C 	 -39.122753488663136 	 -6.626997268639766 	 -36.07604677558106 
H 	 -39.803366626564205 	 -7.985286639196472 	 -34.573011188031856 
N 	 -38.91697529508629 	 -3.8278837495193465 	 -39.13702319412015 
C 	 -38.01423141352929 	 -4.387077343277336 	 -38.58290367485669 
N 	 -38.315633282152916 	 -5.204402273804062 	 -37.56229263829914 
C 	 -37.383748054051594 	 -5.718652577601183 	 -36.663529380693966 
N 	 -37.85481745959372 	 -6.553028816700729 	 -35.6774763401948 
C 	 -36.573214540263855 	 -4.071783205376335 	 -38.7694759585075 
C 	 -36.06089406764451 	 -3.3480638309321225 	 -39.89435953198905 
C 	 -36.0279538447461 	 -5.238687548763046 	 -36.66656842036763 
C 	 -35.65052837734775 	 -4.383604446436706 	 -37.715812322747354 
C 	 -34.749833127412884 	 -2.959537344888124 	 -39.96386396057163 
C 	 -35.09378578879556 	 -5.715455757625903 	 -35.764967320627726 
H 	 -36.76314993303414 	 -3.1380798440989435 	 -40.69651137883261 
C 	 -34.34341910257748 	 -3.992561671277739 	 -37.77926762294159 
C 	 -33.89339261409173 	 -3.212745464950818 	 -38.85667357852363 
C 	 -33.79025722871996 	 -5.175268136091201 	 -35.696357922739935 
C 	 -33.43002173131288 	 -4.363865145930884 	 -36.772652084908486 
C 	 -32.51985713386317 	 -2.697287201277182 	 -38.95286955133682 
H 	 -34.36871503281068 	 -2.3451534020562432 	 -40.788702423233566 
N 	 -32.19656484614738 	 -1.8685036975073033 	 -39.79300536937706 
H 	 -35.376183358515114 	 -6.467628134112653 	 -35.05402633843615 
C 	 -32.04233746970843 	 -4.021598274046935 	 -37.00306782454393 
N 	 -31.74568921106499 	 -3.1133190446704395 	 -38.0103727016343 
C 	 -30.37174226384065 	 -2.7962191593480448 	 -37.65486934113897 
N 	 -31.075415699799965 	 -4.298442572246744 	 -36.09962245434509 
C 	 -29.488371833400613 	 -1.960297303094464 	 -38.27184040137615 
C 	 -30.07713244742875 	 -3.5389494901278225 	 -36.58539329050926 
H 	 -33.186805149028 	 -5.362370977359894 	 -34.84293889206883 
C 	 -28.260122230260208 	 -1.8686583220462605 	 -37.6376302893272 
N 	 -27.57249463992874 	 0.04979810601554676 	 -39.772940523320585 
C 	 -28.863982631916606 	 -3.4477771635822663 	 -35.9617664814894 
C 	 -26.782350529876027 	 -0.1366939375632808 	 -38.88606233951174 
C 	 -27.93032738102419 	 -2.589874966694819 	 -36.52230541446423 
H 	 -29.839642170882605 	 -1.2730202695869322 	 -39.03843635904076 
N 	 -27.159135096981984 	 -1.0075996935560283 	 -37.86604874141057 
C 	 -25.214813109112313 	 1.6051297608158965 	 -39.532045719152165 
C 	 -25.539633781238937 	 0.5930802367734201 	 -38.68456921948762 
C 	 -26.288695376043805 	 -1.352208559725444 	 -36.82829186820868 
N 	 -26.734019364528727 	 -2.287972949298258 	 -35.96024213162208 
C 	 -24.00329219819334 	 2.2483245748589042 	 -39.463272999020816 
C 	 -24.60928025941924 	 0.29686885861270856 	 -37.626331619238336 
C 	 -24.984570602198907 	 -0.6924134970166805 	 -36.711871666729444 
H 	 -25.878369599363484 	 1.9574510152167415 	 -40.298291831073435 
H 	 -28.75428601466155 	 -4.024726615017383 	 -35.04710320982012 
C 	 -23.090045913816564 	 1.9602404085342373 	 -38.41440864047744 
C 	 -23.44194678740537 	 1.007831493308763 	 -37.46457836275519 
C 	 -24.153287381368582 	 -0.9371492945927756 	 -35.58171792317492 
C 	 -21.839750279509055 	 2.728522952366077 	 -38.20314728461029 
C 	 -22.59687002763065 	 0.6934508783994893 	 -36.34869358266745 
N 	 -21.39643918085509 	 3.4984493247406263 	 -39.058050457442114 
C 	 -22.939378013668517 	 -0.2672858166406632 	 -35.414753680525635 
H 	 -23.83257783801505 	 3.044364246035536 	 -40.09471490965183 
C 	 -21.406578402561493 	 1.4819702642040977 	 -36.12639186710768 
N 	 -21.137796555948245 	 2.4745361468254097 	 -37.01747458391184 
C 	 -19.91596009828165 	 3.024766168894634 	 -36.446513535293946 
C 	 -18.987137562611228 	 3.9136112645793775 	 -36.91315955519435 
H 	 -24.437317211967745 	 -1.6617810521499794 	 -34.8221966884391 
N 	 -20.587710215744604 	 1.3368360502083945 	 -35.03178667806573 
C 	 -19.68861699082889 	 2.3188792391233695 	 -35.24704266739401 
C 	 -17.9262591746529 	 4.229202274703064 	 -36.08158159998203 
N 	 -17.10120096618556 	 5.7906804399011556 	 -38.30367245109755 
C 	 -18.626987206722564 	 2.6421194173832183 	 -34.428026411506025 
C 	 -16.477054017838594 	 5.810513098536922 	 -37.25057452785874 
H 	 -22.371830662177516 	 -0.571856608824772 	 -34.54503388990931 
C 	 -17.770333291099952 	 3.6321843155311213 	 -34.85801792675559 
H 	 -18.98634314664611 	 4.265207139348913 	 -37.91845516714567 
N 	 -16.89980832737554 	 5.114813272312459 	 -36.18168345257137 
C 	 -14.604151434006425 	 7.2454881319621585 	 -38.17160734140557 
C 	 -15.155649128467154 	 6.5197314855044235 	 -37.13410888357404 
C 	 -16.21526504559127 	 4.873401135113301 	 -35.100074159121355 
N 	 -16.715578584089073 	 4.057806261836397 	 -34.1836683393619 
C 	 -13.44227237372734 	 7.915493701570669 	 -37.960007492103905 
C 	 -14.44315319341762 	 6.334146711304038 	 -35.94862694434176 
C 	 -14.943779493387506 	 5.474524809884162 	 -34.95633717479678 
H 	 -15.135487976545646 	 7.2297472144413275 	 -39.13892801433992 
C 	 -12.693088763624406 	 7.8247105827998436 	 -36.790224773060686 
H 	 -18.310434394579975 	 2.136662415838726 	 -33.536943598117865 
C 	 -13.236521475480975 	 7.039255553713505 	 -35.75276225934206 
C 	 -14.262351957752893 	 5.463385573647504 	 -33.75432194113567 
C 	 -11.398838419901113 	 8.51958173568473 	 -36.625208628132725 
C 	 -12.561649395306397 	 7.003195856957267 	 -34.51840681670349 
C 	 -13.0834234027167 	 6.103388609966637 	 -33.54213581079143 
H 	 -13.19076703803555 	 8.491082083904658 	 -38.835854323651354 
N 	 -10.924898701908276 	 9.325991488274402 	 -37.41822509586374 
C 	 -11.330564252566235 	 7.668884861457577 	 -34.34209592782131 
N 	 -10.732007691001323 	 8.262015071052394 	 -35.481634028605946 
H 	 -14.686846448587897 	 4.908802022070613 	 -32.85610741544232 
C 	 -9.55207599536321 	 8.889773530079085 	 -34.93225707758065 
N 	 -10.592825034137846 	 7.699106799528834 	 -33.22099698661583 
C 	 -8.554211837825818 	 9.705351812131143 	 -35.44431399571602 
C 	 -9.548479455139935 	 8.444855933476067 	 -33.64140291747384 
H 	 -12.562238175528028 	 5.909818536115873 	 -32.59248699156009 
C 	 -8.519390552999626 	 8.745394415532141 	 -32.76366842065762 
C 	 -7.51840628058466 	 10.003002442485037 	 -34.564404299316095 
N 	 -6.087434552031567 	 10.795427000010761 	 -37.035871639993715 
H 	 -8.466962492538972 	 10.086021698213408 	 -36.48081582206394 
C 	 -7.548759063946219 	 9.546033162903097 	 -33.21270287824082 
C 	 -5.633714899657249 	 11.024708709148612 	 -35.9056762170195 
N 	 -6.270029612704189 	 10.660413797842615 	 -34.79269854291545 
C 	 -5.859003763399812 	 10.756555779625431 	 -33.46778307000108 
N 	 -6.614074456876409 	 10.14709299305983 	 -32.52468300659036 
C 	 -4.357656034332259 	 11.727227862416505 	 -35.63947290271034 
H 	 -8.484613920497402 	 8.378847315119616 	 -31.814729428956525 
C 	 -3.6536770375718968 	 12.274802143149369 	 -36.680149469461725 
C 	 -4.597990427076033 	 11.442633464680746 	 -33.23350278434874 
C 	 -3.916950967485039 	 11.878711259480193 	 -34.33100443173943 
H 	 -4.054547223863106 	 12.064538376166283 	 -37.69153975065664 
C 	 -2.4662087675856257 	 12.971671107952055 	 -36.43931761430161 
C 	 -4.0761768681213475 	 11.559896238727456 	 -31.95810087261114 
C 	 -2.7346575199357943 	 12.633782509101033 	 -34.09581390240227 
C 	 -2.0084179686363677 	 13.157115997277284 	 -35.17183105880383 
C 	 -2.883859661411559 	 12.262237515326028 	 -31.791587358677532 
C 	 -2.1986162603538113 	 12.767087737771433 	 -32.85199025559171 
H 	 -4.56858088891004 	 11.186760694583754 	 -31.099275575858023 
H 	 -1.922508735417879 	 13.265751848843996 	 -37.33208517359065 
C 	 -0.560568463079455 	 13.63582610198005 	 -34.936727561955024 
N 	 0.22119494372471757 	 13.871304396158484 	 -35.85887954373833 
C 	 -0.9641769892066737 	 13.511872875909617 	 -32.64619220692074 
N 	 -0.20086935303421685 	 13.830233581175545 	 -33.674129399677646 
H 	 -2.479989640190598 	 12.260579578661691 	 -30.80201974039044 
N 	 -0.48410965263297273 	 13.807445998240846 	 -31.43444614670481 
C 	 0.906845006317258 	 14.552315466926265 	 -33.049140680154174 
C 	 0.6318955808025409 	 14.497165849600636 	 -31.71507562040211 
C 	 1.9772068243908858 	 15.293126246175218 	 -33.47479879581901 
C 	 1.4357563539200928 	 15.104841709598178 	 -30.770745348362727 
H 	 2.325807151485484 	 15.295925913083238 	 -34.49994183240137 
C 	 2.799267213657961 	 15.971174025497236 	 -32.55106916782324 
C 	 2.5334193584245064 	 15.899602367520648 	 -31.20626352292089 
H 	 1.3164381971741437 	 14.918556770500096 	 -29.711104937676602 
H 	 3.599388487403541 	 16.61333217657329 	 -32.88182888590011 
H 	 3.0545804376986294 	 16.547835243954236 	 -30.52191039955585 
