C 	 -27.152717227776396 	 46.80476005625056 	 26.626106910717567 
C 	 -26.745975369321364 	 47.56909501995061 	 25.58262373446349 
C 	 -28.04740257791685 	 47.196329733318066 	 27.597024859776706 
C 	 -28.681876248011758 	 48.40391186377327 	 27.30930895343516 
C 	 -28.367255559073488 	 49.1187289169725 	 26.15678917658926 
C 	 -27.422037962930084 	 48.69323732506053 	 25.276579179723875 
N 	 -29.78230772011032 	 49.04523580388492 	 27.89796811852628 
N 	 -29.198245122047844 	 50.17544626164995 	 25.929604531131268 
C 	 -30.061213988914243 	 50.010307184038155 	 26.966938558112695 
C 	 -31.169000819924165 	 50.893209449170676 	 27.24098629993281 
C 	 -30.58428311603308 	 48.76563969607981 	 29.00006580163175 
N 	 -30.431731459299595 	 47.732188506589296 	 29.607355225558987 
C 	 -31.742513595956538 	 49.63477059435458 	 29.27153713440063 
C 	 -31.98040529020778 	 50.71839916706467 	 28.412102241801144 
C 	 -33.06272835959879 	 51.537842364256605 	 28.59007434607336 
C 	 -32.673587630555254 	 49.39896490203793 	 30.294234269740684 
C 	 -33.747982316297765 	 50.23631961726241 	 30.49460651702124 
C 	 -33.981776617289505 	 51.30831190413719 	 29.62300586752291 
C 	 -31.40506699950674 	 51.98358442843743 	 26.44185509356195 
C 	 -32.47441639214292 	 52.81603662881424 	 26.643353274375375 
C 	 -33.31876809283126 	 52.6032136850337 	 27.733162720943024 
C 	 -35.09143501637501 	 52.292203542424296 	 29.951620925204043 
C 	 -34.408269071864005 	 53.53151071332378 	 27.9531903064893 
N 	 -35.22934992664508 	 53.27761842104932 	 29.07771049290004 
N 	 -35.853224171510305 	 52.15987041130027 	 30.922822019458224 
N 	 -34.721626019860466 	 54.56333943251951 	 27.17250317439188 
H 	 -28.43009824689805 	 46.54880837035304 	 28.391623889241338 
H 	 -27.116306293732787 	 49.165584552682425 	 24.36333177106758 
H 	 -32.64427762955627 	 48.48479202284563 	 30.88375120687201 
H 	 -34.2644551478842 	 50.147083202486954 	 31.45440664672877 
H 	 -30.730447339041316 	 52.065374399362696 	 25.563200473523267 
H 	 -32.61235965784672 	 53.68283661083652 	 25.99007365672204 
C 	 -36.14737238855191 	 54.311664082908024 	 29.04731501972836 
C 	 -35.73042357581775 	 55.05719242444744 	 27.917544292854508 
C 	 -37.26047686368756 	 54.62908496253228 	 29.852670544188797 
C 	 -37.85083026371795 	 55.82356176395596 	 29.54817587158288 
C 	 -37.5882602712438 	 56.46592761264551 	 28.374040144534213 
C 	 -36.61031093668904 	 56.0422389474485 	 27.497537655574924 
N 	 -38.98938171713972 	 56.41495662407775 	 30.146025940625055 
N 	 -38.4319338944923 	 57.42262564485467 	 28.140800344044766 
C 	 -39.29493904446902 	 57.389609526025936 	 29.206198193615272 
C 	 -40.347633982317944 	 58.30856650736533 	 29.397503420057294 
C 	 -39.75376867431031 	 56.230622288566764 	 31.255857301877022 
N 	 -39.423289016956765 	 55.42569481838529 	 32.0884742569444 
C 	 -40.90665878629389 	 57.12438601196451 	 31.456260226050855 
C 	 -41.143155964487136 	 58.133066260512294 	 30.538498431639077 
C 	 -42.284390663457444 	 58.99591194294368 	 30.673621696033287 
C 	 -41.685548901624855 	 57.0507929330789 	 32.64336148534274 
C 	 -42.76025109365659 	 57.908611487955945 	 32.79775153572922 
C 	 -43.08647120402271 	 58.88071452134191 	 31.873058657977598 
C 	 -40.621878434775134 	 59.2720975016831 	 28.452435493043133 
C 	 -41.706862949554946 	 60.20469796670858 	 28.659556738511306 
C 	 -42.554744398884736 	 59.993122004833424 	 29.755231626454105 
C 	 -44.24291736705063 	 59.86982021011665 	 32.097873504245754 
C 	 -43.608417873863736 	 60.92441458378739 	 29.979710910483387 
N 	 -44.372883404185664 	 60.86786505152071 	 31.13073490266232 
N 	 -44.90654460568577 	 59.85746759267773 	 33.11674437877258 
N 	 -43.94607633545536 	 -60.99657187655612 	 29.203959437463727 
H 	 -37.604218105877536 	 54.01080667104293 	 30.674751639021345 
H 	 -36.47007283821796 	 56.42086598501987 	 26.4762170977071 
H 	 -41.40513986451855 	 56.363804759268795 	 33.45885836912723 
H 	 -43.40692605034376 	 57.77045350039099 	 33.680594801311685 
H 	 -39.94189109084175 	 59.387092788686935 	 27.56593990628504 
H 	 -41.881347660578676 	 61.00797035742804 	 27.952684124784398 
C 	 -18.251422372209326 	 39.06048241464063 	 24.602723863314658 
C 	 -19.49218434701355 	 39.27632901027283 	 25.27180711305437 
C 	 -17.707377536574086 	 40.03513666931434 	 23.763360287693317 
C 	 -20.096067249950917 	 40.5017919584832 	 24.968144296855122 
C 	 -18.327396721651716 	 41.19759138759291 	 23.51951926232889 
C 	 -19.55435324559833 	 41.42827053240125 	 24.120306683738985 
C 	 -22.144871419138543 	 40.76404102704991 	 26.396918810226254 
N 	 -22.06719992229405 	 39.70284552818771 	 26.95811569340832 
C 	 -23.997167060900754 	 41.59054904685865 	 27.825952567597582 
C 	 -23.123712165764772 	 41.85559960083912 	 26.801613389020098 
C 	 -21.31916265495275 	 42.226029060734184 	 24.667295381482266 
N 	 -21.342968762455563 	 41.017795233065826 	 25.34715104210594 
C 	 -25.052182090735293 	 42.52360161904566 	 28.00426550570291 
C 	 -23.17545678592896 	 42.99620400375 	 26.02437557277549 
C 	 -22.319720148402144 	 43.18531355306736 	 24.93723718387549 
N 	 -20.292840771722993 	 42.56163003740389 	 23.916318291060808 
C 	 -25.102935076215775 	 43.6930171816427 	 27.265582465973996 
C 	 -24.16633791018541 	 43.949010074107065 	 26.28731869306936 
C 	 -22.372146257649398 	 44.440742504891375 	 24.21326422451634 
C 	 -26.208446130279444 	 44.58435143811018 	 27.517129974454697 
C 	 -24.233357358772917 	 45.16997770678088 	 25.592406782408588 
H 	 -19.912665502632663 	 38.53439224832545 	 25.975669167774896 
C 	 -23.27605426708786 	 45.42941956428803 	 24.596606194306524 
C 	 -25.340402574329985 	 46.03278694373655 	 25.737887357720048 
N 	 -27.083301467365644 	 44.38923564226439 	 28.31348092320679 
N 	 -26.214372421122455 	 45.721298247616744 	 26.741568070183224 
H 	 -17.97877131128923 	 41.90287591363359 	 22.813300580555044 
H 	 -23.931016321909144 	 40.64039007252091 	 28.360493799845358 
N 	 -25.646402397775788 	 47.13147510485168 	 24.94517919708471 
H 	 -25.815196337253678 	 42.33267923486455 	 28.741668044178436 
H 	 -21.61690732561318 	 44.711203144633885 	 23.48902759727398 
H 	 -23.20582763610375 	 46.445985879129985 	 24.111889614909035 
H 	 -45.002711219410834 	 -61.3078372057226 	 31.34940626027773 
H 	 -44.77918821551132 	 -61.289337554069554 	 28.655854900546807 
N 	 -18.095889316300873 	 36.696736385867396 	 26.28665151813476 
C 	 -17.21034195919083 	 36.92007668599348 	 25.478171109498817 
N 	 -17.267028715805203 	 38.05368716410436 	 24.748083358715267 
C 	 -15.892568541085268 	 34.72075680942307 	 25.806287575281377 
C 	 -16.07036038145403 	 35.950709867654595 	 25.135589542169132 
H 	 -16.646876633893623 	 34.42659999254814 	 26.53995969460858 
C 	 -16.297738659792838 	 38.47766862643171 	 23.82126517781536 
N 	 -16.5005410647122 	 39.68156503291552 	 23.2214583119372 
C 	 -14.827676501361633 	 33.855283997064426 	 25.555310906431927 
C 	 -15.053144543295481 	 36.32433775493239 	 24.285425539974153 
C 	 -15.18536085860221 	 37.53440391672835 	 23.603365724088267 
H 	 -14.895787249411242 	 32.869047765497314 	 25.82419400695412 
C 	 -13.802412599480688 	 34.265216092261 	 24.745253306756318 
C 	 -13.909477153888565 	 35.525721033718455 	 24.11329518788371 
C 	 -14.130388292285886 	 37.913103648508425 	 22.764226334609482 
C 	 -12.666633729138367 	 33.40661410782273 	 24.445119329772616 
N 	 -12.672310159430495 	 32.35009790195006 	 25.006891706962104 
C 	 -12.90770431391826 	 35.892801317031676 	 23.228644530189786 
C 	 -13.027119009386277 	 37.08078895693113 	 22.544550228786356 
H 	 -14.152178942204738 	 38.802141703224905 	 22.160811566913708 
C 	 -11.798125264083854 	 35.06029029982968 	 23.02802229194609 
N 	 -11.773384875201785 	 33.818177238188056 	 23.575512405696305 
C 	 -10.496541237678834 	 33.38303100855351 	 23.210826594712266 
C 	 -9.771801760094128 	 32.24170870822748 	 23.614383440883454 
N 	 -10.751542377996849 	 35.41411915554228 	 22.257635305909155 
H 	 -12.264868950262816 	 37.4682473465386 	 21.901702407094714 
C 	 -9.930150973357515 	 34.36365601872233 	 22.42798967359086 
H 	 -10.406164898714694 	 31.600316739151644 	 24.319747342883428 
N 	 -8.306668363467121 	 29.80240841611031 	 24.844192754069756 
C 	 -8.443565203635186 	 32.147261006875645 	 23.0839864490889 
C 	 -7.457761037373152 	 30.096691403237898 	 24.042214751913413 
C 	 -8.653328026228928 	 34.25815559482098 	 21.901206889496837 
C 	 -7.951911696428835 	 33.14482144747563 	 22.2666732228336 
N 	 -7.534157182051074 	 31.12366515962803 	 23.20513354472776 
C 	 -6.063733485518172 	 28.088845381501578 	 24.634502721708696 
C 	 -6.1764125569574775 	 29.306583095840125 	 23.92756999165043 
H 	 -6.959774285142126 	 27.55994984279634 	 24.969481611600113 
C 	 -6.50442037295167 	 31.698635202549617 	 22.473563986617425 
C 	 -4.834724636996212 	 27.36400688665657 	 24.564209684902284 
N 	 -6.72791939137986 	 32.90857209061224 	 21.91111842051418 
C 	 -5.113617726765582 	 29.74790278542137 	 23.070840820551314 
H 	 -8.108458419793692 	 34.97217972020679 	 21.32956381897912 
C 	 -5.286160910764468 	 30.921554923307088 	 22.32716281830371 
C 	 -3.8406520083526856 	 27.755277173614008 	 23.68611242622182 
H 	 -4.811040077185474 	 26.443077022679113 	 25.15497691885513 
C 	 -3.931426788792162 	 28.966909057431728 	 23.006525340777465 
C 	 -4.2224139940272805 	 31.315496649061256 	 21.50090535178548 
C 	 -2.618280158479981 	 26.890956735964195 	 23.573931564320194 
N 	 -2.5971640318773876 	 25.77459935714967 	 24.046854699273442 
C 	 -2.885522596774184 	 29.3926275139714 	 22.134061043669078 
C 	 -3.028582438223346 	 30.566917247396926 	 21.339443555636908 
C 	 -1.6984746243435773 	 28.636812601813713 	 22.095546101348752 
N 	 -1.6352936228673711 	 27.476661908819835 	 22.847958669126847 
H 	 -4.286067663827401 	 32.205447551858526 	 20.915458538405282 
C 	 -0.3905743524674752 	 27.025453560418796 	 22.52929192606035 
C 	 0.3225761212841266 	 26.0347608431096 	 23.15129491672702 
N 	 -0.734462801281953 	 28.948274343606474 	 21.26806697409894 
C 	 0.10222428280494769 	 27.905831416765587 	 21.593735086249286 
H 	 -2.332124340315814 	 30.880044772561316 	 20.635522724913496 
N 	 2.014888045781534 	 24.027994633425127 	 24.791519912483867 
H 	 -0.04858635427201856 	 25.320577496519284 	 23.854737113791384 
C 	 1.6246573818832328 	 25.969637620201972 	 22.627722777915142 
C 	 2.9074274684500727 	 24.17745784650147 	 23.961747203719824 
C 	 1.275220222550701 	 27.65588833456432 	 20.987144785343403 
C 	 2.070041344724095 	 26.71599827108401 	 21.5972283825806 
N 	 2.6688601862906047 	 25.063935071417454 	 22.92092986112344 
C 	 4.635562924530325 	 22.847982146336015 	 25.195972251277844 
C 	 4.321311715067578 	 23.715509798020385 	 24.14671802220174 
C 	 3.6311886240900817 	 25.51358472547381 	 22.05947173971461 
H 	 3.885259634738233 	 22.52306143568543 	 25.89572552033456 
N 	 3.3641425154069076 	 26.567450095382426 	 21.29263144345919 
C 	 5.959104035066443 	 22.68359511011791 	 25.58506150253921 
C 	 5.33669120169609 	 24.22702515562597 	 23.357408839552075 
H 	 1.7564735203316488 	 28.268397113946985 	 20.266654434296967 
C 	 5.007049760540466 	 25.05708707099602 	 22.265625348765827 
C 	 7.010893991189904 	 23.32020254213076 	 24.867154577437105 
C 	 6.677363362377249 	 24.005549583343136 	 23.669576437176705 
C 	 6.036321065983833 	 25.591877766229437 	 21.47138509473527 
H 	 6.203544613546338 	 22.05517651332814 	 26.487421714245215 
C 	 8.39103499611373 	 23.172783690806433 	 25.337091167198608 
C 	 7.708155863412371 	 24.591721823660727 	 22.911129151999233 
N 	 8.660223622677913 	 22.712211290244287 	 26.414357599660914 
C 	 7.356173653105302 	 25.33796429731726 	 21.803675807255452 
H 	 5.821666772024031 	 26.26282634323141 	 20.644330608295274 
C 	 9.117606354741133 	 24.21961210577603 	 23.25549781071822 
N 	 9.351207127616265 	 23.57581691128363 	 24.493846172226803 
C 	 10.759593878805198 	 23.739444939303354 	 24.57136800745455 
N 	 10.193861246102072 	 24.863316589780975 	 22.651151712948646 
C 	 11.667576328821813 	 23.262827892159137 	 25.523075438268688 
H 	 8.131146633770362 	 25.807561293264335 	 21.21418890783275 
C 	 11.161325038165598 	 24.554116400851452 	 23.524538059172222 
H 	 11.380062436273958 	 22.523055844969885 	 26.309619409509466 
C 	 12.976735429515875 	 23.688888822472336 	 25.286205249576742 
C 	 12.512667434879797 	 24.83984473329555 	 23.250726780493153 
C 	 13.396304373566979 	 24.416831166423275 	 24.226782304201134 
H 	 12.745868786529085 	 25.429805570436713 	 22.408695678134315 
N 	 13.531867893533002 	 22.164478141328686 	 27.879883451198236 
C 	 14.344505737547836 	 22.88854741288388 	 27.30271336566601 
N 	 14.077595678433909 	 23.60210467962251 	 26.192957596866243 
C 	 15.030547664339375 	 24.383663259627085 	 25.483897119231127 
N 	 14.652941433565443 	 24.902277002300064 	 24.32821621079193 
C 	 15.762860388209686 	 23.10839119796509 	 27.816614144524213 
C 	 16.096995066410905 	 22.57528884887006 	 29.106998589850086 
C 	 16.308837613336728 	 24.60790779468257 	 26.037828644936283 
C 	 16.663524248644155 	 24.001913483772768 	 27.278045108694844 
C 	 17.28709479767653 	 22.821437172822144 	 29.75826458876404 
C 	 17.220828791788424 	 25.455844497028302 	 25.409112427337252 
H 	 15.34595992123747 	 21.94024397484097 	 29.67458333822854 
C 	 17.900698295014063 	 24.30281211368691 	 27.92271684140724 
C 	 18.214172490189714 	 23.71039572779354 	 29.140008955469824 
C 	 18.414481554853726 	 25.69169464354498 	 26.04135025269351 
C 	 18.773405015548505 	 25.09867576733567 	 27.25783710830386 
C 	 19.596763197385215 	 23.808811998915427 	 29.690648417905805 
H 	 17.519197996616096 	 22.433929074011346 	 30.740274150451828 
N 	 20.083845132496673 	 23.178236346254735 	 30.618893525813476 
H 	 17.02244766690277 	 25.94290992956757 	 24.48755688464086 
C 	 20.127750604905014 	 25.24060191304356 	 27.770037678753692 
N 	 20.399934740944005 	 24.68903032216335 	 28.991434045424008 
C 	 21.66345999673968 	 25.16885778370009 	 29.220396692713994 
N 	 21.089235245178585 	 26.12483458106898 	 27.26992014971338 
C 	 22.634284278562536 	 24.854919243083533 	 30.2430879747515 
C 	 22.03743750365006 	 25.965497008866603 	 28.182514250601287 
H 	 19.252559180515785 	 26.330828635580414 	 25.633477295930042 
C 	 23.802862073865285 	 25.570083296674692 	 30.14400970446608 
N 	 24.20355553707214 	 24.40446099340212 	 32.783644254698615 
C 	 23.224203791642573 	 26.629773262539526 	 28.07532782024029 
C 	 25.056110845223202 	 25.158791180924027 	 32.30207068136296 
C 	 24.09367123329996 	 26.402327201533847 	 29.083178244315977 
H 	 22.417384868743163 	 24.208120018365513 	 31.055542813562994 
N 	 24.837839104833062 	 25.728376853453508 	 31.095617343387076 
C 	 26.68505995848185 	 24.774201210942614 	 34.09321510167079 
C 	 26.387662990487126 	 25.373513940120343 	 32.893051368817495 
C 	 25.69158033459659 	 26.52258819056604 	 30.417101302325158 
N 	 25.26681160113109 	 27.010854099003357 	 29.272181546077892 
C 	 27.918280031631152 	 25.029799035262425 	 34.68229497332874 
C 	 27.3307430643734 	 26.135184177473864 	 32.24621438739742 
C 	 26.954885591470546 	 26.778776666102615 	 31.043483949623322 
H 	 25.946113132051128 	 24.15072100398606 	 34.64607316629372 
H 	 23.36723492356153 	 27.38952231819571 	 27.308301889746033 
C 	 28.925036993149032 	 25.77775903421158 	 34.03499342142392 
C 	 28.60890640413496 	 26.344753249041737 	 32.78982324427194 
C 	 27.9518251533989 	 27.51935368447123 	 30.37812190836537 
C 	 30.18220012413352 	 25.993145861367786 	 34.73262725334959 
C 	 29.51396108045059 	 27.23754366841108 	 32.19058204536288 
N 	 30.45543460311818 	 25.52294666320166 	 35.8353727050289 
C 	 29.23956428375722 	 27.653610274891687 	 30.91429709901907 
H 	 27.961645010154456 	 24.505212756294213 	 35.65402806169183 
C 	 30.742785438682276 	 27.512813333090964 	 32.896995934508936 
N 	 30.9811994083513 	 26.802329224792242 	 34.08188448387856 
C 	 32.277673740463584 	 27.216843600899107 	 34.34510044997819 
C 	 33.156107174161086 	 27.013957310544523 	 35.45591706365096 
H 	 27.764909424170423 	 27.94957137688374 	 29.475718922391252 
N 	 31.73608954811725 	 28.287244811885373 	 32.45157391693186 
C 	 32.64710268591075 	 28.102545955334964 	 33.388227250313356 
C 	 34.30656688304931 	 27.76492189002939 	 35.47663703988554 
N 	 34.650853432864565 	 26.613318505616704 	 38.21266922844749 
C 	 33.882934961373145 	 28.760661187740492 	 33.340732635052646 
C 	 35.4593372227001 	 27.36674645850828 	 37.68673697416693 
H 	 29.93228395278511 	 28.262688893963922 	 30.379425245511705 
C 	 34.66542673980144 	 28.662359909970533 	 34.47813675840833 
H 	 32.89779995008675 	 26.423974918646838 	 36.292908333930924 
N 	 35.286048044095956 	 27.95701071619138 	 36.49235204396874 
C 	 37.002030974219785 	 27.14094538335958 	 39.72277477973136 
C 	 36.74379533945993 	 27.722323551228694 	 38.44058474269903 
C 	 36.083720702583626 	 28.895255113734073 	 35.989046162409785 
N 	 35.80649007455207 	 29.314661375596945 	 34.729236966503855 
C 	 38.25942469190922 	 27.357835011477206 	 40.326933094242364 
C 	 37.630058135105656 	 28.62816792853083 	 37.92756850190672 
C 	 37.257987754462825 	 29.266151791085036 	 36.721003996258645 
H 	 36.301902479002514 	 26.453634055846976 	 40.16847694608131 
C 	 39.09749171226162 	 28.356953606738372 	 39.886799126233434 
H 	 34.00385595462838 	 29.543176428960763 	 32.55481967511585 
C 	 38.8340028853855 	 28.93969924716762 	 38.63621175768085 
C 	 38.13544608336546 	 30.220677344259084 	 36.242030701225666 
C 	 40.338027040027896 	 28.751928780309996 	 40.64208909585059 
C 	 39.649907155613235 	 29.892510531768274 	 38.082744060427856 
C 	 39.286523976038715 	 30.55210210251636 	 36.91867995936526 
H 	 38.510348245207226 	 26.7972368514086 	 41.18860973158366 
N 	 40.635611769186205 	 28.179120238034134 	 41.673424690215406 
C 	 40.81635550138609 	 30.27848077992144 	 38.86408795609848 
N 	 41.10547522269118 	 29.685491935545993 	 40.0722797919417 
H 	 37.999301247056316 	 30.46658614339985 	 35.19690108419636 
C 	 42.362433283480804 	 30.260282253332466 	 40.45741786022747 
N 	 41.65823054665676 	 31.320090075104368 	 38.53425492238444 
C 	 43.267826378037405 	 29.92631192650315 	 41.514987234482895 
C 	 42.61271673232349 	 31.205215191811266 	 39.51767863533715 
H 	 40.02025754549961 	 31.261004054730652 	 36.50360597436954 
C 	 43.718226620296996 	 31.96044759028535 	 39.53977854000377 
C 	 44.42014018038232 	 30.71559921047775 	 41.475616192216314 
N 	 45.013275484634484 	 29.20623317500462 	 43.97848177534966 
H 	 43.12476228715525 	 29.155791366244422 	 42.260613202611765 
C 	 44.624582741366716 	 31.656061744032865 	 40.532076722779024 
C 	 45.7582461364868 	 30.023857519415525 	 43.47847880926368 
N 	 45.45641340443972 	 30.75854192683368 	 42.3766469051811 
C 	 46.16334092803572 	 31.83970899599907 	 41.88516576163977 
N 	 45.690368047326764 	 32.47122262425757 	 40.807055838779334 
C 	 47.09261072052083 	 30.368323787243195 	 44.06396188224879 
H 	 43.838273715369695 	 32.79102805414871 	 38.84140112022208 
C 	 47.41447917689442 	 29.752615658007606 	 45.275083382066676 
C 	 47.53220948665062 	 31.984232245379093 	 42.3605319664871 
C 	 47.95875305330478 	 31.26020818388265 	 43.443661193165596 
H 	 46.74450956545879 	 29.194986815044157 	 45.898683556967825 
C 	 48.60829000627558 	 30.065330573411174 	 45.901445152133185 
C 	 48.43544365765407 	 32.8545334392476 	 41.702258356899584 
C 	 49.23301395036845 	 31.585027743611263 	 44.002903797112694 
C 	 49.54193953661766 	 30.97056642096013 	 45.26962595051496 
C 	 49.720483674312405 	 33.0546937603658 	 42.18559362781337 
C 	 50.07455550248801 	 32.42686373129723 	 43.41448877431785 
H 	 48.092238824227394 	 33.42070057747694 	 40.81677323468194 
H 	 48.80306705198671 	 29.550725796837547 	 46.83061220720169 
C 	 50.84600277410468 	 31.208236259521357 	 45.87059676237198 
N 	 51.17274473408773 	 30.66329183685374 	 46.901829891657265 
C 	 51.369132272751905 	 32.68450349923625 	 44.01897236055373 
N 	 51.69442172867684 	 31.92468442715498 	 45.116573531909 
H 	 50.36437731819003 	 33.752027511560776 	 41.67291202751967 
N 	 52.31873508524988 	 33.49972082282019 	 43.51120503204892 
C 	 52.986403695047635 	 32.31398545958678 	 45.32727543327323 
C 	 53.334170423130566 	 33.18659874766249 	 44.299101788215005 
C 	 53.90504070917178 	 31.867387284276955 	 46.29722191406064 
C 	 54.632755859330345 	 33.70028358547326 	 44.267977097431476 
H 	 53.71737009636424 	 31.126923146101994 	 47.12739916644917 
C 	 55.194124217587444 	 32.4275447544676 	 46.254163191786894 
C 	 55.561664916423986 	 33.39388552629588 	 45.28934464014 
H 	 55.010325023247184 	 34.29012370445555 	 43.45229993262332 
H 	 55.92830098922264 	 32.08472716062301 	 46.95574717185256 
H 	 56.608831520467184 	 33.809618439692194 	 45.24789436133693 
C 	 20.31503175205964 	 -57.98213841215389 	 -35.355347042002805 
C 	 19.59811582399892 	 -58.61289131630277 	 -36.36753671419563 
C 	 21.706351769167117 	 -57.79062832114031 	 -35.35965353969464 
C 	 22.32752042332739 	 -58.30506263672322 	 -36.49614925750427 
C 	 21.611059701078542 	 -58.93194452588476 	 -37.460256883163495 
C 	 20.233784492929637 	 -59.07740395328912 	 -37.460944036415746 
N 	 23.665690466711563 	 -58.37682909346174 	 -36.84824388336097 
N 	 22.353362223995568 	 -59.52731152770993 	 -38.42317947933665 
C 	 23.592988875901582 	 -59.112741876857115 	 -37.99919859347466 
C 	 24.78742054631594 	 -59.1850432126812 	 -38.80673231430738 
C 	 24.857575654307034 	 -57.84512256739229 	 -36.274667545125 
N 	 24.892314197998257 	 -57.38370149579149 	 -35.10882084137062 
C 	 26.048899635879383 	 -57.96301848695598 	 -37.12456115304088 
C 	 25.98894145444461 	 -58.622301568811324 	 -38.3800738618862 
C 	 27.106147640719445 	 -58.5799220537075 	 -39.255800708351465 
C 	 27.199785730606727 	 -57.26540212367286 	 -36.71693470636956 
C 	 28.326697610525056 	 -57.318392109388824 	 -37.52535743275347 
C 	 28.331466761774823 	 -57.97658547896732 	 -38.78596478424885 
C 	 24.725838711273315 	 -59.4949356563636 	 -40.18105099590442 
C 	 25.89858053246511 	 -59.56953277619842 	 -41.00972922485463 
C 	 27.074842144428004 	 -59.129656111262406 	 -40.538972844419504 
C 	 29.614936210415724 	 -58.08143886818597 	 -39.577555775585026 
C 	 28.226816850319672 	 -59.074504827038446 	 -41.352971599182744 
N 	 29.45372983243353 	 -58.668619072645946 	 -40.76896818910084 
N 	 30.669889066829526 	 -57.60677496091964 	 -39.26427581100221 
N 	 28.227201232555842 	 -59.48999877894932 	 -42.647935675658964 
H 	 22.295035766494923 	 -57.1875952570289 	 -34.61277783358524 
H 	 19.75644907406249 	 -59.62681127738938 	 -38.25577562901693 
H 	 27.075031141758394 	 -56.615367248735666 	 -35.794788440176 
H 	 29.287517525458256 	 -56.92852094622214 	 -37.16734392844023 
H 	 23.745594671946396 	 -59.66139433195746 	 -40.64145843554374 
H 	 25.82559339198841 	 -59.96778846243641 	 -41.99587821207828 
C 	 30.362529296977023 	 -59.17335957757875 	 -41.7139407286214 
C 	 29.570224475719606 	 -59.53884992411631 	 -42.80108610189903 
C 	 31.70536342556288 	 -59.454433074217995 	 -41.56012998783622 
C 	 32.207660425098915 	 -60.18814499588164 	 -42.583137336297206 
C 	 31.485807840388972 	 -60.55830662136364 	 -43.680791625325114 
C 	 30.143638397355208 	 -60.21552382502831 	 -43.86797610619302 
N 	 33.413828347691556 	 -60.90893505086304 	 -42.68695117391409 
N 	 32.09508151832532 	 -61.33431453876189 	 -44.5473786386946 
C 	 33.331253143878556 	 -61.400770597464756 	 -43.96130471374815 
C 	 34.42256220317351 	 60.724611287790324 	 -44.51486216682062 
C 	 34.60043044035536 	 -60.8468057685915 	 -42.00378374944588 
N 	 34.75246188293146 	 -60.103433203235646 	 -41.033491971206246 
C 	 35.713263376993666 	 61.225989323855146 	 -42.61401028481432 
C 	 35.60707517049058 	 60.532762361556934 	 -43.82980594001035 
C 	 36.68764606712644 	 59.90374819328463 	 -44.343415757448135 
C 	 36.88876524888984 	 61.14588444869292 	 -41.888561129820836 
C 	 38.04514407282146 	 60.551204429324294 	 -42.41365690299086 
C 	 37.941390833072404 	 59.992526407732925 	 -43.71074599096566 
C 	 34.250421345665885 	 60.05459709933553 	 -45.77875681221507 
C 	 35.326180774862884 	 59.265591583708144 	 -46.28076675998019 
C 	 36.538441644005104 	 59.20488269711861 	 -45.576873436501906 
C 	 39.10699496173391 	 59.40441250180277 	 -44.41097153516449 
C 	 37.667562350789964 	 58.60346629478673 	 -46.17680076080734 
N 	 38.8684417033451 	 58.69454716400978 	 -45.498292925085 
N 	 40.21830671461605 	 59.236522236004184 	 -43.962049355614916 
N 	 37.925968689428565 	 57.958774267658036 	 -47.26663850385604 
H 	 32.31879162205048 	 -59.271295775935116 	 -40.68465687076953 
H 	 29.54329721293073 	 -60.595818059241196 	 -44.67820372747242 
H 	 36.96522779312482 	 -61.32368836437375 	 -40.85478475470606 
H 	 38.920583927051744 	 60.4493613348052 	 -41.86142119532395 
H 	 33.30184700606957 	 60.09435378521649 	 -46.29220728866396 
H 	 35.11652561199751 	 58.71727289668593 	 -47.23442541559237 
C 	 9.828952823035674 	 -56.09471379612029 	 -29.727913291671616 
C 	 11.19092953016484 	 -55.8690960118301 	 -29.63791866560591 
C 	 9.183103276641972 	 -56.474979602858305 	 -30.85188266286815 
C 	 11.87622035046807 	 -56.24593307056756 	 -30.771128582723897 
C 	 9.923377350861838 	 -56.88461559178529 	 -31.9373929788683 
C 	 11.273707757236599 	 -56.78653292356907 	 -31.906941333123505 
C 	 14.399305725151264 	 -55.879145010842265 	 -30.398443062540302 
N 	 14.36003616244798 	 -55.43318293345387 	 -29.281768110346164 
C 	 16.973172483626463 	 -55.75398769004762 	 -30.479596248324786 
C 	 15.70867954864759 	 -56.034508670343556 	 -31.0958254145199 
C 	 13.296201477411026 	 -56.746838307896425 	 -32.36891455391189 
N 	 13.28367891421275 	 -56.23121878677041 	 -31.09313325688566 
C 	 18.154626778840598 	 -56.02291706793422 	 -31.17880858508995 
C 	 15.72431103662125 	 -56.533129070805245 	 -32.387618265280516 
C 	 14.54672387662708 	 -57.09007681934599 	 -32.94547754907615 
N 	 12.138644662302154 	 -57.073903482964695 	 -32.88829011808743 
C 	 18.200325630193106 	 -56.55828244491363 	 -32.49039087106586 
C 	 16.953944649917215 	 -56.75954445300679 	 -33.10213782426903 
C 	 14.627466986973637 	 -57.811594244598076 	 -34.11205360193268 
C 	 19.455671242005373 	 -56.93049889806604 	 -33.20958921992073 
C 	 16.961048334113894 	 -57.46654186508649 	 -34.3245833731886 
H 	 11.767439911590555 	 -55.50506827908584 	 -28.741760942435008 
C 	 15.780500804658287 	 -57.84901569138018 	 -34.84935014004147 
C 	 18.165864665944156 	 -57.74146914408818 	 -35.068152649118765 
N 	 20.563887241051116 	 -56.88359396164813 	 -32.694786581524454 
N 	 19.343633408368294 	 -57.48882564601929 	 -34.43018195247575 
H 	 9.467275479560056 	 -57.29965499931852 	 -32.85217509481263 
H 	 17.01582257430724 	 -55.49177565195627 	 -29.418183235465566 
N 	 18.236219563556848 	 -58.448266880545795 	 -36.245814260709196 
H 	 19.12090322040777 	 -55.78081315502294 	 -30.71062843091037 
H 	 13.762443742377776 	 -58.250788777189726 	 -34.576770704457914 
H 	 15.756238152857135 	 -58.38119887698615 	 -35.759410276681926 
H 	 39.74506159993191 	 58.338543326839755 	 -45.84098100467987 
H 	 37.461125018723 	 57.0112101248953 	 -47.10908871953662 
N 	 9.99980542680881 	 -54.88473729022803 	 -27.033435261981207 
C 	 8.900375577018462 	 -55.000032856007735 	 -27.65306715116897 
N 	 8.855390042851843 	 -55.65062749438753 	 -28.865398952200948 
C 	 7.621994104898058 	 -53.79644325701375 	 -25.896399329007433 
C 	 7.652918912119712 	 -54.495587497810874 	 -27.082166779557614 
H 	 8.576596528620806 	 -53.62117511246077 	 -25.307936547792256 
C 	 7.700040469191792 	 -55.87200596256471 	 -29.598524673302002 
N 	 7.83428254393305 	 -56.42316488907964 	 -30.779730580683985 
C 	 6.403683747447993 	 -53.34591710618671 	 -25.348864464467944 
C 	 6.442766860566415 	 -54.74264208818217 	 -27.748711821193897 
C 	 6.426917488218342 	 -55.4785447679964 	 -28.98746932548296 
H 	 6.456075462932285 	 -52.528363165495335 	 -24.565131910037692 
C 	 5.1944448828763745 	 -53.59523186684322 	 -26.0126510248567 
C 	 5.209171496112538 	 -54.350732961533524 	 -27.212882827780298 
C 	 5.242844550321354 	 -55.81754781474879 	 -29.664467045238947 
C 	 3.916767954255335 	 -53.06296855841828 	 -25.465841651695822 
N 	 3.932833968818376 	 -52.19549954261278 	 -24.591358961577228 
C 	 4.025245221381201 	 -54.63424218697788 	 -27.91737715317307 
C 	 4.042731793509222 	 -55.3631990904521 	 -29.130587936342387 
H 	 5.22944346081436 	 -56.2647813604189 	 -30.639212700695815 
C 	 2.7693018464163472 	 -54.3061411577427 	 -27.2035920382248 
N 	 2.827653766178969 	 -53.529995133970964 	 -26.057357132076387 
C 	 1.449725357300376 	 -53.379522359561335 	 -25.74760026846635 
C 	 0.7671773316229062 	 -52.6402279226517 	 -24.75778096003158 
N 	 1.525218846245793 	 -54.61338904034237 	 -27.621240472895586 
H 	 3.095860844848681 	 -55.542801478249345 	 -29.62267392648658 
C 	 0.7721733501292815 	 -54.0639231060623 	 -26.681732785041785 
H 	 1.3622774263945048 	 -52.20928087334106 	 -23.921612389509406 
N 	 -0.5411249779808354 	 -50.80094154029068 	 -22.359169229255688 
C 	 -0.602300801222911 	 -52.72445412891751 	 -24.800560504364288 
C 	 -1.583366397323461 	 -51.25003759360138 	 -22.910900607802585 
C 	 -0.6022933193111638 	 -54.209048896449254 	 -26.635136451218788 
C 	 -1.3264872593143135 	 -53.53219644847591 	 -25.638698501521713 
N 	 -1.610395591883295 	 -52.14609016000108 	 -23.944774509673643 
C 	 -2.937305479676015 	 -50.01547648890358 	 -21.194914243421838 
C 	 -2.8881551826613436 	 -50.92554345702507 	 -22.25397931678701 
H 	 -2.0800199298023747 	 -49.393612764120306 	 -20.91442760064861 
C 	 -2.764829658869156 	 -52.769680301532595 	 -24.313612529400675 
C 	 -4.125475578453603 	 -49.76635913493444 	 -20.492733062294448 
N 	 -2.604595105455156 	 -53.575973619425014 	 -25.42359597616793 
C 	 -4.047178089933524 	 -51.54908284381449 	 -22.61411154660855 
H 	 -1.1528882964522713 	 -54.83879937833757 	 -27.340375584625278 
C 	 -4.027652227109492 	 -52.512703049259315 	 -23.632884837203395 
C 	 -5.295917495567291 	 -50.46837554604568 	 -20.793818647227237 
H 	 -4.234499548016523 	 -49.013286717859906 	 -19.655066156082775 
C 	 -5.257073848454439 	 -51.33828000461613 	 -21.889004972185308 
C 	 -5.1876840991509345 	 -53.212344207796136 	 -23.892577888789617 
C 	 -6.515217904239769 	 -50.18198358068679 	 -20.06180109718258 
N 	 -6.678361115642599 	 -49.34758643889879 	 -19.178585990586058 
C 	 -6.4204628410226965 	 -52.02454940055292 	 -22.242127757735833 
C 	 -6.347797777483047 	 -53.03748162992685 	 -23.181710322932112 
C 	 -7.633603614175845 	 -51.66362511386161 	 -21.615142887014066 
N 	 -7.609801947616354 	 -50.73745866397734 	 -20.58140923828241 
H 	 -5.146112322202142 	 -54.046304457161725 	 -24.65165432390902 
C 	 -8.99846146596664 	 -50.53540788316558 	 -20.456329001509836 
C 	 -9.700492330975216 	 -49.71739605313262 	 -19.577116871478427 
N 	 -8.803407766498866 	 -52.071567816385134 	 -22.133273385982005 
C 	 -9.634139101087845 	 -51.375292601813484 	 -21.327933777441846 
H 	 -7.283404892343143 	 -53.4929582232708 	 -23.544143823107195 
N 	 -11.237330340985618 	 -47.87606679331886 	 -17.420453377894876 
H 	 -9.272597473747426 	 -48.99117499876678 	 -18.873729536517335 
C 	 -11.083104234269445 	 -49.78835436812223 	 -19.727493951299916 
C 	 -12.200284130826125 	 -48.100309992720575 	 -18.09822840322699 
C 	 -11.02604966290557 	 -51.42780636565949 	 -21.50663913637585 
C 	 -11.73554697707139 	 -50.57469406853878 	 -20.72901513732749 
N 	 -12.122672866946932 	 -49.0393855016983 	 -19.071101169577506 
C 	 -13.673739294841521 	 -46.634638340223844 	 -16.687179558025232 
C 	 -13.523369198554096 	 -47.55341312960775 	 -17.75211183517875 
C 	 -13.2162152991769 	 -49.61208668233245 	 -19.706933155337754 
H 	 -12.797191640110805 	 -46.34175372203985 	 -16.035640779274857 
N 	 -13.069670760228794 	 -50.50005125554865 	 -20.68231358037059 
C 	 -14.901376863710913 	 -45.98440896559685 	 -16.458130297030436 
C 	 -14.613948524930475 	 -47.94474644820657 	 -18.515953862267185 
H 	 -11.477241005480606 	 -52.11854107324108 	 -22.22582375583058 
C 	 -14.488408903373207 	 -48.93983912063061 	 -19.48737622988354 
C 	 -15.979018468258174 	 -46.31539786904089 	 -17.284388528865506 
C 	 -15.833292695588746 	 -47.35033248487498 	 -18.27074885996083 
C 	 -15.554231029778325 	 -49.3496059813989 	 -20.20990774339002 
H 	 -15.036194635116658 	 -45.2702995059388 	 -15.652700202811253 
C 	 -17.243760483997477 	 -45.52818917299621 	 -17.154003621238616 
C 	 -16.897386323257333 	 -47.740562303545055 	 -19.01145316000621 
N 	 -17.43844178888192 	 -44.64133535973914 	 -16.361930111139255 
C 	 -16.784586389120307 	 -48.71570777125188 	 -20.049760979164752 
H 	 -15.459125880257934 	 -50.22090963808089 	 -20.843350743998663 
C 	 -18.108874383400906 	 -47.01753074760524 	 -18.783148579278254 
N 	 -18.1221085538074 	 -45.83717629309396 	 -18.068219152023936 
C 	 -19.50422438005608 	 -45.54632685506332 	 -18.14012232180223 
N 	 -19.296603372941778 	 -47.48611697407597 	 -19.227596752421253 
C 	 -20.247984953123808 	 -44.47225720753101 	 -17.68773239762718 
H 	 -17.674930443776333 	 -48.924230150804 	 -20.645448161974155 
C 	 -20.116482904884005 	 -46.55082598789105 	 -18.851171085367657 
H 	 -19.695646868056098 	 -43.69866443619104 	 -17.197068030749232 
C 	 -21.642064013457052 	 -44.559911878739676 	 -17.878474881282347 
C 	 -21.47219808927177 	 -46.50876815080561 	 -19.23386426189902 
C 	 -22.21274240929283 	 -45.55397281946171 	 -18.662225647718273 
H 	 -21.89763547118439 	 -47.206643544618586 	 -19.95607552241773 
N 	 -21.81428002713935 	 -42.07272373874856 	 -16.199815419825534 
C 	 -22.756811865222065 	 -42.571332309926426 	 -16.840822492754107 
N 	 -22.68223354153385 	 -43.7860693600377 	 -17.42048451500694 
C 	 -23.732319063839217 	 -44.359584809781616 	 -18.033157623351183 
N 	 -23.505649026563187 	 -45.46266734383581 	 -18.75459588050181 
C 	 -24.045193641503346 	 -41.812514324587326 	 -16.950522574762374 
C 	 -24.228960095739577 	 -40.545895946034534 	 -16.3566868394447 
C 	 -25.031894901476086 	 -43.755594839787534 	 -17.966796728694028 
C 	 -25.152448060300514 	 -42.47968498598822 	 -17.529252901636827 
C 	 -25.477930133710842 	 -39.84121381372798 	 -16.578139493228022 
C 	 -26.159043415004977 	 -44.43339140372848 	 -18.426446018346688 
H 	 -23.406445613721214 	 -40.13695340922561 	 -15.782783938105162 
C 	 -26.40809090987097 	 -41.74632231478048 	 -17.66786387883632 
C 	 -26.546607196899796 	 -40.40970066579765 	 -17.242053843821655 
C 	 -27.38377553880449 	 -43.808292689119995 	 -18.425270093125768 
C 	 -27.47469329757686 	 -42.456901330679635 	 -18.168466615688963 
C 	 -27.923839625329038 	 -39.75300050344015 	 -17.40170233508895 
H 	 -25.521250727845178 	 -38.83451391251302 	 -16.207411415722607 
N 	 -28.045248458682767 	 -38.54034483342948 	 -17.35127706663547 
H 	 -25.997757698368343 	 -45.47867405941727 	 -18.784879661149137 
C 	 -28.82143491367648 	 -41.890266239406444 	 -18.188101774562636 
N 	 -28.941512105180966 	 -40.54612083585401 	 -17.87668522654507 
C 	 -30.313011246999228 	 -40.35877514111574 	 -18.077278936069636 
N 	 -29.941009310770557 	 -42.48913401754146 	 -18.716788369378435 
C 	 -31.078635688875313 	 -39.16109351901161 	 -18.028258944958708 
C 	 -30.884446048474224 	 -41.53366552534857 	 -18.520159455800133 
H 	 -28.289553506975462 	 -44.328620825127025 	 -18.767126100849474 
C 	 -32.4852433138976 	 -39.38254691590076 	 -18.32758415580673 
N 	 -32.711481340298015 	 -36.55381179841211 	 -17.933275477744694 
C 	 -32.19332011746207 	 -41.71325669647437 	 -18.743301013093834 
C 	 -33.708822430000865 	 -37.188800923856206 	 -18.22208670646704 
C 	 -32.966629956418785 	 -40.6111765055784 	 -18.632551702020162 
H 	 -30.674792922220607 	 -38.13866250028811 	 -17.909887902137392 
N 	 -33.607184588536775 	 -38.50463769777426 	 -18.435742545275946 
C 	 -35.19627672255159 	 -35.18537178514727 	 -18.4312908340821 
C 	 -35.036017284205755 	 -36.59922726105028 	 -18.50308711289655 
C 	 -34.60973120908388 	 -39.38057190303024 	 -18.788439427841944 
N 	 -34.25310713995558 	 -40.683150232895024 	 -18.946329839189705 
C 	 -36.47320968086445 	 -34.57578559492871 	 -18.5792915299634 
C 	 -36.115776502371006 	 -37.40463598779577 	 -18.83182478649334 
C 	 -35.92890455286482 	 -38.806136194558626 	 -19.015393834269915 
H 	 -34.31495843433736 	 -34.60791413721722 	 -18.217199272739755 
H 	 -32.66522422772847 	 -42.677949633894876 	 -19.10337693659025 
C 	 -37.595586648475404 	 -35.464477851326514 	 -18.853347828146497 
C 	 -37.41557534649478 	 -36.824188159920396 	 -19.006825391011485 
C 	 -36.98661882945763 	 -39.575918232162074 	 -19.42283610549582 
C 	 -38.99126282201148 	 -34.9202865997046 	 -19.116999561972474 
C 	 -38.49137742269255 	 -37.61013831991794 	 -19.415013383466082 
N 	 -39.2058866983787 	 -33.71604989563658 	 -19.238888208054455 
C 	 -38.246429774190716 	 -39.00616361128894 	 -19.558439290073007 
H 	 -36.56892748305925 	 -33.530014218541396 	 -18.407394019043217 
C 	 -39.763305672677774 	 -37.05452882377749 	 -19.68928463795458 
N 	 -39.97121410465526 	 -35.75536140089544 	 -19.301396841462058 
C 	 -41.35655184763748 	 -35.644326637651325 	 -19.74175969701355 
C 	 -42.22948592494047 	 -34.601030613507 	 -19.532089032992968 
H 	 -36.889049907759954 	 -40.60694390878199 	 -19.641850896173754 
N 	 -40.671412953709535 	 -37.65797143570105 	 -20.43903867209783 
C 	 -41.71769075890576 	 -36.802297958212044 	 -20.389960372702603 
C 	 -43.435535560036534 	 -34.86838660215426 	 -20.190471970949684 
N 	 -43.715546323467784 	 -32.01919649452289 	 -19.545644538669194 
C 	 -42.914118821151945 	 -37.05460643218351 	 -20.96046742770554 
C 	 -44.49313962890551 	 -32.60595877383483 	 -20.25429909878878 
H 	 -39.12093559774961 	 -39.693147871658134 	 -19.750884109100994 
C 	 -43.75287035911795 	 -35.981917347827526 	 -20.89663163879563 
H 	 -42.00796056726676 	 -33.619612758000905 	 -19.00622892344867 
N 	 -44.49911644682657 	 -33.95233028425356 	 -20.366868502139873 
C 	 -45.73837092255151 	 -30.583282256021736 	 -20.81510131146927 
C 	 -45.566500586371504 	 -31.927094243551583 	 -21.01369561678933 
C 	 -45.302012589791296 	 -34.67540903301125 	 -21.227805467522543 
N 	 -44.948070667573795 	 -35.94871992821417 	 -21.507049358499362 
C 	 -46.78574296326442 	 -29.964888380413164 	 -21.366654795583184 
C 	 -46.43205895406058 	 -32.57184330292279 	 -21.91846228730911 
C 	 -46.32575236130911 	 -33.988377048825264 	 -21.983742935928653 
H 	 -45.20285342250415 	 -30.141751746723568 	 -20.01503269852254 
C 	 -47.68552735620294 	 -30.563671688742154 	 -22.199600747691203 
H 	 -43.205172177335506 	 -38.02539564444573 	 -21.43286548704907 
C 	 -47.47361802001647 	 -31.91263014418039 	 -22.50521906239852 
C 	 -47.1775355865889 	 -34.65509431609377 	 -22.899085174009063 
C 	 -48.77486788264796 	 -29.740035501688343 	 -22.93336505847969 
C 	 -48.37550275574026 	 -32.56949774032821 	 -23.331588393135227 
C 	 -48.20253633476324 	 -33.95608925900955 	 -23.50480321808176 
H 	 -46.93432672890053 	 -28.890617642767936 	 -21.079567422399332 
N 	 -48.9644849480448 	 -28.58293911364693 	 -22.699519563346165 
C 	 -49.3170197803139 	 -31.7626951686941 	 -24.114446808245305 
N 	 -49.44963136121898 	 -30.397167733116518 	 -23.897662571796275 
H 	 -47.008094075791924 	 -35.6735826673373 	 -23.04473902249252 
C 	 -50.51008117618931 	 -30.05003512218101 	 -24.658243798299974 
N 	 -50.11189294191079 	 -32.31306420674565 	 -25.009960172994578 
C 	 -51.179191671737364 	 -28.85322019856389 	 -24.927234761766144 
C 	 -50.822378964404315 	 -31.176192194920056 	 -25.325187157128674 
H 	 -48.92459689870854 	 -34.53212267842966 	 -24.118735524803807 
C 	 -51.77937768097945 	 -31.177154044458725 	 -26.300635165675107 
C 	 -52.1467600250866 	 -28.83276420669375 	 -25.92276704607779 
N 	 -52.15770883275009 	 -26.008314227058015 	 -25.439419472844857 
H 	 -50.99881972812756 	 -27.949250312508727 	 -24.37420982896742 
C 	 -52.45418200319097 	 -29.994444544624344 	 -26.532272100100027 
C 	 -52.60250837898902 	 -26.44901739979188 	 -26.48358900603113 
N 	 -52.72924670484402 	 -27.784343390261515 	 -26.58903447194404 
C 	 -53.427126414051784 	 -28.435013226238098 	 -27.57751349271534 
N 	 -53.2795059924815 	 -29.780756855692772 	 -27.627693340595467 
C 	 -53.33831719299939 	 -25.59032149393518 	 -27.474757941158323 
H 	 -51.91965704013284 	 -32.04517882666247 	 -26.821711688997176 
C 	 -53.24800747065267 	 -24.19427681533593 	 -27.556355033387856 
C 	 -54.06419126635214 	 -27.600949691219363 	 -28.643051373269333 
C 	 -54.03708125069055 	 -26.239707528716625 	 -28.504018783186154 
H 	 -52.64161223171513 	 -23.516722194695763 	 -26.832593460884624 
C 	 -53.887149220373736 	 -23.517416736954296 	 -28.527952300256405 
C 	 -54.677540479152725 	 -28.228503933240017 	 -29.725667059843197 
C 	 -54.624984799908056 	 -25.52704442608071 	 -29.519725247740073 
C 	 -54.49233242851097 	 -24.166105550556004 	 -29.561213639653037 
C 	 -55.408402552209104 	 -27.478050898296512 	 -30.60267357834878 
C 	 -55.35385185809031 	 -26.106288920246328 	 -30.56751166502285 
H 	 -54.81268460442618 	 -29.349989854332453 	 -29.83631327438192 
H 	 -53.86339054599811 	 -22.461141969132466 	 -28.394785763175523 
C 	 -55.20375946618149 	 -23.362067054460073 	 -30.57876058566564 
N 	 -55.292168491774575 	 -22.18681261385785 	 -30.466701731283987 
C 	 -56.134455373968365 	 -25.321338503489706 	 -31.47602918788735 
N 	 -55.91391039471769 	 -23.974881638666957 	 -31.530220072674208 
H 	 -55.989943856950816 	 -27.87753853751612 	 -31.401315496069223 
N 	 -57.054670552946206 	 -25.876882096250057 	 -32.3567415857382 
C 	 -56.907440548500844 	 -23.605022249929277 	 -32.47327432096371 
C 	 -57.56471659965074 	 -24.75793846677651 	 -32.842028759133456 
C 	 -57.53065246602768 	 -22.38316505535756 	 -32.694392011847604 
C 	 -58.51106738975075 	 -24.787808243589684 	 -33.80597398291615 
H 	 -57.126995595812346 	 -21.46267772724963 	 -32.22357237817181 
C 	 -58.547308656325775 	 -22.298573719752646 	 -33.679378480304784 
C 	 -59.00330437157497 	 -23.50917168332709 	 -34.20290798989198 
H 	 -58.79661489269912 	 -25.71313075386385 	 -34.22583011772814 
H 	 -59.061801011798195 	 -21.401111775269115 	 -34.03870970043331 
H 	 -59.86640101075366 	 -23.51858076935472 	 -34.92133630464198 
