C 	 54.83112554057796 	 -21.490145348460256 	 -31.990719051274468 
C 	 54.32672532362224 	 -20.20383385923154 	 -32.087939705809504 
C 	 53.985950447223324 	 -22.537969661131278 	 -32.16714493271437 
C 	 52.71422437242212 	 -22.242483844454604 	 -32.58079378532643 
C 	 52.1493305740227 	 -20.986018434289203 	 -32.69748184187487 
C 	 52.99936064155775 	 -19.90459509035396 	 -32.432059320241684 
N 	 51.76900213336783 	 -23.140557238883677 	 -33.04080038112517 
N 	 50.841804593798216 	 -20.981777069377028 	 -33.0658791070524 
C 	 50.714615567318525 	 -22.31168976462837 	 -33.306260563620725 
C 	 49.56356828070539 	 -22.879370379647625 	 -33.92430016393373 
C 	 51.75425601641936 	 -24.52246226632265 	 -33.059709500366715 
N 	 52.69134288818661 	 -25.177538762786078 	 -32.70904754904379 
C 	 50.50392096496098 	 -25.13476145020631 	 -33.470566374673666 
C 	 49.43972958905659 	 -24.279978530128673 	 -33.94997744732304 
C 	 48.23153453188559 	 -24.89773919683304 	 -34.3327851348074 
C 	 50.33256496323651 	 -26.49680831784293 	 -33.4882648661099 
C 	 49.14630133675053 	 -27.072303913770845 	 -33.83515715254168 
C 	 48.108237192337285 	 -26.298315987034822 	 -34.386965956225445 
C 	 48.45789097664908 	 -22.08121453454017 	 -34.26794970581894 
C 	 47.25541635278264 	 -22.71069234476211 	 -34.63242487127137 
C 	 47.1379407774404 	 -24.116366739955872 	 -34.73181973341041 
C 	 46.87177141067499 	 -26.94938279939103 	 -34.81763358295609 
C 	 45.90646555043776 	 -24.72215706652921 	 -35.14442049979341 
N 	 45.9211350742114 	 -26.07925761935733 	 -35.29271900006218 
N 	 46.634657323614945 	 -28.118210626774655 	 -34.616053759210075 
N 	 44.94270720523231 	 -23.97264620901312 	 -35.770633153949355 
H 	 54.28762718378269 	 -23.51119095166944 	 -32.04033014134816 
H 	 52.68147131803065 	 -18.81721876442244 	 -32.49469079259684 
H 	 51.06129939048728 	 -27.115607350840413 	 -33.051917042275264 
H 	 49.042342161322466 	 -28.197758053048787 	 -33.79827437562762 
H 	 48.48072213008447 	 -20.99689162019935 	 -34.106960641490666 
H 	 46.48018294746826 	 -21.977447691437067 	 -34.83537891029109 
C 	 44.778349405668756 	 -26.240405076927836 	 -36.0773092603271 
C 	 44.269342529230094 	 -25.019189078835318 	 -36.3234160238374 
C 	 44.087836778883215 	 -27.385307460547597 	 -36.40454562108373 
C 	 42.879646272539226 	 -27.199309346749267 	 -37.14393664552849 
C 	 42.34750334154481 	 -25.982095995113752 	 -37.39886114954572 
C 	 43.058199398791345 	 -24.863339825859754 	 -36.984402941661244 
N 	 41.91670639574687 	 -28.19871651664223 	 -37.498651553663834 
N 	 41.21532316077233 	 -26.025025046135003 	 -38.13115174350204 
C 	 40.98799639986869 	 -27.404392206516466 	 -38.12623289236176 
C 	 39.77012716929993 	 -28.06372048412134 	 -38.775438524554815 
C 	 41.86058109116129 	 -29.54224315392709 	 -37.41742450318747 
N 	 42.706069042621216 	 -30.197846430241853 	 -36.86223185872082 
C 	 40.618825220738835 	 -30.183671010415217 	 -38.01805278350811 
C 	 39.599365388441974 	 -29.434542717652334 	 -38.594890597844305 
C 	 38.44446393905561 	 -30.0340864797841 	 -39.159397201781275 
C 	 40.322844116984044 	 -31.52148071988142 	 -37.80310529468354 
C 	 39.12008270077327 	 -32.077584991124404 	 -38.285800824480695 
C 	 38.19568910149403 	 -31.372756326345982 	 -38.94222061968534 
C 	 38.88390182121028 	 -27.263516790490442 	 -39.40584613441905 
C 	 37.7476891783422 	 -27.85255433573244 	 -39.96492889194409 
C 	 37.52471384223095 	 -29.260204663404956 	 -39.88633962434785 
C 	 36.944285768383104 	 -31.960995563409163 	 -39.566347888173055 
C 	 36.280407890358205 	 -29.81188597233959 	 -40.4318660415813 
N 	 36.03232637727273 	 -31.129819169757795 	 -40.077638624301024 
N 	 36.860565179918176 	 -33.12772896746853 	 -39.69220475474755 
N 	 35.24456849489114 	 -29.39849195713355 	 -41.07617729249778 
H 	 44.47124678868697 	 -28.43061153738617 	 -36.188100846754125 
H 	 42.74780267575504 	 -23.870093462742854 	 -37.16794978700457 
H 	 41.09028258045062 	 -32.065613000699194 	 -37.24989331605842 
H 	 39.07074112475455 	 -33.17461970005557 	 -38.17456405948177 
H 	 39.07055976279204 	 -26.16777937296818 	 -39.5420327404574 
H 	 37.10050478491664 	 -27.22992458163163 	 -40.63852487078079 
C 	 -58.594762474714315 	 -17.57915295085316 	 -25.9205327772509 
C 	 -59.272241859719784 	 -18.636992945039058 	 -26.49048888709277 
C 	 -58.847167794844154 	 -16.244703753178143 	 -26.308923668346075 
C 	 -60.149576352963294 	 -18.263806918970406 	 -27.51348094157315 
C 	 -59.78833171252479 	 -15.936030497191794 	 -27.230377221237422 
C 	 -60.55064369726023 	 -16.977646523025946 	 -27.768782407149192 
C 	 -61.357005684169714 	 -20.386193607405286 	 -28.12949823618528 
N 	 -60.67383924371413 	 -21.048485836554722 	 -27.406984222407594 
C 	 60.15447115746268 	 -22.276822122033273 	 -28.836850408217966 
C 	 60.37425659300909 	 -20.929351938912216 	 -28.84715886046943 
C 	 61.10241536036661 	 -18.185171878214227 	 -28.894723741972093 
N 	 -61.052489904624544 	 -19.07188924019903 	 -28.226080327723064 
C 	 59.0791768422356 	 -22.7734213855734 	 -29.61284466894157 
C 	 59.56500790326391 	 -20.048160392488345 	 -29.565520935848543 
C 	 59.889794720123646 	 -18.67582873996303 	 -29.58786198749515 
N 	 61.34830561727358 	 -16.89137764667561 	 -28.623199199799625 
C 	 58.18346829210778 	 -21.90595750736579 	 -30.254805512605515 
C 	 58.452260220004725 	 -20.53177061377015 	 -30.23921505033564 
C 	 58.984829202497814 	 -17.77291201183471 	 -30.091605998700658 
C 	 56.85902158268365 	 -22.381749700752735 	 -30.827884224421034 
C 	 57.51863246744017 	 -19.625374642550106 	 -30.8051263803161 
H 	 -59.20768134463939 	 -19.68427804052643 	 -26.073071953231075 
C 	 57.804308380353795 	 -18.2494379854517 	 -30.73364147688099 
C 	 56.330100021699295 	 -20.090509174779058 	 -31.482146425267434 
N 	 56.531465059957625 	 -23.612735994665254 	 -30.828560373742395 
N 	 56.145794865679754 	 -21.468860824363233 	 -31.498642709786072 
H 	 -60.0292738758027 	 -14.90870411012024 	 -27.55021755468268 
H 	 60.81149719704946 	 -23.10211845569074 	 -28.393202269355303 
N 	 55.22796750571614 	 -19.31030477988441 	 -31.694257549195125 
H 	 58.9447635866169 	 -23.88196751735958 	 -29.707662603800912 
H 	 59.19669513382779 	 -16.709187740204086 	 -30.05814250988054 
H 	 57.20062242145203 	 -17.512597683075153 	 -31.17744064226468 
H 	 35.22519671391513 	 -31.60422843680601 	 -40.43500790757625 
H 	 35.04485189960415 	 -28.405609900455445 	 -40.84293486182742 
N 	 -57.62431277323002 	 -19.609730114515216 	 -24.06503957160363 
C 	 -57.41581332261768 	 -18.400009036263288 	 -23.941386334283095 
N 	 -57.708425302407115 	 -17.513616807699712 	 -24.84942750963057 
C 	 -56.21829889900447 	 -18.568539357309625 	 -21.658138228485797 
C 	 -56.66207394376281 	 -17.771724025732635 	 -22.687380272910907 
H 	 -56.40479276191135 	 -19.688366108373277 	 -21.585789169926443 
C 	 -57.584253293385444 	 -16.130550158412362 	 -24.7058715595499 
N 	 -58.24048981771339 	 -15.342590177704258 	 -25.609579875207285 
C 	 -55.637932078926085 	 -17.958305185489067 	 -20.50652333057654 
C 	 -56.361257295890766 	 -16.419715113057066 	 -22.62984416297539 
C 	 -56.75770854541199 	 -15.627659101837335 	 -23.6476824251858 
H 	 -55.27186028179552 	 -18.647535509969114 	 -19.69776503594417 
C 	 -55.25051953485365 	 -16.60022169015922 	 -20.471409040866348 
C 	 -55.709495101920915 	 -15.796812787846374 	 -21.526727070109555 
C 	 -56.280572370615076 	 -14.332257226323655 	 -23.73497082579618 
C 	 -54.45788589033282 	 -15.983834566518212 	 -19.330640822023337 
N 	 -54.161829025265035 	 -16.54719382177787 	 -18.336213992176944 
C 	 -55.33707061130271 	 -14.489660579600073 	 -21.569478754802336 
C 	 -55.58127771969828 	 -13.729540519362553 	 -22.723346200211804 
H 	 -56.38740445192215 	 -13.826296189995197 	 -24.698783322827598 
C 	 -54.50391207701854 	 -13.88536113212378 	 -20.575717823099197 
N 	 -54.23436903874884 	 -14.652266692047343 	 -19.4789339473087 
C 	 -53.46413620780525 	 -13.714401055307327 	 -18.721033751632174 
C 	 -52.92762625529779 	 -13.881674344571774 	 -17.376201370920203 
N 	 -53.82881250422053 	 -12.672723127928663 	 -20.63922703868697 
H 	 -55.215057589427346 	 -12.74462517912954 	 -22.82957116815928 
C 	 -53.2523118481061 	 -12.587177358550626 	 -19.468138918449508 
H 	 -53.03035981694171 	 -14.839218365398821 	 -16.80182105028784 
N 	 -51.934978617277686 	 -14.225524432615833 	 -14.399090392426634 
C 	 -52.13944691937936 	 -12.817114158115608 	 -16.96992226310859 
C 	 -51.25823302552699 	 -13.225671913605703 	 -14.605210588075161 
C 	 -52.423309326902555 	 -11.540620015130271 	 -19.05474572662715 
C 	 -51.86745167654145 	 -11.69819723192537 	 -17.79028957580357 
N 	 -51.37525752866281 	 -12.597219150113402 	 -15.809635948017508 
C 	 -50.320427281923386 	 -13.057823990685124 	 -12.258750101428678 
C 	 -50.38646576460657 	 -12.551891284829447 	 -13.557651029314465 
H 	 -50.9539356962405 	 -13.862243887172188 	 -11.943428428873196 
C 	 -50.77652819660918 	 -11.38861450106667 	 -16.062324649596686 
C 	 -49.3764605778512 	 -12.454326032283785 	 -11.347781040115832 
N 	 -51.04466966411942 	 -10.803265196522982 	 -17.26212385528181 
C 	 -49.69885992260864 	 -11.361507248343772 	 -13.878028886313626 
H 	 -52.37952999256222 	 -10.607074037718139 	 -19.663036169055264 
C 	 -49.83074827269839 	 -10.865658938058948 	 -15.18967947639501 
C 	 -48.59435102994859 	 -11.376660418370347 	 -11.656861394382087 
H 	 -49.352657511094584 	 -12.894290722198596 	 -10.371398270634044 
C 	 -48.70299482044094 	 -10.911737321243102 	 -12.986528986467027 
C 	 -48.9267263774324 	 -9.903438144742973 	 -15.583641364572241 
C 	 -47.55448135454672 	 -10.871952644870712 	 -10.735881634788928 
N 	 -47.46875093810039 	 -11.150741043001213 	 -9.542736815298507 
C 	 -47.86616402619336 	 -9.94045652695711 	 -13.4469729096373 
C 	 -47.90302212113561 	 -9.484619740605384 	 -14.743550497326604 
C 	 -46.73613868486894 	 -9.610759181789211 	 -12.63904407159427 
N 	 -46.76111815342522 	 -9.969871606352754 	 -11.323039434764064 
H 	 -48.91054537771558 	 -9.461215272530659 	 -16.59992989809348 
C 	 -45.52474963847254 	 -9.434275700805928 	 -10.871963294986461 
C 	 -44.83024069693066 	 -9.487667343928809 	 -9.67772204006065 
N 	 -45.70363962175984 	 -8.914707793600433 	 -13.068653306713715 
C 	 -44.95036636884067 	 -8.84531407094063 	 -11.971737997397693 
H 	 -47.193755862940385 	 -8.774085854319733 	 -15.156231546141113 
N 	 -43.596281871356396 	 -9.648944069350238 	 -6.804427050155961 
H 	 -45.366774839639945 	 -10.001588177422242 	 -8.81758775468077 
C 	 -43.505354106291676 	 -8.963719574628985 	 -9.644350010680476 
C 	 -42.62397132418757 	 -9.050513451845775 	 -7.2637593056700505 
C 	 -43.74230301486976 	 -8.168065448179181 	 -11.847202772420873 
C 	 -42.9987680390008 	 -8.299118296515338 	 -10.701930765182533 
N 	 -42.603448070782406 	 -8.744962586641075 	 -8.57847156597595 
C 	 -41.21740549410015 	 -9.092229295194661 	 -5.070739655339966 
C 	 -41.29307429376809 	 -8.75301521042132 	 -6.482966440126807 
C 	 -41.574800404134706 	 -8.118731222432114 	 -9.233070601413825 
H 	 -42.06865377045151 	 -9.536505579539801 	 -4.548812535156158 
N 	 -41.80773887827104 	 -7.742390176700693 	 -10.509564505126342 
C 	 -40.0744669411556 	 -8.738298400567144 	 -4.366486672016101 
C 	 -40.23605805340017 	 -8.133050118449923 	 -7.152263328667074 
H 	 -43.29870807357903 	 -7.803519150983209 	 -12.748406831719539 
C 	 -40.33188246988465 	 -7.829202966356804 	 -8.519318727864828 
C 	 -39.013435050777026 	 -8.132293370674704 	 -5.047616819871848 
C 	 -39.160781287634265 	 -7.8398092443374825 	 -6.428612912426549 
C 	 -39.19336961044298 	 -7.395192262576248 	 -9.213717443858194 
H 	 -40.05594775341396 	 -8.780324918725915 	 -3.261833555661087 
C 	 -37.84572980757614 	 -7.58061629651406 	 -4.3026447240257895 
C 	 -38.028397911078535 	 -7.395947718933606 	 -7.136778785675745 
N 	 -37.81419970952194 	 -7.607697610495632 	 -3.1129201239695887 
C 	 -38.02607279704612 	 -7.166436919170449 	 -8.519508896456264 
H 	 -39.29961199125248 	 -7.227334648254814 	 -10.318548685873361 
C 	 -36.82797520299158 	 -6.997769664166651 	 -6.409022417458041 
N 	 -36.858250799027175 	 -7.0153655957427885 	 -5.046627798755924 
C 	 -35.46244480258841 	 -6.8622823099171635 	 -4.743205025222688 
N 	 -35.63785704530372 	 -6.851897904638585 	 -7.009777459078952 
C 	 -34.81123328953145 	 -6.42898692049378 	 -3.5542226130498906 
H 	 -37.23968616593828 	 -6.5734190449221215 	 -8.98233992984217 
C 	 -34.85789442072636 	 -6.689926150340311 	 -5.921654640079047 
H 	 -35.2979215423177 	 -6.514284964327579 	 -2.5766102127926778 
C 	 -33.4778741085773 	 -6.052062731462332 	 -3.655488801708384 
C 	 -33.589630059676466 	 -6.299098804329394 	 -6.107633809404768 
C 	 -32.83660795658581 	 -6.061105799672718 	 -4.908234251023261 
H 	 -33.19446384443117 	 -6.143765193447072 	 -7.0767882783615175 
N 	 -33.45181342446811 	 -5.343143244441856 	 -0.6759958785641561 
C 	 -32.508573078988505 	 -5.363278026166682 	 -1.3829524386450232 
N 	 -32.491068482392905 	 -5.699597038034528 	 -2.715751723016754 
C 	 -31.417591043163853 	 -5.576250793905521 	 -3.5708696087584815 
N 	 -31.545662635854022 	 -5.900960392679391 	 -4.8429042608149535 
C 	 -31.15944077539581 	 -4.88351626399163 	 -0.8273548932485032 
C 	 -31.100147619584916 	 -4.454614362549914 	 0.5452137844415014 
C 	 -30.09982006837151 	 -5.283730603551901 	 -2.9700718653929887 
C 	 -30.035744949624934 	 -4.862138234816337 	 -1.5983183676175836 
C 	 -29.871290683134735 	 -3.9632425421616615 	 1.0654839172724135 
C 	 -28.94063231679217 	 -5.368395887303888 	 -3.7135938262500328 
H 	 -32.0103849318949 	 -4.569187854108651 	 1.1617071983228404 
C 	 -28.791881166145554 	 -4.322012509632927 	 -1.1066921980118074 
C 	 -28.746053346271044 	 -3.841508954142593 	 0.18774553233516156 
C 	 -27.684479702232288 	 -5.037595431778944 	 -3.1247942140274416 
C 	 -27.60354488635167 	 -4.519616606749367 	 -1.8334513562208707 
C 	 -27.448688266408137 	 -3.2596486839084897 	 0.7445014974612928 
H 	 -29.87328141518152 	 -3.8212559522047322 	 2.126056189298526 
N 	 -27.55705654154934 	 -2.509634611040167 	 1.7024441158105645 
H 	 -28.905363148240756 	 -5.687843745769271 	 -4.727884513870889 
C 	 -26.340201831659435 	 -4.301709889231681 	 -1.1648427027634145 
N 	 -26.30506003267219 	 -3.661506102473317 	 0.11288631122825335 
C 	 -24.930797278739874 	 -3.613592994479415 	 0.39043990421182934 
N 	 -25.228557259444074 	 -4.8530928674673275 	 -1.5685355977871307 
C 	 -24.176843863935837 	 -2.981500223484595 	 1.3616608288868688 
C 	 -24.370913889042782 	 -4.338278061344541 	 -0.6492142921313652 
H 	 -26.701952592268213 	 -5.209892705166296 	 -3.543798494139158 
C 	 -22.764570095522323 	 -3.2476736477545693 	 1.3351400203134827 
N 	 -22.47288958533048 	 -0.9976379194264781 	 3.1085084453352394 
C 	 -22.971846666955436 	 -4.622673238002674 	 -0.6373711375743674 
C 	 -21.568000184953686 	 -1.7604731589731402 	 2.8499240375593176 
C 	 -22.239519186562227 	 -4.111039291296397 	 0.40950329776722333 
H 	 -24.52485726863483 	 -2.3022409323372144 	 2.177360552383527 
N 	 -21.748449782672544 	 -2.9087904241659546 	 2.2248997772916765 
C 	 -19.765387108743443 	 -0.15468709337423547 	 3.8218891806639466 
C 	 -20.122255590348747 	 -1.3836211462649508 	 3.215066545985794 
C 	 -20.722823154522374 	 -3.6325095392075046 	 1.6350914636233025 
N 	 -20.9337092100319 	 -4.340188379426308 	 0.5564446069878889 
C 	 -18.43801242188752 	 0.05836844767279312 	 4.158755192509587 
C 	 -19.126038655575012 	 -2.326841915045182 	 2.9548282360169575 
C 	 -19.4366931101442 	 -3.4842106307751193 	 2.2402393864316363 
H 	 -20.532412670608366 	 0.5185213268656693 	 4.094406175168746 
H 	 -22.48282353692176 	 -5.263516473677636 	 -1.404903532497952 
C 	 -17.42864883684784 	 -0.8734494754476686 	 3.9801685989536817 
C 	 -17.793594382843814 	 -2.1338050928337458 	 3.4161483979917335 
C 	 -18.434331255943015 	 -4.440787980763946 	 2.114383256806992 
C 	 -16.005222259554394 	 -0.6364419090640488 	 4.475751217507674 
C 	 -16.841378366570932 	 -3.1195033432009307 	 3.3406240454937794 
N 	 -15.701911062358027 	 0.46349606455224346 	 4.882253882430235 
C 	 -17.161777859795897 	 -4.309725187969742 	 2.6168969170166485 
H 	 -18.30273697402358 	 1.0110514229962932 	 4.697436652274651 
C 	 -15.499729106044677 	 -2.959627482766215 	 3.930112430923909 
N 	 -15.187143596974634 	 -1.6966317449491986 	 4.454911225545389 
C 	 -13.89128995363145 	 -1.9231340234572538 	 4.812244702160044 
C 	 -12.933126318143014 	 -1.1326763985157915 	 5.4105603161084055 
H 	 -18.623554923712025 	 -5.3211734369279835 	 1.4913575983371263 
N 	 -14.524312948018443 	 -3.868462908896221 	 3.8291502769103047 
C 	 -13.475957881198788 	 -3.1710183796100226 	 4.33016302500337 
C 	 -11.66816699771377 	 -1.6964527249706436 	 5.648528920065213 
N 	 -10.955769225968394 	 0.8313765155892285 	 7.071228687142058 
C 	 -12.281515976241634 	 -3.731706530473186 	 4.552116256374123 
C 	 -10.090672406761545 	 -0.06259455619970786 	 6.796045575370117 
H 	 -16.41306905899438 	 -5.105698531916478 	 2.5432651736096092 
C 	 -11.347640928938148 	 -2.926632652136389 	 5.080981858553151 
H 	 -13.268474382630226 	 -0.15328991861454275 	 5.735453114437186 
N 	 -10.432273019911356 	 -1.199895992106452 	 6.230761259781614 
C 	 -8.154395238670338 	 1.1838834235581859 	 7.922767912666005 
C 	 -8.622560765506195 	 0.04963248830506456 	 7.243453186099456 
C 	 -9.545282190318215 	 -2.217018883126277 	 5.812629450435177 
N 	 -10.04967752947318 	 -3.3008133191374576 	 5.206811232940808 
C 	 -6.78886288663383 	 1.3145159125154906 	 8.259285428183425 
C 	 -7.734579435250512 	 -0.9684924535422872 	 6.978607226322783 
C 	 -8.17429169246487 	 -2.094066239099032 	 6.240433513851405 
H 	 -8.87871765472526 	 1.9549745283035198 	 8.241976862203211 
C 	 -5.913154681230244 	 0.2869585421278679 	 7.946828298020654 
H 	 -12.066825504594362 	 -4.719220038662792 	 4.180326203244045 
C 	 -6.390556646690707 	 -0.8463827275794094 	 7.240180212090746 
C 	 -7.270539492567415 	 -3.087430509474512 	 5.92316699249617 
C 	 -4.489183691032974 	 0.39647080018060826 	 8.475082382659243 
C 	 -5.454108222823716 	 -1.837528386215977 	 6.931449474591522 
C 	 -5.902251669137897 	 -2.9949303747758362 	 6.280197356532624 
H 	 -6.4285029356408305 	 2.0892139807432417 	 8.859119324295342 
N 	 -4.028373953460288 	 1.3223678046371279 	 9.117425147186072 
C 	 -4.094693324911175 	 -1.586444178230141 	 7.205290480001809 
N 	 -3.7157788865264565 	 -0.719861070100642 	 8.226684943961606 
H 	 -7.669407314557878 	 -3.949204277648235 	 5.387353817843443 
C 	 -2.302488007490914 	 -0.8104741277671124 	 8.15222509825043 
N 	 -3.1138839706027395 	 -2.1712236891710885 	 6.445185880630536 
C 	 -1.2434022153462763 	 -0.2635628169193621 	 8.870679891462819 
C 	 -2.0302400561306087 	 -1.5817964845328591 	 7.018979523339855 
H 	 -5.181295618281959 	 -3.84058359920441 	 6.027430227663076 
C 	 -0.7547938613637921 	 -1.7842758574970277 	 6.609064877424512 
C 	 0.029420969377008624 	 -0.5676342990209524 	 8.426826492652744 
N 	 0.8891910174687894 	 0.7717085604766039 	 11.00617232028359 
H 	 -1.4208314008158602 	 0.24151072783935146 	 9.796325503097794 
C 	 0.27333408486668137 	 -1.2936531133537894 	 7.285554454649728 
C 	 1.5922099963017835 	 0.05345230317965021 	 10.294689888767433 
N 	 1.2468333690587003 	 -0.49524636788709864 	 9.113221063871528 
C 	 2.083790037238581 	 -1.1396969452721781 	 8.181261316878881 
N 	 1.5592318137869072 	 -1.5414564728027889 	 7.021886293534368 
C 	 3.048862391482346 	 -0.21966632534079275 	 10.639088677109747 
H 	 -0.5584317571210146 	 -2.4374071037349814 	 5.796943215642782 
C 	 3.4731071253779784 	 0.06362248309491417 	 11.938844019015804 
C 	 3.4515918237447334 	 -1.3761439841375211 	 8.601913466780458 
C 	 3.9338434010658805 	 -0.8552776870439419 	 9.794738544557902 
H 	 2.817491058272233 	 0.5481454748394302 	 12.660828878243809 
C 	 4.784083282523281 	 -0.13858764760272052 	 12.29727876479383 
C 	 4.329123895315669 	 -1.9481019326501363 	 7.668736519389019 
C 	 5.22029007153526 	 -1.1415753112859042 	 10.187999431519208 
C 	 5.67520662979871 	 -0.7021074267443016 	 11.372801715259868 
C 	 5.721326630681774 	 -2.145341202946161 	 8.0285294785181 
C 	 6.128379154974401 	 -1.7429486137550672 	 9.27980281098701 
H 	 4.102381997588273 	 -2.3465518438479616 	 6.671622670448615 
H 	 5.104335766715707 	 0.2463760889549782 	 13.269395533085323 
C 	 7.082810670669813 	 -0.9226159737218134 	 11.826855295555097 
N 	 7.519585225926242 	 -0.6005000950136078 	 12.896915144447032 
C 	 7.486783466602092 	 -2.026915525086172 	 9.722134108420375 
N 	 7.812052398741058 	 -1.7271518844661737 	 11.015411126855321 
H 	 6.4266082014189925 	 -2.4159633057838312 	 7.303576818711744 
N 	 8.426911542601545 	 -2.6724245074215163 	 8.968803583196882 
C 	 9.11534316011261 	 -2.2372676831456757 	 11.128974098921786 
C 	 9.443828541242134 	 -2.7131454973536524 	 9.891430389774452 
C 	 9.968045811916106 	 -2.35337440969595 	 12.180074101881088 
C 	 10.659293927322517 	 -3.390140075746675 	 9.608087296226604 
H 	 9.583321660623639 	 -2.126280031147262 	 13.138320743349752 
C 	 11.14240439214079 	 -3.083217031169232 	 11.972844403728676 
C 	 11.450416129398908 	 -3.601278252799739 	 10.718601368037978 
H 	 10.921098743088962 	 -3.6891413270874027 	 8.616675491181407 
H 	 11.803107380024578 	 -3.2431957295288742 	 12.765802192557786 
H 	 12.442766810126182 	 -4.123757063274142 	 10.629130935227929 
C 	 41.83306842226775 	 -0.7802185112117863 	 38.112704406088454 
C 	 42.903317459931955 	 -0.19649592959259352 	 37.46459581554702 
C 	 41.406924344397716 	 -2.115173494329879 	 37.95603688574399 
C 	 42.203015175245454 	 -2.8529925296337395 	 37.07254091608908 
C 	 43.23142792353458 	 -2.2750435548127124 	 36.399112146131934 
C 	 43.5471226479206 	 -0.9508782249768977 	 36.47435861113369 
N 	 42.08959113237933 	 -4.1824474962296865 	 36.439439457891005 
N 	 43.76671498130101 	 -2.9950107646882045 	 35.38921474758194 
C 	 43.04768717343521 	 -4.158615786140882 	 35.4302864272797 
C 	 43.047635916613565 	 -5.156717344260772 	 34.40939841365087 
C 	 41.17778512207148 	 -5.190708228960516 	 36.538871460118806 
N 	 40.25734101029177 	 -5.1031940202348975 	 37.36829434134225 
C 	 41.37418103651572 	 -6.337274636602028 	 35.61700337817465 
C 	 42.26899276329131 	 -6.273577562990579 	 34.58059627368911 
C 	 42.3417664089612 	 -7.287360190111477 	 33.65078634399541 
C 	 40.659368550609784 	 -7.518244274048019 	 35.84364682112692 
C 	 40.83904853768821 	 -8.623223177787036 	 35.02189987622365 
C 	 41.63928011396122 	 -8.482454116662591 	 33.896319986342746 
C 	 43.93299080797882 	 -5.006749696151442 	 33.30550808172196 
C 	 43.8713096882044 	 -5.9706810228238965 	 32.26151062412941 
C 	 43.13651928110056 	 -7.133245374195437 	 32.49371431540791 
C 	 41.72910631735412 	 -9.631304006231286 	 32.89846239068345 
C 	 43.07489696205031 	 -8.161658830698677 	 31.524513464271354 
N 	 42.3118812513816 	 -9.257432214133196 	 31.781330859189172 
N 	 41.22425998751662 	 -10.713442202016678 	 33.11586936699593 
N 	 43.784290112160484 	 -8.15427801419833 	 30.343360972414473 
H 	 40.49053208388772 	 -2.542147948291826 	 38.36285288109433 
H 	 44.29228471176926 	 -0.614439066330334 	 35.84800158015748 
H 	 39.95704619097284 	 -7.542318528636168 	 36.66761739305373 
H 	 40.197170547405136 	 -9.49888563758847 	 35.072893098129356 
H 	 44.50087704455091 	 -4.113298441158296 	 33.12438468499096 
H 	 44.37094176043467 	 -5.851291513573714 	 31.27919186728103 
C 	 42.45988990750602 	 -9.961924406249913 	 30.598417742538977 
C 	 43.34592455272556 	 -9.245457295955447 	 29.748919431198907 
C 	 41.76134102240301 	 -11.126046664170694 	 30.131279840255534 
C 	 42.03237618084809 	 -11.44866810150755 	 28.795367100958945 
C 	 42.92023757606703 	 -10.775490323823583 	 27.984154509753736 
C 	 43.54275293496812 	 -9.66261269111999 	 28.459890990452514 
N 	 41.46369899213494 	 -12.468515831856015 	 28.008064740893357 
N 	 43.00142256739401 	 -11.30265554009362 	 26.674951662017804 
C 	 42.10610876477805 	 -12.381102974789133 	 26.800708625854423 
C 	 41.59152430211893 	 -13.157597476855027 	 25.7019160017842 
C 	 40.448624369291444 	 -13.283166510872636 	 28.25130076305159 
N 	 39.97204123276526 	 -13.440556977434344 	 29.355012179198617 
C 	 39.81144496936253 	 -13.983414752429413 	 27.090058073386192 
C 	 40.39299508047398 	 -13.81237187789824 	 25.876773685460876 
C 	 39.78527137177727 	 -14.446715834770046 	 24.774661015809787 
C 	 38.50479922384007 	 -14.470778957312517 	 27.25117481338356 
C 	 37.95279493501829 	 -15.09220799898424 	 26.131798924417847 
C 	 38.574977776923205 	 -15.110594705707786 	 24.910705010215878 
C 	 42.248901339965236 	 -13.088785717898794 	 24.560729844860507 
C 	 41.62389586155253 	 -13.69176288595792 	 23.422796313799015 
C 	 40.33862409758561 	 -14.233691313863483 	 23.543553923169867 
C 	 38.03836511637374 	 -15.848981673116434 	 23.781249512968934 
C 	 39.65667924036571 	 -14.849030839606048 	 22.371097751076807 
N 	 38.61121515985345 	 -15.726090424318004 	 22.55049149581107 
N 	 37.06206446283908 	 -16.547775857002204 	 24.002032759794368 
N 	 39.67592114641205 	 -14.346713400356895 	 21.207021466357524 
H 	 40.96343111390894 	 -11.653039341566533 	 30.71716121417521 
H 	 44.22070301044189 	 -9.02652773657985 	 27.843475441183443 
H 	 37.93140312939358 	 -14.494617823861912 	 28.201175203335204 
H 	 36.957706563978675 	 -15.489933852170061 	 26.28582624100938 
H 	 43.26550594590163 	 -12.507553087694058 	 24.45042989139495 
H 	 42.15356289024487 	 -13.634784314003088 	 22.504225772685817 
C 	 38.55610090258513 	 10.08173575883978 	 42.07186697397886 
C 	 38.22952304246388 	 8.747128702409622 	 41.77455134708238 
C 	 39.80168867158066 	 10.55873320494527 	 41.87463540638391 
C 	 39.33837083307976 	 8.006604731246794 	 41.385208648223816 
C 	 40.84434646814038 	 9.811682747562052 	 41.39443797025922 
C 	 40.60111680334357 	 8.441522899397068 	 41.30285797303843 
C 	 38.50088765616292 	 5.610301139171509 	 41.21690449318167 
N 	 37.39611453721272 	 5.816158500812021 	 41.61464606573781 
C 	 38.05561411187904 	 3.179323550063199 	 41.02956465378257 
C 	 38.95446825517452 	 4.243097110711867 	 40.89483899618307 
C 	 40.68725879374353 	 6.486012449047037 	 40.71046631690718 
N 	 39.399232615827614 	 6.600630351737151 	 41.0668368080866 
C 	 38.39792930444614 	 1.8988385631757942 	 40.638476958315145 
C 	 40.17860290980749 	 4.043794473806775 	 40.31745621371662 
C 	 41.06046264783735 	 5.152691013420827 	 40.21579550162102 
N 	 41.4778030093956 	 7.538030333383756 	 40.82227194714568 
C 	 39.6398039895862 	 1.6570715677744972 	 40.00163257996579 
C 	 40.524067503520094 	 2.7562233349614056 	 39.861265778601435 
C 	 42.3268967451069 	 4.924344519111751 	 39.578799958646115 
C 	 40.04091321619757 	 0.2883736186092534 	 39.502249510507326 
C 	 41.73652525109497 	 2.5583788969981045 	 39.18979592819094 
H 	 37.18605625027698 	 8.325502279711884 	 41.924219152340115 
C 	 42.662615687030005 	 3.660716542310509 	 39.129519048172206 
C 	 42.026364123389584 	 1.3056333886077065 	 38.54429959896804 
N 	 39.43838644238772 	 -0.7044809204331546 	 39.872301629511725 
N 	 41.239734049371314 	 0.2235796746179162 	 38.94322965064734 
H 	 41.802407688392805 	 10.193007531332333 	 41.24038444252172 
H 	 37.05786851009277 	 3.315073542512228 	 41.332314721618175 
N 	 43.022777589470486 	 1.1299376299591062 	 37.65033329493142 
H 	 37.67857814899742 	 1.104703584495453 	 40.88341308609847 
H 	 43.01554843210785 	 5.732601909103009 	 39.39976559682666 
H 	 43.57977094801604 	 3.5163966997241745 	 38.53785567943677 
H 	 38.04234183095166 	 -16.11511948535787 	 21.743521362012373 
H 	 39.03916463610277 	 -14.690990071012827 	 20.52696740657335 
N 	 35.747250476230576 	 10.454130806945189 	 42.59417352976145 
C 	 36.55824839298692 	 11.262219695820404 	 42.926681185721364 
N 	 37.8596418288299 	 11.069739410391298 	 42.74715185229305 
C 	 34.868537043327684 	 12.969500744349524 	 43.77619363925334 
C 	 36.16883968186042 	 12.64128538046892 	 43.52131259916333 
H 	 34.085757982982464 	 12.2271654717403 	 43.595720866732044 
C 	 38.865811682137746 	 11.971650043954432 	 42.97295957202499 
N 	 40.05695253698166 	 11.704864613808963 	 42.489803406294875 
C 	 34.5462751079493 	 14.252328389792192 	 44.20098897110392 
C 	 37.18986023982459 	 13.563943516880519 	 43.82816952244067 
C 	 38.518080944876374 	 13.242542975748519 	 43.58280961118364 
H 	 33.5137715170255 	 14.520266594946763 	 44.40440932354396 
C 	 35.533697836255655 	 15.216304376312225 	 44.40597399515606 
C 	 36.91259610951194 	 14.779169868471266 	 44.437085578303346 
C 	 39.52568008654391 	 14.185994049362357 	 43.88858607040427 
C 	 35.26729857518304 	 16.617880631083896 	 44.80061081313683 
N 	 34.183695072249996 	 17.122078655396955 	 44.58222270328244 
C 	 37.90661627724378 	 15.70335257174066 	 44.883382039759034 
C 	 39.24990337322919 	 15.390281926334023 	 44.54275272322979 
H 	 40.553398771676854 	 13.994579167856253 	 43.67948701680546 
C 	 37.550224433298325 	 16.81488625621456 	 45.640504931228435 
N 	 36.23489742820621 	 17.2466214951893 	 45.51713002476497 
C 	 36.19936062006685 	 18.228474888361273 	 46.474748352287094 
C 	 35.210501866765796 	 19.168750041357413 	 46.623972311257766 
N 	 38.348164072490924 	 17.331361931256637 	 46.61608786686916 
H 	 40.06164081343849 	 16.073428129281066 	 44.757679655408175 
C 	 37.45607719875529 	 18.209924864777317 	 47.058225161122444 
H 	 34.346558889984685 	 19.216293375158834 	 45.998611243926895 
N 	 33.35878024893077 	 21.51694097025951 	 46.2728915453056 
C 	 35.58144234443876 	 20.173159277306542 	 47.50220175997547 
C 	 34.11088162630075 	 22.153697382143203 	 47.032518730202426 
C 	 37.65062396438371 	 19.072128901392357 	 48.091017324277345 
C 	 36.72098878313835 	 20.1456531699264 	 48.21454916865528 
N 	 34.99459600699819 	 21.44462193386504 	 47.70267964205141 
C 	 33.310471221573756 	 24.3709503313926 	 46.3696963908055 
C 	 34.11900198861178 	 23.633332443330684 	 47.15657305235687 
H 	 32.58372856118379 	 23.890961174930148 	 45.658731319823495 
C 	 35.837497089421525 	 21.986177025832372 	 48.62972089511438 
C 	 33.223338822795114 	 25.754507910429567 	 46.589800939253706 
N 	 36.85386879026482 	 21.225475858818164 	 48.97067444015632 
C 	 34.861807918024 	 24.15218063023037 	 48.22417762853042 
H 	 38.60821727828169 	 19.07841453838068 	 48.64538836002527 
C 	 35.733601750785894 	 23.373929942407603 	 48.98296893420726 
C 	 34.043973514694194 	 26.39475507054882 	 47.556366004884445 
H 	 32.542041710605766 	 26.215721976389077 	 45.96418334323782 
C 	 34.83479278299703 	 25.57571640898156 	 48.362885295804475 
C 	 36.480662727972586 	 23.983832336389817 	 -48.344135040326314 
C 	 33.96924525900426 	 27.85847228875899 	 47.81836223481826 
N 	 33.33402394671197 	 28.608454993195753 	 47.140798397147925 
C 	 35.669145027108975 	 26.14416653555043 	 -49.03335155418545 
C 	 36.397057020827376 	 25.371409446449157 	 -48.165712584915646 
C 	 35.69348922012869 	 27.612307475688173 	 -48.93080423577269 
N 	 34.78142057950547 	 28.36831648639027 	 48.78186204920199 
H 	 37.091272622417904 	 23.399595531460893 	 -47.62854276857122 
C 	 35.28940745222164 	 29.699455597601563 	 48.87024292240153 
C 	 34.906497134700324 	 30.8732178293128 	 48.26239114406347 
N 	 36.77963430868162 	 28.281637619767768 	 -48.474043825737034 
C 	 36.48049350152114 	 29.57663939518042 	 -48.77812767205447 
H 	 36.998606662195414 	 25.994413281434497 	 -47.42543208942092 
N 	 33.521906310097535 	 33.56693663824915 	 47.26688860094972 
H 	 33.98836997158867 	 30.93617137252247 	 47.683367535652664 
C 	 35.79531766332174 	 31.913848333515077 	 48.454172552915985 
C 	 34.56533922053209 	 34.008129138523415 	 47.67847048075412 
C 	 37.35925580239199 	 30.61809467566999 	 -48.61653169758393 
C 	 36.91350160833625 	 31.859420127310973 	 -49.15379893173697 
N 	 35.63322898420198 	 33.251558211010476 	 48.04815090701196 
C 	 33.505532008820325 	 36.24163680858627 	 47.71057574200813 
C 	 34.64900592326645 	 35.49057653844776 	 47.863884991029764 
C 	 36.81532400439924 	 33.8040942966747 	 48.534733731135915 
H 	 32.46223643454608 	 35.78584289589777 	 47.5439805054445 
N 	 37.617947998289495 	 33.00533236281922 	 -48.99943308256739 
C 	 33.62577145072447 	 37.59700193111494 	 47.67582186223823 
C 	 35.84627550686435 	 36.09882975736624 	 48.1556149513351 
H 	 38.331490155691725 	 30.63057181311553 	 -48.11392422845612 
C 	 36.93648689590676 	 35.25482952009223 	 48.43385446465149 
C 	 34.85609225220497 	 38.18793294860589 	 48.04624488977619 
C 	 35.999840111231535 	 37.47910344946493 	 48.2957447804265 
C 	 38.175332345396754 	 35.778809608864336 	 48.721902109707685 
H 	 32.78015372737065 	 38.23470992913954 	 47.39969944111053 
C 	 34.88562754769243 	 39.653196730430956 	 48.205253450242985 
C 	 37.213077605250795 	 38.051098029002546 	 48.56403809461103 
N 	 33.921426733801766 	 40.344592704458556 	 48.10362446707248 
C 	 38.30467464883859 	 37.18343167513342 	 48.73189460225175 
H 	 39.00769869844017 	 35.10864286629557 	 49.00417596651986 
C 	 37.257638893679065 	 39.51038955289354 	 48.70754984652673 
N 	 36.077173984084666 	 40.18573026523335 	 48.4825919025146 
C 	 36.40615099931636 	 41.377882252122205 	 -49.131118482439724 
N 	 38.34935277336556 	 40.19000015875066 	 49.14651284804787 
C 	 35.59745699800567 	 42.49831085457565 	 -48.72583097853427 
H 	 39.30893709962058 	 37.541896926271356 	 48.85113246518614 
C 	 37.77181653307913 	 41.389837687676085 	 -48.78878781792082 
H 	 34.52304208420595 	 42.49861907474314 	 -48.841992153240255 
C 	 36.269085182501335 	 43.53422466483874 	 -48.09863305223861 
C 	 38.38995801657965 	 42.452734677034876 	 -48.15755932805905 
C 	 37.623693226697455 	 43.60194885163655 	 -47.96972522370239 
H 	 39.46139829359204 	 42.32069771155136 	 -47.88444115341669 
N 	 33.59701845841853 	 44.4657515609586 	 -47.89697523549211 
C 	 34.488186402780684 	 45.18140332645582 	 -47.47136575383678 
N 	 35.75296511702742 	 44.7368771190269 	 -47.532695979752624 
C 	 36.92986931472869 	 45.39001297905769 	 -47.0392991940051 
N 	 38.02018956722419 	 44.69557854106115 	 -47.20469629032597 
C 	 34.30916559207857 	 46.57614334718073 	 -46.93309997457775 
C 	 33.1145642223003 	 47.23586268481939 	 -47.0716120395254 
C 	 36.68264506761745 	 46.68547979343509 	 -46.386320660095535 
C 	 35.35427904313208 	 47.23929198653799 	 -46.360632318658936 
C 	 32.95989286464935 	 48.539059551495974 	 -46.604457657827595 
C 	 37.70107679588263 	 47.250039067790546 	 -45.62622209831236 
H 	 32.19648548809228 	 46.76897623369886 	 -47.495321368927826 
C 	 35.14992877741806 	 48.436013514165765 	 -45.72869759460219 
C 	 34.009885191054465 	 49.183818184445315 	 -45.887684592014814 
C 	 37.44334673653139 	 48.37815947192118 	 -44.84890236203437 
C 	 36.18875552612114 	 48.99830734267501 	 -45.00066454835458 
C 	 33.758638670477424 	 50.46778298047659 	 -45.21911696633508 
H 	 31.94963947635397 	 49.06766759184111 	 -46.68508587047735 
N 	 32.68947244811859 	 51.00867546395767 	 -45.2283900695026 
H 	 38.677680819275224 	 46.82817581807127 	 -45.56161023782775 
C 	 35.94578498419956 	 50.27382112694523 	 -44.347941218623596 
N 	 34.7793292020136 	 50.963640608991014 	 -44.56545079176091 
C 	 34.96881585220698 	 51.99559228393034 	 -43.62901952569232 
N 	 36.77512974027522 	 50.731954007557064 	 -43.37645256522969 
C 	 33.987042243536685 	 52.90952619526303 	 -43.27441184699119 
C 	 36.120405903288066 	 51.80227135027796 	 -42.92252629807388 
H 	 38.31772148041536 	 48.7592183265415 	 -44.16989037263821 
C 	 34.15649315704796 	 53.61484908558412 	 -42.12769403154943 
N 	 31.59415883064183 	 54.49348847472194 	 -42.68114536344004 
C 	 36.31984168894305 	 52.535778943088914 	 -41.756470391206605 
C 	 32.08922718057576 	 54.856782380583404 	 -41.633461040316575 
C 	 35.27276976040004 	 53.386315016090336 	 -41.32897527249559 
H 	 33.07912713623258 	 52.9138646692402 	 -43.812558312139245 
N 	 33.29219866166431 	 54.45799673915721 	 -41.39739598111018 
C 	 30.182496248551136 	 56.307323406691886 	 -40.899847983612204 
C 	 31.48603450434591 	 55.8681758025165 	 -40.63943140726862 
C 	 34.08606670484413 	 54.87286840935716 	 -40.35032631573797 
N 	 35.25672690565889 	 54.14966643696078 	 -40.21030598261149 
C 	 29.52535411089467 	 57.19433565368781 	 -39.969157455364574 
C 	 32.218708832556196 	 56.31957953475621 	 -39.566611374734656 
C 	 33.519676177817935 	 55.81158468322748 	 -39.37707978527762 
H 	 29.598144435783183 	 55.882417792625304 	 -41.706337015267735 
H 	 37.11168247401988 	 52.304848571313364 	 -41.083942814689884 
C 	 30.250090403064426 	 57.59546987059106 	 -38.83475209068772 
C 	 31.645346705422888 	 57.18153908734843 	 -38.667934213138786 
C 	 34.33969573266474 	 56.35746398517089 	 -38.36889641603703 
C 	 29.68192884742264 	 58.54975363178221 	 -37.82634735148482 
C 	 32.40813154708562 	 57.5207715343581 	 -37.522159362838444 
N 	 28.525193298335815 	 58.95164699859622 	 -37.815605210339875 
C 	 33.76753979791424 	 57.202048598963266 	 -37.45268697416859 
H 	 28.516732179028217 	 57.587229289178794 	 -40.19787820298527 
C 	 31.66904394831991 	 58.221304427798245 	 -36.418298620537165 
N 	 30.467248954941656 	 58.80714478386 	 -36.7215337506816 
C 	 30.13059952180365 	 59.126092116025475 	 -35.387072608278174 
C 	 28.959354687542774 	 59.82378419597636 	 -34.93534599554407 
H 	 35.337004431800494 	 56.146050219306176 	 -38.39082583073693 
N 	 32.215222920859254 	 58.2962617601974 	 -35.16072614631774 
C 	 31.177191902078523 	 58.898484392953605 	 -34.556603909463085 
C 	 28.8908249567574 	 60.04364953412491 	 -33.54739425051305 
N 	 26.55013384007191 	 -61.13996266919674 	 -34.37647712624048 
C 	 31.09566659626749 	 59.138436970881884 	 -33.193891037493174 
C 	 26.936941924989537 	 -61.30269649115916 	 -33.24421464560111 
H 	 34.28721462489084 	 57.66207153058914 	 -36.655746161915424 
C 	 29.88088692825597 	 59.60937875930809 	 -32.695433879444145 
H 	 28.150633997712035 	 60.20679464507661 	 -35.595472673102186 
N 	 28.001482542714996 	 60.85003453382045 	 -32.80192871171564 
C 	 25.274479121806216 	 -59.65330016628998 	 -32.464695703222674 
C 	 26.315710019394846 	 -60.49283566739841 	 -32.14068064062347 
C 	 28.478854059416363 	 60.69213388563639 	 -31.52815424571521 
N 	 29.64818599632778 	 59.96238205255302 	 -31.419801954148472 
C 	 24.641654062024895 	 -58.89287695370944 	 -31.447832563828214 
C 	 26.638964685886577 	 -60.70705401061952 	 -30.795763178607686 
C 	 27.724263140572674 	 61.338383211507704 	 -30.51888026705093 
H 	 25.03146906803268 	 -59.47123119488429 	 -33.51781286877263 
C 	 24.87488254216569 	 -59.20016848476791 	 -30.1217597312848 
H 	 31.9223824571222 	 58.870602710563716 	 -32.54803569247601 
C 	 25.874144700264985 	 -60.08744870249154 	 -29.763883075281793 
C 	 28.074193581959673 	 61.20043149472663 	 -29.15203375414382 
C 	 24.3228819635897 	 -58.34100838424387 	 -28.99312396429677 
C 	 26.19197962552634 	 -60.38610968756038 	 -28.435337634939405 
C 	 27.31616235309448 	 -61.1593454056443 	 -28.12561714531142 
H 	 23.832260110130495 	 -58.17018251050026 	 -31.725212601892547 
N 	 23.599389779383092 	 -57.40960695746022 	 -29.237416997204132 
C 	 25.49824724619534 	 -59.642481564463644 	 -27.428908569810314 
N 	 24.554460504757195 	 -58.73281731388346 	 -27.744052884889758 
H 	 28.93166302989914 	 60.630730607947875 	 -28.816427516909748 
C 	 24.193940346729153 	 -58.27525847712909 	 -26.458317251544816 
N 	 25.8380014939325 	 -59.716528253573976 	 -26.11709778060504 
C 	 23.23797152625734 	 -57.29007520655964 	 -26.222389546017098 
C 	 24.960096617680016 	 -58.90980176301963 	 -25.50693329073665 
H 	 27.562668172846237 	 -61.32807344732263 	 -27.045567959068883 
C 	 24.890112262551906 	 -58.45061589428074 	 -24.16098288506212 
C 	 23.14394175763174 	 -56.929721017588925 	 -24.88180046040822 
N 	 21.051214861776522 	 -55.004471646337265 	 -25.875862314973013 
H 	 22.70839513560113 	 -56.825794664858236 	 -27.02347297070386 
C 	 23.94715439512901 	 -57.48225938166817 	 -23.92995053300011 
C 	 21.40963338059517 	 -55.106595770105045 	 -24.709012275795256 
N 	 22.34934086627242 	 -55.963659633530256 	 -24.247467276612582 
C 	 22.7202506407764 	 -56.18334306631682 	 -22.9022666745261 
N 	 23.73463074138432 	 -57.01996680531432 	 -22.681486024603004 
C 	 20.912641168132783 	 -54.18679427344239 	 -23.611538933141965 
H 	 25.42953237050795 	 -58.92441118137903 	 -23.380357130855828 
C 	 20.117122963622833 	 -53.10194544068222 	 -23.96320305375828 
C 	 22.03546648062096 	 -55.425735390885485 	 -21.833897906639688 
C 	 21.263264605085528 	 -54.3321147752645 	 -22.290855364925825 
H 	 19.762095140592635 	 -52.938033378069555 	 -24.991536929264996 
C 	 19.588339676680864 	 -52.306091741500595 	 -23.002379078156597 
C 	 22.351935855898024 	 -55.58367897748022 	 -20.51656258304223 
C 	 20.687876547861762 	 -53.537975638974416 	 -21.234329592613786 
C 	 19.742132310718652 	 -52.54154166816163 	 -21.60810106161144 
C 	 21.80968277740589 	 -54.7411037243702 	 -19.55628293943941 
C 	 21.00278940129066 	 -53.64342423141101 	 -19.95516563180744 
H 	 22.950962475448783 	 -56.438319371095275 	 -20.111656844623585 
H 	 18.91775198391509 	 -51.54832356474686 	 -23.344030951197414 
C 	 18.88174808355612 	 -51.88891787174841 	 -20.62369650615819 
N 	 17.974829576542945 	 -51.1695756261686 	 -21.007666571035905 
C 	 20.310575404147176 	 -52.80731770050155 	 -18.969631504195714 
N 	 19.185389234991856 	 -52.159794649380586 	 -19.39145416771395 
H 	 22.122635720229884 	 -54.906227055134806 	 -18.54429732622692 
N 	 20.556183198412814 	 -52.78575462409542 	 -17.695540890967752 
C 	 18.55147157577844 	 -51.83969873248835 	 -18.20282657508432 
C 	 19.511661246560262 	 -52.12915205789342 	 -17.237232448123716 
C 	 17.303500608656083 	 -51.237091673089694 	 -17.98383355379462 
C 	 19.208038446302478 	 -51.84433484004972 	 -15.90682620660993 
H 	 16.63326883445978 	 -50.88554705836026 	 -18.75151578313371 
C 	 17.089595077097314 	 -50.9240402565052 	 -16.63988620324797 
C 	 17.965614508829233 	 -51.24496171966431 	 -15.603010510825928 
H 	 20.058694258609002 	 -52.020782565293494 	 -15.258839340221861 
H 	 16.122887738672347 	 -50.33441543081841 	 -16.45865704719161 
H 	 17.58540828022231 	 -51.030791958580764 	 -14.568117674466844 
