C 	 54.83112554057796 	 -21.490145348460256 	 -31.990719051274468 
C 	 54.32672532362224 	 -20.20383385923154 	 -32.087939705809504 
C 	 53.985950447223324 	 -22.537969661131278 	 -32.16714493271437 
C 	 52.71422437242212 	 -22.242483844454604 	 -32.58079378532643 
C 	 52.1493305740227 	 -20.986018434289203 	 -32.69748184187487 
C 	 52.99936064155775 	 -19.90459509035396 	 -32.432059320241684 
N 	 51.76900213336783 	 -23.140557238883677 	 -33.04080038112517 
N 	 50.841804593798216 	 -20.981777069377028 	 -33.0658791070524 
C 	 50.714615567318525 	 -22.31168976462837 	 -33.306260563620725 
C 	 49.56356828070539 	 -22.879370379647625 	 -33.92430016393373 
C 	 51.75425601641936 	 -24.52246226632265 	 -33.059709500366715 
N 	 52.69134288818661 	 -25.177538762786078 	 -32.70904754904379 
C 	 50.50392096496098 	 -25.13476145020631 	 -33.470566374673666 
C 	 49.43972958905659 	 -24.279978530128673 	 -33.94997744732304 
C 	 48.23153453188559 	 -24.89773919683304 	 -34.3327851348074 
C 	 50.33256496323651 	 -26.49680831784293 	 -33.4882648661099 
C 	 49.14630133675053 	 -27.072303913770845 	 -33.83515715254168 
C 	 48.108237192337285 	 -26.298315987034822 	 -34.386965956225445 
C 	 48.45789097664908 	 -22.08121453454017 	 -34.26794970581894 
C 	 47.25541635278264 	 -22.71069234476211 	 -34.63242487127137 
C 	 47.1379407774404 	 -24.116366739955872 	 -34.73181973341041 
C 	 46.87177141067499 	 -26.94938279939103 	 -34.81763358295609 
C 	 45.90646555043776 	 -24.72215706652921 	 -35.14442049979341 
N 	 45.9211350742114 	 -26.07925761935733 	 -35.29271900006218 
N 	 46.634657323614945 	 -28.118210626774655 	 -34.616053759210075 
N 	 44.94270720523231 	 -23.97264620901312 	 -35.770633153949355 
H 	 54.28762718378269 	 -23.51119095166944 	 -32.04033014134816 
H 	 52.68147131803065 	 -18.81721876442244 	 -32.49469079259684 
H 	 51.06129939048728 	 -27.115607350840413 	 -33.051917042275264 
H 	 49.042342161322466 	 -28.197758053048787 	 -33.79827437562762 
H 	 48.48072213008447 	 -20.99689162019935 	 -34.106960641490666 
H 	 46.48018294746826 	 -21.977447691437067 	 -34.83537891029109 
C 	 44.778349405668756 	 -26.240405076927836 	 -36.0773092603271 
C 	 44.269342529230094 	 -25.019189078835318 	 -36.3234160238374 
C 	 44.087836778883215 	 -27.385307460547597 	 -36.40454562108373 
C 	 42.879646272539226 	 -27.199309346749267 	 -37.14393664552849 
C 	 42.34750334154481 	 -25.982095995113752 	 -37.39886114954572 
C 	 43.058199398791345 	 -24.863339825859754 	 -36.984402941661244 
N 	 41.91670639574687 	 -28.19871651664223 	 -37.498651553663834 
N 	 41.21532316077233 	 -26.025025046135003 	 -38.13115174350204 
C 	 40.98799639986869 	 -27.404392206516466 	 -38.12623289236176 
C 	 39.77012716929993 	 -28.06372048412134 	 -38.775438524554815 
C 	 41.86058109116129 	 -29.54224315392709 	 -37.41742450318747 
N 	 42.706069042621216 	 -30.197846430241853 	 -36.86223185872082 
C 	 40.618825220738835 	 -30.183671010415217 	 -38.01805278350811 
C 	 39.599365388441974 	 -29.434542717652334 	 -38.594890597844305 
C 	 38.44446393905561 	 -30.0340864797841 	 -39.159397201781275 
C 	 40.322844116984044 	 -31.52148071988142 	 -37.80310529468354 
C 	 39.12008270077327 	 -32.077584991124404 	 -38.285800824480695 
C 	 38.19568910149403 	 -31.372756326345982 	 -38.94222061968534 
C 	 38.88390182121028 	 -27.263516790490442 	 -39.40584613441905 
C 	 37.7476891783422 	 -27.85255433573244 	 -39.96492889194409 
C 	 37.52471384223095 	 -29.260204663404956 	 -39.88633962434785 
C 	 36.944285768383104 	 -31.960995563409163 	 -39.566347888173055 
C 	 36.280407890358205 	 -29.81188597233959 	 -40.4318660415813 
N 	 36.03232637727273 	 -31.129819169757795 	 -40.077638624301024 
N 	 36.860565179918176 	 -33.12772896746853 	 -39.69220475474755 
N 	 35.24456849489114 	 -29.39849195713355 	 -41.07617729249778 
H 	 44.47124678868697 	 -28.43061153738617 	 -36.188100846754125 
H 	 42.74780267575504 	 -23.870093462742854 	 -37.16794978700457 
H 	 41.09028258045062 	 -32.065613000699194 	 -37.24989331605842 
H 	 39.07074112475455 	 -33.17461970005557 	 -38.17456405948177 
H 	 39.07055976279204 	 -26.16777937296818 	 -39.5420327404574 
H 	 37.10050478491664 	 -27.22992458163163 	 -40.63852487078079 
C 	 -58.594762474714315 	 -17.57915295085316 	 -25.9205327772509 
C 	 -59.272241859719784 	 -18.636992945039058 	 -26.49048888709277 
C 	 -58.847167794844154 	 -16.244703753178143 	 -26.308923668346075 
C 	 -60.149576352963294 	 -18.263806918970406 	 -27.51348094157315 
C 	 -59.78833171252479 	 -15.936030497191794 	 -27.230377221237422 
C 	 -60.55064369726023 	 -16.977646523025946 	 -27.768782407149192 
C 	 -61.357005684169714 	 -20.386193607405286 	 -28.12949823618528 
N 	 -60.67383924371413 	 -21.048485836554722 	 -27.406984222407594 
C 	 60.15447115746268 	 -22.276822122033273 	 -28.836850408217966 
C 	 60.37425659300909 	 -20.929351938912216 	 -28.84715886046943 
C 	 61.10241536036661 	 -18.185171878214227 	 -28.894723741972093 
N 	 -61.052489904624544 	 -19.07188924019903 	 -28.226080327723064 
C 	 59.0791768422356 	 -22.7734213855734 	 -29.61284466894157 
C 	 59.56500790326391 	 -20.048160392488345 	 -29.565520935848543 
C 	 59.889794720123646 	 -18.67582873996303 	 -29.58786198749515 
N 	 61.34830561727358 	 -16.89137764667561 	 -28.623199199799625 
C 	 58.18346829210778 	 -21.90595750736579 	 -30.254805512605515 
C 	 58.452260220004725 	 -20.53177061377015 	 -30.23921505033564 
C 	 58.984829202497814 	 -17.77291201183471 	 -30.091605998700658 
C 	 56.85902158268365 	 -22.381749700752735 	 -30.827884224421034 
C 	 57.51863246744017 	 -19.625374642550106 	 -30.8051263803161 
H 	 -59.20768134463939 	 -19.68427804052643 	 -26.073071953231075 
C 	 57.804308380353795 	 -18.2494379854517 	 -30.73364147688099 
C 	 56.330100021699295 	 -20.090509174779058 	 -31.482146425267434 
N 	 56.531465059957625 	 -23.612735994665254 	 -30.828560373742395 
N 	 56.145794865679754 	 -21.468860824363233 	 -31.498642709786072 
H 	 -60.0292738758027 	 -14.90870411012024 	 -27.55021755468268 
H 	 60.81149719704946 	 -23.10211845569074 	 -28.393202269355303 
N 	 55.22796750571614 	 -19.31030477988441 	 -31.694257549195125 
H 	 58.9447635866169 	 -23.88196751735958 	 -29.707662603800912 
H 	 59.19669513382779 	 -16.709187740204086 	 -30.05814250988054 
H 	 57.20062242145203 	 -17.512597683075153 	 -31.17744064226468 
H 	 35.22519671391513 	 -31.60422843680601 	 -40.43500790757625 
H 	 35.04485189960415 	 -28.405609900455445 	 -40.84293486182742 
N 	 -57.62431277323002 	 -19.609730114515216 	 -24.06503957160363 
C 	 -57.41581332261768 	 -18.400009036263288 	 -23.941386334283095 
N 	 -57.708425302407115 	 -17.513616807699712 	 -24.84942750963057 
C 	 -56.21829889900447 	 -18.568539357309625 	 -21.658138228485797 
C 	 -56.66207394376281 	 -17.771724025732635 	 -22.687380272910907 
H 	 -56.40479276191135 	 -19.688366108373277 	 -21.585789169926443 
C 	 -57.584253293385444 	 -16.130550158412362 	 -24.7058715595499 
N 	 -58.24048981771339 	 -15.342590177704258 	 -25.609579875207285 
C 	 -55.637932078926085 	 -17.958305185489067 	 -20.50652333057654 
C 	 -56.361257295890766 	 -16.419715113057066 	 -22.62984416297539 
C 	 -56.75770854541199 	 -15.627659101837335 	 -23.6476824251858 
H 	 -55.27186028179552 	 -18.647535509969114 	 -19.69776503594417 
C 	 -55.25051953485365 	 -16.60022169015922 	 -20.471409040866348 
C 	 -55.709495101920915 	 -15.796812787846374 	 -21.526727070109555 
C 	 -56.280572370615076 	 -14.332257226323655 	 -23.73497082579618 
C 	 -54.45788589033282 	 -15.983834566518212 	 -19.330640822023337 
N 	 -54.161829025265035 	 -16.54719382177787 	 -18.336213992176944 
C 	 -55.33707061130271 	 -14.489660579600073 	 -21.569478754802336 
C 	 -55.58127771969828 	 -13.729540519362553 	 -22.723346200211804 
H 	 -56.38740445192215 	 -13.826296189995197 	 -24.698783322827598 
C 	 -54.50391207701854 	 -13.88536113212378 	 -20.575717823099197 
N 	 -54.23436903874884 	 -14.652266692047343 	 -19.4789339473087 
C 	 -53.46413620780525 	 -13.714401055307327 	 -18.721033751632174 
C 	 -52.92762625529779 	 -13.881674344571774 	 -17.376201370920203 
N 	 -53.82881250422053 	 -12.672723127928663 	 -20.63922703868697 
H 	 -55.215057589427346 	 -12.74462517912954 	 -22.82957116815928 
C 	 -53.2523118481061 	 -12.587177358550626 	 -19.468138918449508 
H 	 -53.03035981694171 	 -14.839218365398821 	 -16.80182105028784 
N 	 -51.934978617277686 	 -14.225524432615833 	 -14.399090392426634 
C 	 -52.13944691937936 	 -12.817114158115608 	 -16.96992226310859 
C 	 -51.25823302552699 	 -13.225671913605703 	 -14.605210588075161 
C 	 -52.423309326902555 	 -11.540620015130271 	 -19.05474572662715 
C 	 -51.86745167654145 	 -11.69819723192537 	 -17.79028957580357 
N 	 -51.37525752866281 	 -12.597219150113402 	 -15.809635948017508 
C 	 -50.320427281923386 	 -13.057823990685124 	 -12.258750101428678 
C 	 -50.38646576460657 	 -12.551891284829447 	 -13.557651029314465 
H 	 -50.9539356962405 	 -13.862243887172188 	 -11.943428428873196 
C 	 -50.77652819660918 	 -11.38861450106667 	 -16.062324649596686 
C 	 -49.3764605778512 	 -12.454326032283785 	 -11.347781040115832 
N 	 -51.04466966411942 	 -10.803265196522982 	 -17.26212385528181 
C 	 -49.69885992260864 	 -11.361507248343772 	 -13.878028886313626 
H 	 -52.37952999256222 	 -10.607074037718139 	 -19.663036169055264 
C 	 -49.83074827269839 	 -10.865658938058948 	 -15.18967947639501 
C 	 -48.59435102994859 	 -11.376660418370347 	 -11.656861394382087 
H 	 -49.352657511094584 	 -12.894290722198596 	 -10.371398270634044 
C 	 -48.70299482044094 	 -10.911737321243102 	 -12.986528986467027 
C 	 -48.9267263774324 	 -9.903438144742973 	 -15.583641364572241 
C 	 -47.55448135454672 	 -10.871952644870712 	 -10.735881634788928 
N 	 -47.46875093810039 	 -11.150741043001213 	 -9.542736815298507 
C 	 -47.86616402619336 	 -9.94045652695711 	 -13.4469729096373 
C 	 -47.90302212113561 	 -9.484619740605384 	 -14.743550497326604 
C 	 -46.73613868486894 	 -9.610759181789211 	 -12.63904407159427 
N 	 -46.76111815342522 	 -9.969871606352754 	 -11.323039434764064 
H 	 -48.91054537771558 	 -9.461215272530659 	 -16.59992989809348 
C 	 -45.52474963847254 	 -9.434275700805928 	 -10.871963294986461 
C 	 -44.83024069693066 	 -9.487667343928809 	 -9.67772204006065 
N 	 -45.70363962175984 	 -8.914707793600433 	 -13.068653306713715 
C 	 -44.95036636884067 	 -8.84531407094063 	 -11.971737997397693 
H 	 -47.193755862940385 	 -8.774085854319733 	 -15.156231546141113 
N 	 -43.596281871356396 	 -9.648944069350238 	 -6.804427050155961 
H 	 -45.366774839639945 	 -10.001588177422242 	 -8.81758775468077 
C 	 -43.505354106291676 	 -8.963719574628985 	 -9.644350010680476 
C 	 -42.62397132418757 	 -9.050513451845775 	 -7.2637593056700505 
C 	 -43.74230301486976 	 -8.168065448179181 	 -11.847202772420873 
C 	 -42.9987680390008 	 -8.299118296515338 	 -10.701930765182533 
N 	 -42.603448070782406 	 -8.744962586641075 	 -8.57847156597595 
C 	 -41.21740549410015 	 -9.092229295194661 	 -5.070739655339966 
C 	 -41.29307429376809 	 -8.75301521042132 	 -6.482966440126807 
C 	 -41.574800404134706 	 -8.118731222432114 	 -9.233070601413825 
H 	 -42.06865377045151 	 -9.536505579539801 	 -4.548812535156158 
N 	 -41.80773887827104 	 -7.742390176700693 	 -10.509564505126342 
C 	 -40.0744669411556 	 -8.738298400567144 	 -4.366486672016101 
C 	 -40.23605805340017 	 -8.133050118449923 	 -7.152263328667074 
H 	 -43.29870807357903 	 -7.803519150983209 	 -12.748406831719539 
C 	 -40.33188246988465 	 -7.829202966356804 	 -8.519318727864828 
C 	 -39.013435050777026 	 -8.132293370674704 	 -5.047616819871848 
C 	 -39.160781287634265 	 -7.8398092443374825 	 -6.428612912426549 
C 	 -39.19336961044298 	 -7.395192262576248 	 -9.213717443858194 
H 	 -40.05594775341396 	 -8.780324918725915 	 -3.261833555661087 
C 	 -37.84572980757614 	 -7.58061629651406 	 -4.3026447240257895 
C 	 -38.028397911078535 	 -7.395947718933606 	 -7.136778785675745 
N 	 -37.81419970952194 	 -7.607697610495632 	 -3.1129201239695887 
C 	 -38.02607279704612 	 -7.166436919170449 	 -8.519508896456264 
H 	 -39.29961199125248 	 -7.227334648254814 	 -10.318548685873361 
C 	 -36.82797520299158 	 -6.997769664166651 	 -6.409022417458041 
N 	 -36.858250799027175 	 -7.0153655957427885 	 -5.046627798755924 
C 	 -35.46244480258841 	 -6.8622823099171635 	 -4.743205025222688 
N 	 -35.63785704530372 	 -6.851897904638585 	 -7.009777459078952 
C 	 -34.81123328953145 	 -6.42898692049378 	 -3.5542226130498906 
H 	 -37.23968616593828 	 -6.5734190449221215 	 -8.98233992984217 
C 	 -34.85789442072636 	 -6.689926150340311 	 -5.921654640079047 
H 	 -35.2979215423177 	 -6.514284964327579 	 -2.5766102127926778 
C 	 -33.4778741085773 	 -6.052062731462332 	 -3.655488801708384 
C 	 -33.589630059676466 	 -6.299098804329394 	 -6.107633809404768 
C 	 -32.83660795658581 	 -6.061105799672718 	 -4.908234251023261 
H 	 -33.19446384443117 	 -6.143765193447072 	 -7.0767882783615175 
N 	 -33.45181342446811 	 -5.343143244441856 	 -0.6759958785641561 
C 	 -32.508573078988505 	 -5.363278026166682 	 -1.3829524386450232 
N 	 -32.491068482392905 	 -5.699597038034528 	 -2.715751723016754 
C 	 -31.417591043163853 	 -5.576250793905521 	 -3.5708696087584815 
N 	 -31.545662635854022 	 -5.900960392679391 	 -4.8429042608149535 
C 	 -31.15944077539581 	 -4.88351626399163 	 -0.8273548932485032 
C 	 -31.100147619584916 	 -4.454614362549914 	 0.5452137844415014 
C 	 -30.09982006837151 	 -5.283730603551901 	 -2.9700718653929887 
C 	 -30.035744949624934 	 -4.862138234816337 	 -1.5983183676175836 
C 	 -29.871290683134735 	 -3.9632425421616615 	 1.0654839172724135 
C 	 -28.94063231679217 	 -5.368395887303888 	 -3.7135938262500328 
H 	 -32.0103849318949 	 -4.569187854108651 	 1.1617071983228404 
C 	 -28.791881166145554 	 -4.322012509632927 	 -1.1066921980118074 
C 	 -28.746053346271044 	 -3.841508954142593 	 0.18774553233516156 
C 	 -27.684479702232288 	 -5.037595431778944 	 -3.1247942140274416 
C 	 -27.60354488635167 	 -4.519616606749367 	 -1.8334513562208707 
C 	 -27.448688266408137 	 -3.2596486839084897 	 0.7445014974612928 
H 	 -29.87328141518152 	 -3.8212559522047322 	 2.126056189298526 
N 	 -27.55705654154934 	 -2.509634611040167 	 1.7024441158105645 
H 	 -28.905363148240756 	 -5.687843745769271 	 -4.727884513870889 
C 	 -26.340201831659435 	 -4.301709889231681 	 -1.1648427027634145 
N 	 -26.30506003267219 	 -3.661506102473317 	 0.11288631122825335 
C 	 -24.930797278739874 	 -3.613592994479415 	 0.39043990421182934 
N 	 -25.228557259444074 	 -4.8530928674673275 	 -1.5685355977871307 
C 	 -24.176843863935837 	 -2.981500223484595 	 1.3616608288868688 
C 	 -24.370913889042782 	 -4.338278061344541 	 -0.6492142921313652 
H 	 -26.701952592268213 	 -5.209892705166296 	 -3.543798494139158 
C 	 -22.764570095522323 	 -3.2476736477545693 	 1.3351400203134827 
N 	 -22.47288958533048 	 -0.9976379194264781 	 3.1085084453352394 
C 	 -22.971846666955436 	 -4.622673238002674 	 -0.6373711375743674 
C 	 -21.568000184953686 	 -1.7604731589731402 	 2.8499240375593176 
C 	 -22.239519186562227 	 -4.111039291296397 	 0.40950329776722333 
H 	 -24.52485726863483 	 -2.3022409323372144 	 2.177360552383527 
N 	 -21.748449782672544 	 -2.9087904241659546 	 2.2248997772916765 
C 	 -19.765387108743443 	 -0.15468709337423547 	 3.8218891806639466 
C 	 -20.122255590348747 	 -1.3836211462649508 	 3.215066545985794 
C 	 -20.722823154522374 	 -3.6325095392075046 	 1.6350914636233025 
N 	 -20.9337092100319 	 -4.340188379426308 	 0.5564446069878889 
C 	 -18.43801242188752 	 0.05836844767279312 	 4.158755192509587 
C 	 -19.126038655575012 	 -2.326841915045182 	 2.9548282360169575 
C 	 -19.4366931101442 	 -3.4842106307751193 	 2.2402393864316363 
H 	 -20.532412670608366 	 0.5185213268656693 	 4.094406175168746 
H 	 -22.48282353692176 	 -5.263516473677636 	 -1.404903532497952 
C 	 -17.42864883684784 	 -0.8734494754476686 	 3.9801685989536817 
C 	 -17.793594382843814 	 -2.1338050928337458 	 3.4161483979917335 
C 	 -18.434331255943015 	 -4.440787980763946 	 2.114383256806992 
C 	 -16.005222259554394 	 -0.6364419090640488 	 4.475751217507674 
C 	 -16.841378366570932 	 -3.1195033432009307 	 3.3406240454937794 
N 	 -15.701911062358027 	 0.46349606455224346 	 4.882253882430235 
C 	 -17.161777859795897 	 -4.309725187969742 	 2.6168969170166485 
H 	 -18.30273697402358 	 1.0110514229962932 	 4.697436652274651 
C 	 -15.499729106044677 	 -2.959627482766215 	 3.930112430923909 
N 	 -15.187143596974634 	 -1.6966317449491986 	 4.454911225545389 
C 	 -13.89128995363145 	 -1.9231340234572538 	 4.812244702160044 
C 	 -12.933126318143014 	 -1.1326763985157915 	 5.4105603161084055 
H 	 -18.623554923712025 	 -5.3211734369279835 	 1.4913575983371263 
N 	 -14.524312948018443 	 -3.868462908896221 	 3.8291502769103047 
C 	 -13.475957881198788 	 -3.1710183796100226 	 4.33016302500337 
C 	 -11.66816699771377 	 -1.6964527249706436 	 5.648528920065213 
N 	 -10.955769225968394 	 0.8313765155892285 	 7.071228687142058 
C 	 -12.281515976241634 	 -3.731706530473186 	 4.552116256374123 
C 	 -10.090672406761545 	 -0.06259455619970786 	 6.796045575370117 
H 	 -16.41306905899438 	 -5.105698531916478 	 2.5432651736096092 
C 	 -11.347640928938148 	 -2.926632652136389 	 5.080981858553151 
H 	 -13.268474382630226 	 -0.15328991861454275 	 5.735453114437186 
N 	 -10.432273019911356 	 -1.199895992106452 	 6.230761259781614 
C 	 -8.154395238670338 	 1.1838834235581859 	 7.922767912666005 
C 	 -8.622560765506195 	 0.04963248830506456 	 7.243453186099456 
C 	 -9.545282190318215 	 -2.217018883126277 	 5.812629450435177 
N 	 -10.04967752947318 	 -3.3008133191374576 	 5.206811232940808 
C 	 -6.78886288663383 	 1.3145159125154906 	 8.259285428183425 
C 	 -7.734579435250512 	 -0.9684924535422872 	 6.978607226322783 
C 	 -8.17429169246487 	 -2.094066239099032 	 6.240433513851405 
H 	 -8.87871765472526 	 1.9549745283035198 	 8.241976862203211 
C 	 -5.913154681230244 	 0.2869585421278679 	 7.946828298020654 
H 	 -12.066825504594362 	 -4.719220038662792 	 4.180326203244045 
C 	 -6.390556646690707 	 -0.8463827275794094 	 7.240180212090746 
C 	 -7.270539492567415 	 -3.087430509474512 	 5.92316699249617 
C 	 -4.489183691032974 	 0.39647080018060826 	 8.475082382659243 
C 	 -5.454108222823716 	 -1.837528386215977 	 6.931449474591522 
C 	 -5.902251669137897 	 -2.9949303747758362 	 6.280197356532624 
H 	 -6.4285029356408305 	 2.0892139807432417 	 8.859119324295342 
N 	 -4.028373953460288 	 1.3223678046371279 	 9.117425147186072 
C 	 -4.094693324911175 	 -1.586444178230141 	 7.205290480001809 
N 	 -3.7157788865264565 	 -0.719861070100642 	 8.226684943961606 
H 	 -7.669407314557878 	 -3.949204277648235 	 5.387353817843443 
C 	 -2.302488007490914 	 -0.8104741277671124 	 8.15222509825043 
N 	 -3.1138839706027395 	 -2.1712236891710885 	 6.445185880630536 
C 	 -1.2434022153462763 	 -0.2635628169193621 	 8.870679891462819 
C 	 -2.0302400561306087 	 -1.5817964845328591 	 7.018979523339855 
H 	 -5.181295618281959 	 -3.84058359920441 	 6.027430227663076 
C 	 -0.7547938613637921 	 -1.7842758574970277 	 6.609064877424512 
C 	 0.029420969377008624 	 -0.5676342990209524 	 8.426826492652744 
N 	 0.8891910174687894 	 0.7717085604766039 	 11.00617232028359 
H 	 -1.4208314008158602 	 0.24151072783935146 	 9.796325503097794 
C 	 0.27333408486668137 	 -1.2936531133537894 	 7.285554454649728 
C 	 1.5922099963017835 	 0.05345230317965021 	 10.294689888767433 
N 	 1.2468333690587003 	 -0.49524636788709864 	 9.113221063871528 
C 	 2.083790037238581 	 -1.1396969452721781 	 8.181261316878881 
N 	 1.5592318137869072 	 -1.5414564728027889 	 7.021886293534368 
C 	 3.048862391482346 	 -0.21966632534079275 	 10.639088677109747 
H 	 -0.5584317571210146 	 -2.4374071037349814 	 5.796943215642782 
C 	 3.4731071253779784 	 0.06362248309491417 	 11.938844019015804 
C 	 3.4515918237447334 	 -1.3761439841375211 	 8.601913466780458 
C 	 3.9338434010658805 	 -0.8552776870439419 	 9.794738544557902 
H 	 2.817491058272233 	 0.5481454748394302 	 12.660828878243809 
C 	 4.784083282523281 	 -0.13858764760272052 	 12.29727876479383 
C 	 4.329123895315669 	 -1.9481019326501363 	 7.668736519389019 
C 	 5.22029007153526 	 -1.1415753112859042 	 10.187999431519208 
C 	 5.67520662979871 	 -0.7021074267443016 	 11.372801715259868 
C 	 5.721326630681774 	 -2.145341202946161 	 8.0285294785181 
C 	 6.128379154974401 	 -1.7429486137550672 	 9.27980281098701 
H 	 4.102381997588273 	 -2.3465518438479616 	 6.671622670448615 
H 	 5.104335766715707 	 0.2463760889549782 	 13.269395533085323 
C 	 7.082810670669813 	 -0.9226159737218134 	 11.826855295555097 
N 	 7.519585225926242 	 -0.6005000950136078 	 12.896915144447032 
C 	 7.486783466602092 	 -2.026915525086172 	 9.722134108420375 
N 	 7.812052398741058 	 -1.7271518844661737 	 11.015411126855321 
H 	 6.4266082014189925 	 -2.4159633057838312 	 7.303576818711744 
N 	 8.426911542601545 	 -2.6724245074215163 	 8.968803583196882 
C 	 9.11534316011261 	 -2.2372676831456757 	 11.128974098921786 
C 	 9.443828541242134 	 -2.7131454973536524 	 9.891430389774452 
C 	 9.968045811916106 	 -2.35337440969595 	 12.180074101881088 
C 	 10.659293927322517 	 -3.390140075746675 	 9.608087296226604 
H 	 9.583321660623639 	 -2.126280031147262 	 13.138320743349752 
C 	 11.14240439214079 	 -3.083217031169232 	 11.972844403728676 
C 	 11.450416129398908 	 -3.601278252799739 	 10.718601368037978 
H 	 10.921098743088962 	 -3.6891413270874027 	 8.616675491181407 
H 	 11.803107380024578 	 -3.2431957295288742 	 12.765802192557786 
H 	 12.442766810126182 	 -4.123757063274142 	 10.629130935227929 
C 	 -56.96084441680615 	 5.628377118638082 	 -4.496933416784294 
C 	 -56.14465298867332 	 4.564039107471165 	 -4.057144454746603 
C 	 -57.13169096266469 	 6.793457314097602 	 -3.7876791871840294 
C 	 -56.581775043492726 	 6.798937882241781 	 -2.5098078479251917 
C 	 -55.81011462372428 	 5.732818220426999 	 -2.0506761301382834 
C 	 -55.546049841620615 	 4.625936984258863 	 -2.791202015820977 
N 	 -56.51609522316002 	 7.820028221017485 	 -1.5485019855383473 
N 	 -55.270947229457235 	 5.992932798668329 	 -0.8569772529293297 
C 	 -55.63820852251964 	 7.243075598094288 	 -0.6146243811551497 
C 	 -55.24100182194317 	 8.060982164363207 	 0.510090467772122 
C 	 -57.16655778205007 	 8.979978141515561 	 -1.3886875627908206 
N 	 -57.90716883754001 	 9.537427953314776 	 -2.198438633348851 
C 	 -56.83100330227634 	 9.739630300427105 	 -0.10340449771756621 
C 	 -55.889367575267954 	 9.272205901578383 	 0.8221184440914422 
C 	 -55.53029991984419 	 10.006236127466842 	 2.0088862777046255 
C 	 -57.475386216864266 	 10.893867248607359 	 0.1995642071233791 
C 	 -57.28780073956617 	 11.554493166221903 	 1.4057483529875765 
C 	 -56.266100353104655 	 11.144482527374503 	 2.311986149296428 
C 	 -54.20940529863796 	 7.64873316322344 	 1.3540417289962015 
C 	 -53.8139837257082 	 8.432041905012051 	 2.45012554917505 
C 	 -54.34853464628224 	 9.674472736048827 	 2.73912132985016 
C 	 -55.84818256403312 	 11.992885460213548 	 3.471450107741712 
C 	 -53.957612938110756 	 10.486227408628572 	 3.8286326199003615 
N 	 -54.706303384458124 	 11.645975550515411 	 4.1456749559228365 
N 	 -56.549627872272424 	 12.944087730979366 	 3.7671680930516063 
N 	 -52.69572004615425 	 10.434949711075719 	 4.418039349120922 
H 	 -57.816617809726885 	 7.527059479630563 	 -4.144966258758093 
H 	 -54.90180871075029 	 3.8862441118008753 	 -2.36717271105772 
H 	 -58.253570234980124 	 11.254841645458617 	 -0.4733040847997315 
H 	 -57.91329970781606 	 12.461138657485506 	 1.5923109745331092 
H 	 -53.70641933675595 	 6.667816947648432 	 1.1515655954242658 
H 	 -52.98042067605451 	 8.030302969124085 	 3.0352482997971686 
C 	 -53.838929600999315 	 12.289202192408698 	 5.125520314955347 
C 	 -52.69878955811157 	 11.488069042479632 	 5.201860985647216 
C 	 -54.00944500906584 	 13.42630302851834 	 5.896884398447152 
C 	 -52.88565220818226 	 13.847618115442852 	 6.574249710317956 
C 	 -51.72749771606309 	 13.123226492808127 	 6.51464704259569 
C 	 -51.623756683673676 	 11.887348597904444 	 5.9086270819399225 
N 	 -52.60174591809299 	 14.947700797518158 	 7.377283076179353 
N 	 -50.688406336089095 	 13.652377185429897 	 7.16161175936127 
C 	 -51.280754872848654 	 14.815700667101726 	 7.628838808630218 
C 	 -50.679775928207796 	 15.750816768308825 	 8.500158748181443 
C 	 -53.348583931485244 	 15.97153032366539 	 7.833714124776474 
N 	 -54.528928735016606 	 15.935652190534695 	 7.61824209192177 
C 	 -52.743414999797714 	 16.941090423088472 	 8.776741018372563 
C 	 -51.40320771990546 	 16.791952820003154 	 9.08497360796615 
C 	 -50.813924761087144 	 17.61809884982827 	 10.056070269683715 
C 	 -53.506206367687064 	 17.877215575355887 	 9.320893033906174 
C 	 -52.95241167618775 	 18.839379345830718 	 10.158160430992421 
C 	 -51.63189512760011 	 18.635839727543726 	 10.650062403961742 
C 	 -49.369965285801435 	 15.478502758936552 	 9.019404443575175 
C 	 -48.734783047392845 	 16.340851890591733 	 9.932516336554785 
C 	 -49.43789976720239 	 17.417295691236692 	 10.436843678052762 
C 	 -50.933605505701806 	 19.68356750546076 	 11.458721129388346 
C 	 -48.982213988090045 	 18.161175721131258 	 11.600912379552966 
N 	 -49.704348549050245 	 19.30810595196904 	 11.942427227777394 
N 	 -51.435712905854125 	 20.62661792472169 	 12.05737059732071 
N 	 -48.210940687148394 	 17.62352890627728 	 12.466093489206338 
H 	 -54.779357584297145 	 14.159952026889068 	 5.73459778252783 
H 	 -50.76593884023378 	 11.328920364580823 	 5.8469141873889505 
H 	 -54.58072352671709 	 17.851670917906542 	 9.062049686282531 
H 	 -53.512701926560595 	 19.717637750868562 	 10.487647628039491 
H 	 -48.87265068949163 	 14.585327819221975 	 8.697680044152277 
H 	 -47.6685970743337 	 16.237046639185937 	 10.247425414816696 
C 	 -58.736582173369236 	 -0.35439915267767097 	 -14.678579401536371 
C 	 -58.9766902936006 	 0.7492848474049043 	 -13.916042117461336 
C 	 -58.266012251636326 	 -1.5338380701488297 	 -14.08455365109082 
C 	 -58.61170929978597 	 0.7321964359150647 	 -12.57756865592538 
C 	 -57.72815871551073 	 -1.4769511586227226 	 -12.825804946388223 
C 	 -57.92559404845783 	 -0.3248919504176552 	 -12.101201918309698 
C 	 -59.09076196192268 	 2.877514319497169 	 -11.49787375504362 
N 	 -59.95854624670439 	 3.2875976578260837 	 -12.264135455950791 
C 	 -59.32424407427342 	 4.890126833432749 	 -10.155020333636106 
C 	 -58.809684910159504 	 3.6072512366382203 	 -10.233697740357728 
C 	 -57.770789214192945 	 1.080720244885795 	 -10.582837419664592 
N 	 -58.430638052283065 	 1.6918355021269367 	 -11.60272557464838 
C 	 -59.00687857435805 	 5.658710588477822 	 -9.026086736482513 
C 	 -57.97527845583699 	 3.160195427822528 	 -9.26754294862997 
C 	 -57.38844969564438 	 1.8922625437252554 	 -9.410749242727903 
N 	 -57.30911388597569 	 -0.1752706130900858 	 -10.90701818373646 
C 	 -58.24902747491517 	 5.090471343738858 	 -7.982974709851693 
C 	 -57.77970979788457 	 3.8159566024709055 	 -8.057806676617142 
C 	 -56.64337177547213 	 1.2565546846260773 	 -8.417731513725558 
C 	 -57.98315477072153 	 5.95413774424752 	 -6.807285541289144 
C 	 -56.91622563251961 	 3.2788230973525447 	 -7.110595296744111 
H 	 -59.484138915298914 	 1.6081112575469676 	 -14.236555473337214 
C 	 -56.402680566227744 	 1.9192839548002931 	 -7.236475974750915 
C 	 -56.64754004840962 	 4.022298915592209 	 -5.979588198623766 
N 	 -58.35487598646572 	 7.104515236915522 	 -6.623038551883683 
N 	 -57.3021909589935 	 5.2605031278215675 	 -5.8472493929339935 
H 	 -57.221077421414165 	 -2.304628021431276 	 -12.425406857964918 
H 	 -59.89263048479838 	 5.357698725325017 	 -10.987258351551302 
N 	 -55.88872763959869 	 3.607554170096118 	 -4.966722666367571 
H 	 -59.39803124235238 	 6.737974822653915 	 -8.885127609494154 
H 	 -56.180902460630584 	 0.28579574169603406 	 -8.622311065389939 
H 	 -55.749877143216416 	 1.4603131538180623 	 -6.461363890714896 
H 	 -49.383450488619275 	 19.90975698581086 	 12.654668244135355 
H 	 -47.963341334865845 	 16.66361426741721 	 12.239241433138243 
N 	 -59.55476501629852 	 1.373112920698587 	 -16.97124290286162 
C 	 -59.349133455966054 	 0.15334101929836397 	 -17.09766548272502 
N 	 -59.002503524560936 	 -0.6357826130367564 	 -16.003213752085692 
C 	 -59.65123567208029 	 0.15517985001915607 	 -19.529622306083283 
C 	 -59.319472666340694 	 -0.5887303187317511 	 -18.410777326791223 
H 	 -59.899897907590514 	 1.1768996900769289 	 -19.433449582960648 
C 	 -58.67508213018621 	 -1.9684458763488792 	 -16.077389273558673 
N 	 -58.15174819749252 	 -2.508783761965104 	 -14.936674250650714 
C 	 -59.49318917903062 	 -0.3672782958814214 	 -20.756220770039665 
C 	 -59.023368650855744 	 -1.977941258200746 	 -18.48407730886742 
C 	 -58.60178427064776 	 -2.609482412728729 	 -17.34837021766756 
H 	 -59.711000836250555 	 0.19058539415377582 	 -21.610694181052896 
C 	 -59.29180490212298 	 -1.7596883678908992 	 -20.919616872214473 
C 	 -59.03369761390947 	 -2.522960016387246 	 -19.778211606649894 
C 	 -58.27552388177514 	 -3.9562505804222834 	 -17.532262223012168 
C 	 -59.13220512219894 	 -2.3354348718066125 	 -22.326219376389595 
N 	 -59.306286952028216 	 -1.6380666665807828 	 -23.30064478613089 
C 	 -58.71032978648645 	 -3.879593012954361 	 -19.92792125690975 
C 	 -58.362145110007624 	 -4.5915466650987575 	 -18.79713510489224 
H 	 -58.05624319460046 	 -4.53714925399132 	 -16.619096897444265 
C 	 -58.777162832466715 	 -4.492324790076692 	 -21.23266107941605 
N 	 -58.85196830302136 	 -3.6824344268347673 	 -22.366323976190422 
C 	 -58.65627243864909 	 -4.58123209685306 	 -23.40282978383868 
C 	 -58.41898001800882 	 -4.321784162907169 	 -24.747796315143702 
N 	 -58.48846846692994 	 -5.772035987806011 	 -21.497693990528223 
H 	 -58.23773287434458 	 -5.672976016233638 	 -18.92323249457843 
C 	 -58.50610104233274 	 -5.801783377756148 	 -22.830283490506382 
H 	 -58.382650438538604 	 -3.289551242049376 	 -25.071612126398826 
N 	 -58.09998137247971 	 -3.439521905987698 	 -27.582381915920887 
C 	 -58.163598013907894 	 -5.440134054024972 	 -25.495540046927434 
C 	 -57.60210415926409 	 -4.522983387180539 	 -27.748320433052637 
C 	 -58.26797758603416 	 -6.923967706571819 	 -23.622203569623377 
C 	 -58.00153976823653 	 -6.708884735124071 	 -24.991028423734203 
N 	 -57.8056845124196 	 -5.541553444497517 	 -26.844497971082777 
C 	 -56.55260672746063 	 -4.098453106266647 	 -30.01918287429931 
C 	 -56.88221440402249 	 -4.944053281464687 	 -29.00235412739636 
H 	 -56.90475265899077 	 -3.091265544063447 	 -30.026513624144293 
C 	 -57.308354049714545 	 -6.817339846065344 	 -26.911759087739426 
C 	 -55.80314430623487 	 -4.431564305177857 	 -31.128594186581104 
N 	 -57.49463599938417 	 -7.610044331045942 	 -25.816148533360785 
C 	 -56.49588219388083 	 -6.287319082029274 	 -29.156226226744945 
H 	 -57.99497224509231 	 -7.884488425421432 	 -23.16374989405601 
C 	 -56.68814366315206 	 -7.20482824109797 	 -28.12544972938321 
C 	 -55.23821032936432 	 -5.662189723674438 	 -31.20669639952023 
H 	 -55.71153107374115 	 -3.7101825942678213 	 -31.97724155719652 
C 	 -55.60627173817539 	 -6.615317905431332 	 -30.211379294357393 
C 	 -56.21706344320194 	 -8.526196409248342 	 -28.276335661991126 
C 	 -54.40376436278819 	 -6.027448306433211 	 -32.355447722018134 
N 	 -54.05028734963293 	 -5.248850759391942 	 -33.25521947352684 
C 	 -55.040626611546465 	 -7.947002334482338 	 -30.242055684785946 
C 	 -55.42462081478655 	 -8.9237558555127 	 -29.34104383229063 
C 	 -54.11478669358713 	 -8.221085443460954 	 -31.289814354305022 
N 	 -53.999919079651775 	 -7.337107595187898 	 -32.37181174524546 
H 	 -56.42116284186354 	 -9.350458172686128 	 -27.636466569003115 
C 	 -52.93458589454886 	 -7.956394051522763 	 -33.14846897075282 
C 	 -52.178199525804466 	 -7.456800220027124 	 -34.20480468364773 
N 	 -53.181314181020284 	 -9.21403568252163 	 -31.230840447115256 
C 	 -52.51030954455433 	 -8.992213520871742 	 -32.319010664626425 
H 	 -55.07145874128257 	 -9.984215105502876 	 -29.42193899790408 
N 	 -50.49448605601293 	 -6.2967176638504325 	 -36.72694939559601 
H 	 -52.452952160816466 	 -6.5143446931922515 	 -34.76985336924594 
C 	 -50.94108679873556 	 -8.158242875121498 	 -34.363309443126134 
C 	 -49.604053091256645 	 -6.872975368161573 	 -36.145734536467685 
C 	 -51.345423145915774 	 -9.708746825272781 	 -32.537756267404106 
C 	 -50.562551617294105 	 -9.319293817603475 	 -33.612972689452455 
N 	 -49.79020546296769 	 -7.8086044585249565 	 -35.16763241653592 
C 	 -47.865045094692455 	 -5.548671073758211 	 -37.24565858962822 
C 	 -48.192585824379776 	 -6.71276956122981 	 -36.52083746172347 
C 	 -48.86592666488587 	 -8.739461357142172 	 -34.72664389748716 
H 	 -48.687829334433616 	 -4.854883919472449 	 -37.60912428855244 
N 	 -49.27875018004107 	 -9.687717506569072 	 -33.82064253438464 
C 	 -46.52628441438569 	 -5.367531043783463 	 -37.575675414803854 
C 	 -47.16275687816051 	 -7.5665113744390196 	 -36.034502802546555 
H 	 -50.938725915704055 	 -10.439962663453747 	 -31.897854472103116 
C 	 -47.49356951486475 	 -8.589407688728251 	 -35.15297629021411 
C 	 -45.551303232016004 	 -6.224847375019773 	 -37.15273586037059 
C 	 -45.85151659741988 	 -7.301552331635366 	 -36.31779671738741 
C 	 -46.45122257672314 	 -9.279122854498047 	 -34.60108298648759 
H 	 -46.30838311849318 	 -4.433308336277774 	 -38.155705112409144 
C 	 -44.09761227908081 	 -5.878083889939797 	 -37.536327938854356 
C 	 -44.754362539186296 	 -7.986826500659891 	 -35.74664451055756 
N 	 -43.75445635216287 	 -4.887528829746211 	 -38.160590077468036 
C 	 -45.07504515741806 	 -8.958740192185948 	 -34.82374473068527 
H 	 -46.68143380296709 	 -9.981829510901889 	 -33.83636616616259 
C 	 -43.371593032681744 	 -7.599289842582696 	 -36.014779206495106 
N 	 -43.166346780132294 	 -6.650944556678524 	 -36.96169686310442 
C 	 -41.75068473334777 	 -6.502255219986479 	 -36.85081175484599 
N 	 -42.33821165278773 	 -7.931701668646959 	 -35.20058819072679 
C 	 -40.82797373278232 	 -5.692255265123623 	 -37.48909555318488 
H 	 -44.26920259427338 	 -9.469353837775676 	 -34.390374650075785 
C 	 -41.33717878448942 	 -7.329341371911874 	 -35.79051716640218 
H 	 -41.16468598441987 	 -5.036772133209164 	 -38.40059885712491 
C 	 -39.53076312576005 	 -5.759553675183872 	 -37.00066430132059 
C 	 -40.029133318809514 	 -7.34972804269821 	 -35.35701152008252 
C 	 -39.122753488663136 	 -6.626997268639766 	 -36.07604677558106 
H 	 -39.803366626564205 	 -7.985286639196472 	 -34.573011188031856 
N 	 -38.91697529508629 	 -3.8278837495193465 	 -39.13702319412015 
C 	 -38.01423141352929 	 -4.387077343277336 	 -38.58290367485669 
N 	 -38.315633282152916 	 -5.204402273804062 	 -37.56229263829914 
C 	 -37.383748054051594 	 -5.718652577601183 	 -36.663529380693966 
N 	 -37.85481745959372 	 -6.553028816700729 	 -35.6774763401948 
C 	 -36.573214540263855 	 -4.071783205376335 	 -38.7694759585075 
C 	 -36.06089406764451 	 -3.3480638309321225 	 -39.89435953198905 
C 	 -36.0279538447461 	 -5.238687548763046 	 -36.66656842036763 
C 	 -35.65052837734775 	 -4.383604446436706 	 -37.715812322747354 
C 	 -34.749833127412884 	 -2.959537344888124 	 -39.96386396057163 
C 	 -35.09378578879556 	 -5.715455757625903 	 -35.764967320627726 
H 	 -36.76314993303414 	 -3.1380798440989435 	 -40.69651137883261 
C 	 -34.34341910257748 	 -3.992561671277739 	 -37.77926762294159 
C 	 -33.89339261409173 	 -3.212745464950818 	 -38.85667357852363 
C 	 -33.79025722871996 	 -5.175268136091201 	 -35.696357922739935 
C 	 -33.43002173131288 	 -4.363865145930884 	 -36.772652084908486 
C 	 -32.51985713386317 	 -2.697287201277182 	 -38.95286955133682 
H 	 -34.36871503281068 	 -2.3451534020562432 	 -40.788702423233566 
N 	 -32.19656484614738 	 -1.8685036975073033 	 -39.79300536937706 
H 	 -35.376183358515114 	 -6.467628134112653 	 -35.05402633843615 
C 	 -32.04233746970843 	 -4.021598274046935 	 -37.00306782454393 
N 	 -31.74568921106499 	 -3.1133190446704395 	 -38.0103727016343 
C 	 -30.37174226384065 	 -2.7962191593480448 	 -37.65486934113897 
N 	 -31.075415699799965 	 -4.298442572246744 	 -36.09962245434509 
C 	 -29.488371833400613 	 -1.960297303094464 	 -38.27184040137615 
C 	 -30.07713244742875 	 -3.5389494901278225 	 -36.58539329050926 
H 	 -33.186805149028 	 -5.362370977359894 	 -34.84293889206883 
C 	 -28.260122230260208 	 -1.8686583220462605 	 -37.6376302893272 
N 	 -27.57249463992874 	 0.04979810601554676 	 -39.772940523320585 
C 	 -28.863982631916606 	 -3.4477771635822663 	 -35.9617664814894 
C 	 -26.782350529876027 	 -0.1366939375632808 	 -38.88606233951174 
C 	 -27.93032738102419 	 -2.589874966694819 	 -36.52230541446423 
H 	 -29.839642170882605 	 -1.2730202695869322 	 -39.03843635904076 
N 	 -27.159135096981984 	 -1.0075996935560283 	 -37.86604874141057 
C 	 -25.214813109112313 	 1.6051297608158965 	 -39.532045719152165 
C 	 -25.539633781238937 	 0.5930802367734201 	 -38.68456921948762 
C 	 -26.288695376043805 	 -1.352208559725444 	 -36.82829186820868 
N 	 -26.734019364528727 	 -2.287972949298258 	 -35.96024213162208 
C 	 -24.00329219819334 	 2.2483245748589042 	 -39.463272999020816 
C 	 -24.60928025941924 	 0.29686885861270856 	 -37.626331619238336 
C 	 -24.984570602198907 	 -0.6924134970166805 	 -36.711871666729444 
H 	 -25.878369599363484 	 1.9574510152167415 	 -40.298291831073435 
H 	 -28.75428601466155 	 -4.024726615017383 	 -35.04710320982012 
C 	 -23.090045913816564 	 1.9602404085342373 	 -38.41440864047744 
C 	 -23.44194678740537 	 1.007831493308763 	 -37.46457836275519 
C 	 -24.153287381368582 	 -0.9371492945927756 	 -35.58171792317492 
C 	 -21.839750279509055 	 2.728522952366077 	 -38.20314728461029 
C 	 -22.59687002763065 	 0.6934508783994893 	 -36.34869358266745 
N 	 -21.39643918085509 	 3.4984493247406263 	 -39.058050457442114 
C 	 -22.939378013668517 	 -0.2672858166406632 	 -35.414753680525635 
H 	 -23.83257783801505 	 3.044364246035536 	 -40.09471490965183 
C 	 -21.406578402561493 	 1.4819702642040977 	 -36.12639186710768 
N 	 -21.137796555948245 	 2.4745361468254097 	 -37.01747458391184 
C 	 -19.91596009828165 	 3.024766168894634 	 -36.446513535293946 
C 	 -18.987137562611228 	 3.9136112645793775 	 -36.91315955519435 
H 	 -24.437317211967745 	 -1.6617810521499794 	 -34.8221966884391 
N 	 -20.587710215744604 	 1.3368360502083945 	 -35.03178667806573 
C 	 -19.68861699082889 	 2.3188792391233695 	 -35.24704266739401 
C 	 -17.9262591746529 	 4.229202274703064 	 -36.08158159998203 
N 	 -17.10120096618556 	 5.7906804399011556 	 -38.30367245109755 
C 	 -18.626987206722564 	 2.6421194173832183 	 -34.428026411506025 
C 	 -16.477054017838594 	 5.810513098536922 	 -37.25057452785874 
H 	 -22.371830662177516 	 -0.571856608824772 	 -34.54503388990931 
C 	 -17.770333291099952 	 3.6321843155311213 	 -34.85801792675559 
H 	 -18.98634314664611 	 4.265207139348913 	 -37.91845516714567 
N 	 -16.89980832737554 	 5.114813272312459 	 -36.18168345257137 
C 	 -14.604151434006425 	 7.2454881319621585 	 -38.17160734140557 
C 	 -15.155649128467154 	 6.5197314855044235 	 -37.13410888357404 
C 	 -16.21526504559127 	 4.873401135113301 	 -35.100074159121355 
N 	 -16.715578584089073 	 4.057806261836397 	 -34.1836683393619 
C 	 -13.44227237372734 	 7.915493701570669 	 -37.960007492103905 
C 	 -14.44315319341762 	 6.334146711304038 	 -35.94862694434176 
C 	 -14.943779493387506 	 5.474524809884162 	 -34.95633717479678 
H 	 -15.135487976545646 	 7.2297472144413275 	 -39.13892801433992 
C 	 -12.693088763624406 	 7.8247105827998436 	 -36.790224773060686 
H 	 -18.310434394579975 	 2.136662415838726 	 -33.536943598117865 
C 	 -13.236521475480975 	 7.039255553713505 	 -35.75276225934206 
C 	 -14.262351957752893 	 5.463385573647504 	 -33.75432194113567 
C 	 -11.398838419901113 	 8.51958173568473 	 -36.625208628132725 
C 	 -12.561649395306397 	 7.003195856957267 	 -34.51840681670349 
C 	 -13.0834234027167 	 6.103388609966637 	 -33.54213581079143 
H 	 -13.19076703803555 	 8.491082083904658 	 -38.835854323651354 
N 	 -10.924898701908276 	 9.325991488274402 	 -37.41822509586374 
C 	 -11.330564252566235 	 7.668884861457577 	 -34.34209592782131 
N 	 -10.732007691001323 	 8.262015071052394 	 -35.481634028605946 
H 	 -14.686846448587897 	 4.908802022070613 	 -32.85610741544232 
C 	 -9.55207599536321 	 8.889773530079085 	 -34.93225707758065 
N 	 -10.592825034137846 	 7.699106799528834 	 -33.22099698661583 
C 	 -8.554211837825818 	 9.705351812131143 	 -35.44431399571602 
C 	 -9.548479455139935 	 8.444855933476067 	 -33.64140291747384 
H 	 -12.562238175528028 	 5.909818536115873 	 -32.59248699156009 
C 	 -8.519390552999626 	 8.745394415532141 	 -32.76366842065762 
C 	 -7.51840628058466 	 10.003002442485037 	 -34.564404299316095 
N 	 -6.087434552031567 	 10.795427000010761 	 -37.035871639993715 
H 	 -8.466962492538972 	 10.086021698213408 	 -36.48081582206394 
C 	 -7.548759063946219 	 9.546033162903097 	 -33.21270287824082 
C 	 -5.633714899657249 	 11.024708709148612 	 -35.9056762170195 
N 	 -6.270029612704189 	 10.660413797842615 	 -34.79269854291545 
C 	 -5.859003763399812 	 10.756555779625431 	 -33.46778307000108 
N 	 -6.614074456876409 	 10.14709299305983 	 -32.52468300659036 
C 	 -4.357656034332259 	 11.727227862416505 	 -35.63947290271034 
H 	 -8.484613920497402 	 8.378847315119616 	 -31.814729428956525 
C 	 -3.6536770375718968 	 12.274802143149369 	 -36.680149469461725 
C 	 -4.597990427076033 	 11.442633464680746 	 -33.23350278434874 
C 	 -3.916950967485039 	 11.878711259480193 	 -34.33100443173943 
H 	 -4.054547223863106 	 12.064538376166283 	 -37.69153975065664 
C 	 -2.4662087675856257 	 12.971671107952055 	 -36.43931761430161 
C 	 -4.0761768681213475 	 11.559896238727456 	 -31.95810087261114 
C 	 -2.7346575199357943 	 12.633782509101033 	 -34.09581390240227 
C 	 -2.0084179686363677 	 13.157115997277284 	 -35.17183105880383 
C 	 -2.883859661411559 	 12.262237515326028 	 -31.791587358677532 
C 	 -2.1986162603538113 	 12.767087737771433 	 -32.85199025559171 
H 	 -4.56858088891004 	 11.186760694583754 	 -31.099275575858023 
H 	 -1.922508735417879 	 13.265751848843996 	 -37.33208517359065 
C 	 -0.560568463079455 	 13.63582610198005 	 -34.936727561955024 
N 	 0.22119494372471757 	 13.871304396158484 	 -35.85887954373833 
C 	 -0.9641769892066737 	 13.511872875909617 	 -32.64619220692074 
N 	 -0.20086935303421685 	 13.830233581175545 	 -33.674129399677646 
H 	 -2.479989640190598 	 12.260579578661691 	 -30.80201974039044 
N 	 -0.48410965263297273 	 13.807445998240846 	 -31.43444614670481 
C 	 0.906845006317258 	 14.552315466926265 	 -33.049140680154174 
C 	 0.6318955808025409 	 14.497165849600636 	 -31.71507562040211 
C 	 1.9772068243908858 	 15.293126246175218 	 -33.47479879581901 
C 	 1.4357563539200928 	 15.104841709598178 	 -30.770745348362727 
H 	 2.325807151485484 	 15.295925913083238 	 -34.49994183240137 
C 	 2.799267213657961 	 15.971174025497236 	 -32.55106916782324 
C 	 2.5334193584245064 	 15.899602367520648 	 -31.20626352292089 
H 	 1.3164381971741437 	 14.918556770500096 	 -29.711104937676602 
H 	 3.599388487403541 	 16.61333217657329 	 -32.88182888590011 
H 	 3.0545804376986294 	 16.547835243954236 	 -30.52191039955585 
