C 	 41.83306842226775 	 -0.7802185112117863 	 38.112704406088454 
C 	 42.903317459931955 	 -0.19649592959259352 	 37.46459581554702 
C 	 41.406924344397716 	 -2.115173494329879 	 37.95603688574399 
C 	 42.203015175245454 	 -2.8529925296337395 	 37.07254091608908 
C 	 43.23142792353458 	 -2.2750435548127124 	 36.399112146131934 
C 	 43.5471226479206 	 -0.9508782249768977 	 36.47435861113369 
N 	 42.08959113237933 	 -4.1824474962296865 	 36.439439457891005 
N 	 43.76671498130101 	 -2.9950107646882045 	 35.38921474758194 
C 	 43.04768717343521 	 -4.158615786140882 	 35.4302864272797 
C 	 43.047635916613565 	 -5.156717344260772 	 34.40939841365087 
C 	 41.17778512207148 	 -5.190708228960516 	 36.538871460118806 
N 	 40.25734101029177 	 -5.1031940202348975 	 37.36829434134225 
C 	 41.37418103651572 	 -6.337274636602028 	 35.61700337817465 
C 	 42.26899276329131 	 -6.273577562990579 	 34.58059627368911 
C 	 42.3417664089612 	 -7.287360190111477 	 33.65078634399541 
C 	 40.659368550609784 	 -7.518244274048019 	 35.84364682112692 
C 	 40.83904853768821 	 -8.623223177787036 	 35.02189987622365 
C 	 41.63928011396122 	 -8.482454116662591 	 33.896319986342746 
C 	 43.93299080797882 	 -5.006749696151442 	 33.30550808172196 
C 	 43.8713096882044 	 -5.9706810228238965 	 32.26151062412941 
C 	 43.13651928110056 	 -7.133245374195437 	 32.49371431540791 
C 	 41.72910631735412 	 -9.631304006231286 	 32.89846239068345 
C 	 43.07489696205031 	 -8.161658830698677 	 31.524513464271354 
N 	 42.3118812513816 	 -9.257432214133196 	 31.781330859189172 
N 	 41.22425998751662 	 -10.713442202016678 	 33.11586936699593 
N 	 43.784290112160484 	 -8.15427801419833 	 30.343360972414473 
H 	 40.49053208388772 	 -2.542147948291826 	 38.36285288109433 
H 	 44.29228471176926 	 -0.614439066330334 	 35.84800158015748 
H 	 39.95704619097284 	 -7.542318528636168 	 36.66761739305373 
H 	 40.197170547405136 	 -9.49888563758847 	 35.072893098129356 
H 	 44.50087704455091 	 -4.113298441158296 	 33.12438468499096 
H 	 44.37094176043467 	 -5.851291513573714 	 31.27919186728103 
C 	 42.45988990750602 	 -9.961924406249913 	 30.598417742538977 
C 	 43.34592455272556 	 -9.245457295955447 	 29.748919431198907 
C 	 41.76134102240301 	 -11.126046664170694 	 30.131279840255534 
C 	 42.03237618084809 	 -11.44866810150755 	 28.795367100958945 
C 	 42.92023757606703 	 -10.775490323823583 	 27.984154509753736 
C 	 43.54275293496812 	 -9.66261269111999 	 28.459890990452514 
N 	 41.46369899213494 	 -12.468515831856015 	 28.008064740893357 
N 	 43.00142256739401 	 -11.30265554009362 	 26.674951662017804 
C 	 42.10610876477805 	 -12.381102974789133 	 26.800708625854423 
C 	 41.59152430211893 	 -13.157597476855027 	 25.7019160017842 
C 	 40.448624369291444 	 -13.283166510872636 	 28.25130076305159 
N 	 39.97204123276526 	 -13.440556977434344 	 29.355012179198617 
C 	 39.81144496936253 	 -13.983414752429413 	 27.090058073386192 
C 	 40.39299508047398 	 -13.81237187789824 	 25.876773685460876 
C 	 39.78527137177727 	 -14.446715834770046 	 24.774661015809787 
C 	 38.50479922384007 	 -14.470778957312517 	 27.25117481338356 
C 	 37.95279493501829 	 -15.09220799898424 	 26.131798924417847 
C 	 38.574977776923205 	 -15.110594705707786 	 24.910705010215878 
C 	 42.248901339965236 	 -13.088785717898794 	 24.560729844860507 
C 	 41.62389586155253 	 -13.69176288595792 	 23.422796313799015 
C 	 40.33862409758561 	 -14.233691313863483 	 23.543553923169867 
C 	 38.03836511637374 	 -15.848981673116434 	 23.781249512968934 
C 	 39.65667924036571 	 -14.849030839606048 	 22.371097751076807 
N 	 38.61121515985345 	 -15.726090424318004 	 22.55049149581107 
N 	 37.06206446283908 	 -16.547775857002204 	 24.002032759794368 
N 	 39.67592114641205 	 -14.346713400356895 	 21.207021466357524 
H 	 40.96343111390894 	 -11.653039341566533 	 30.71716121417521 
H 	 44.22070301044189 	 -9.02652773657985 	 27.843475441183443 
H 	 37.93140312939358 	 -14.494617823861912 	 28.201175203335204 
H 	 36.957706563978675 	 -15.489933852170061 	 26.28582624100938 
H 	 43.26550594590163 	 -12.507553087694058 	 24.45042989139495 
H 	 42.15356289024487 	 -13.634784314003088 	 22.504225772685817 
C 	 38.55610090258513 	 10.08173575883978 	 42.07186697397886 
C 	 38.22952304246388 	 8.747128702409622 	 41.77455134708238 
C 	 39.80168867158066 	 10.55873320494527 	 41.87463540638391 
C 	 39.33837083307976 	 8.006604731246794 	 41.385208648223816 
C 	 40.84434646814038 	 9.811682747562052 	 41.39443797025922 
C 	 40.60111680334357 	 8.441522899397068 	 41.30285797303843 
C 	 38.50088765616292 	 5.610301139171509 	 41.21690449318167 
N 	 37.39611453721272 	 5.816158500812021 	 41.61464606573781 
C 	 38.05561411187904 	 3.179323550063199 	 41.02956465378257 
C 	 38.95446825517452 	 4.243097110711867 	 40.89483899618307 
C 	 40.68725879374353 	 6.486012449047037 	 40.71046631690718 
N 	 39.399232615827614 	 6.600630351737151 	 41.0668368080866 
C 	 38.39792930444614 	 1.8988385631757942 	 40.638476958315145 
C 	 40.17860290980749 	 4.043794473806775 	 40.31745621371662 
C 	 41.06046264783735 	 5.152691013420827 	 40.21579550162102 
N 	 41.4778030093956 	 7.538030333383756 	 40.82227194714568 
C 	 39.6398039895862 	 1.6570715677744972 	 40.00163257996579 
C 	 40.524067503520094 	 2.7562233349614056 	 39.861265778601435 
C 	 42.3268967451069 	 4.924344519111751 	 39.578799958646115 
C 	 40.04091321619757 	 0.2883736186092534 	 39.502249510507326 
C 	 41.73652525109497 	 2.5583788969981045 	 39.18979592819094 
H 	 37.18605625027698 	 8.325502279711884 	 41.924219152340115 
C 	 42.662615687030005 	 3.660716542310509 	 39.129519048172206 
C 	 42.026364123389584 	 1.3056333886077065 	 38.54429959896804 
N 	 39.43838644238772 	 -0.7044809204331546 	 39.872301629511725 
N 	 41.239734049371314 	 0.2235796746179162 	 38.94322965064734 
H 	 41.802407688392805 	 10.193007531332333 	 41.24038444252172 
H 	 37.05786851009277 	 3.315073542512228 	 41.332314721618175 
N 	 43.022777589470486 	 1.1299376299591062 	 37.65033329493142 
H 	 37.67857814899742 	 1.104703584495453 	 40.88341308609847 
H 	 43.01554843210785 	 5.732601909103009 	 39.39976559682666 
H 	 43.57977094801604 	 3.5163966997241745 	 38.53785567943677 
H 	 38.04234183095166 	 -16.11511948535787 	 21.743521362012373 
H 	 39.03916463610277 	 -14.690990071012827 	 20.52696740657335 
N 	 35.747250476230576 	 10.454130806945189 	 42.59417352976145 
C 	 36.55824839298692 	 11.262219695820404 	 42.926681185721364 
N 	 37.8596418288299 	 11.069739410391298 	 42.74715185229305 
C 	 34.868537043327684 	 12.969500744349524 	 43.77619363925334 
C 	 36.16883968186042 	 12.64128538046892 	 43.52131259916333 
H 	 34.085757982982464 	 12.2271654717403 	 43.595720866732044 
C 	 38.865811682137746 	 11.971650043954432 	 42.97295957202499 
N 	 40.05695253698166 	 11.704864613808963 	 42.489803406294875 
C 	 34.5462751079493 	 14.252328389792192 	 44.20098897110392 
C 	 37.18986023982459 	 13.563943516880519 	 43.82816952244067 
C 	 38.518080944876374 	 13.242542975748519 	 43.58280961118364 
H 	 33.5137715170255 	 14.520266594946763 	 44.40440932354396 
C 	 35.533697836255655 	 15.216304376312225 	 44.40597399515606 
C 	 36.91259610951194 	 14.779169868471266 	 44.437085578303346 
C 	 39.52568008654391 	 14.185994049362357 	 43.88858607040427 
C 	 35.26729857518304 	 16.617880631083896 	 44.80061081313683 
N 	 34.183695072249996 	 17.122078655396955 	 44.58222270328244 
C 	 37.90661627724378 	 15.70335257174066 	 44.883382039759034 
C 	 39.24990337322919 	 15.390281926334023 	 44.54275272322979 
H 	 40.553398771676854 	 13.994579167856253 	 43.67948701680546 
C 	 37.550224433298325 	 16.81488625621456 	 45.640504931228435 
N 	 36.23489742820621 	 17.2466214951893 	 45.51713002476497 
C 	 36.19936062006685 	 18.228474888361273 	 46.474748352287094 
C 	 35.210501866765796 	 19.168750041357413 	 46.623972311257766 
N 	 38.348164072490924 	 17.331361931256637 	 46.61608786686916 
H 	 40.06164081343849 	 16.073428129281066 	 44.757679655408175 
C 	 37.45607719875529 	 18.209924864777317 	 47.058225161122444 
H 	 34.346558889984685 	 19.216293375158834 	 45.998611243926895 
N 	 33.35878024893077 	 21.51694097025951 	 46.2728915453056 
C 	 35.58144234443876 	 20.173159277306542 	 47.50220175997547 
C 	 34.11088162630075 	 22.153697382143203 	 47.032518730202426 
C 	 37.65062396438371 	 19.072128901392357 	 48.091017324277345 
C 	 36.72098878313835 	 20.1456531699264 	 48.21454916865528 
N 	 34.99459600699819 	 21.44462193386504 	 47.70267964205141 
C 	 33.310471221573756 	 24.3709503313926 	 46.3696963908055 
C 	 34.11900198861178 	 23.633332443330684 	 47.15657305235687 
H 	 32.58372856118379 	 23.890961174930148 	 45.658731319823495 
C 	 35.837497089421525 	 21.986177025832372 	 48.62972089511438 
C 	 33.223338822795114 	 25.754507910429567 	 46.589800939253706 
N 	 36.85386879026482 	 21.225475858818164 	 48.97067444015632 
C 	 34.861807918024 	 24.15218063023037 	 48.22417762853042 
H 	 38.60821727828169 	 19.07841453838068 	 48.64538836002527 
C 	 35.733601750785894 	 23.373929942407603 	 48.98296893420726 
C 	 34.043973514694194 	 26.39475507054882 	 47.556366004884445 
H 	 32.542041710605766 	 26.215721976389077 	 45.96418334323782 
C 	 34.83479278299703 	 25.57571640898156 	 48.362885295804475 
C 	 36.480662727972586 	 23.983832336389817 	 -48.344135040326314 
C 	 33.96924525900426 	 27.85847228875899 	 47.81836223481826 
N 	 33.33402394671197 	 28.608454993195753 	 47.140798397147925 
C 	 35.669145027108975 	 26.14416653555043 	 -49.03335155418545 
C 	 36.397057020827376 	 25.371409446449157 	 -48.165712584915646 
C 	 35.69348922012869 	 27.612307475688173 	 -48.93080423577269 
N 	 34.78142057950547 	 28.36831648639027 	 48.78186204920199 
H 	 37.091272622417904 	 23.399595531460893 	 -47.62854276857122 
C 	 35.28940745222164 	 29.699455597601563 	 48.87024292240153 
C 	 34.906497134700324 	 30.8732178293128 	 48.26239114406347 
N 	 36.77963430868162 	 28.281637619767768 	 -48.474043825737034 
C 	 36.48049350152114 	 29.57663939518042 	 -48.77812767205447 
H 	 36.998606662195414 	 25.994413281434497 	 -47.42543208942092 
N 	 33.521906310097535 	 33.56693663824915 	 47.26688860094972 
H 	 33.98836997158867 	 30.93617137252247 	 47.683367535652664 
C 	 35.79531766332174 	 31.913848333515077 	 48.454172552915985 
C 	 34.56533922053209 	 34.008129138523415 	 47.67847048075412 
C 	 37.35925580239199 	 30.61809467566999 	 -48.61653169758393 
C 	 36.91350160833625 	 31.859420127310973 	 -49.15379893173697 
N 	 35.63322898420198 	 33.251558211010476 	 48.04815090701196 
C 	 33.505532008820325 	 36.24163680858627 	 47.71057574200813 
C 	 34.64900592326645 	 35.49057653844776 	 47.863884991029764 
C 	 36.81532400439924 	 33.8040942966747 	 48.534733731135915 
H 	 32.46223643454608 	 35.78584289589777 	 47.5439805054445 
N 	 37.617947998289495 	 33.00533236281922 	 -48.99943308256739 
C 	 33.62577145072447 	 37.59700193111494 	 47.67582186223823 
C 	 35.84627550686435 	 36.09882975736624 	 48.1556149513351 
H 	 38.331490155691725 	 30.63057181311553 	 -48.11392422845612 
C 	 36.93648689590676 	 35.25482952009223 	 48.43385446465149 
C 	 34.85609225220497 	 38.18793294860589 	 48.04624488977619 
C 	 35.999840111231535 	 37.47910344946493 	 48.2957447804265 
C 	 38.175332345396754 	 35.778809608864336 	 48.721902109707685 
H 	 32.78015372737065 	 38.23470992913954 	 47.39969944111053 
C 	 34.88562754769243 	 39.653196730430956 	 48.205253450242985 
C 	 37.213077605250795 	 38.051098029002546 	 48.56403809461103 
N 	 33.921426733801766 	 40.344592704458556 	 48.10362446707248 
C 	 38.30467464883859 	 37.18343167513342 	 48.73189460225175 
H 	 39.00769869844017 	 35.10864286629557 	 49.00417596651986 
C 	 37.257638893679065 	 39.51038955289354 	 48.70754984652673 
N 	 36.077173984084666 	 40.18573026523335 	 48.4825919025146 
C 	 36.40615099931636 	 41.377882252122205 	 -49.131118482439724 
N 	 38.34935277336556 	 40.19000015875066 	 49.14651284804787 
C 	 35.59745699800567 	 42.49831085457565 	 -48.72583097853427 
H 	 39.30893709962058 	 37.541896926271356 	 48.85113246518614 
C 	 37.77181653307913 	 41.389837687676085 	 -48.78878781792082 
H 	 34.52304208420595 	 42.49861907474314 	 -48.841992153240255 
C 	 36.269085182501335 	 43.53422466483874 	 -48.09863305223861 
C 	 38.38995801657965 	 42.452734677034876 	 -48.15755932805905 
C 	 37.623693226697455 	 43.60194885163655 	 -47.96972522370239 
H 	 39.46139829359204 	 42.32069771155136 	 -47.88444115341669 
N 	 33.59701845841853 	 44.4657515609586 	 -47.89697523549211 
C 	 34.488186402780684 	 45.18140332645582 	 -47.47136575383678 
N 	 35.75296511702742 	 44.7368771190269 	 -47.532695979752624 
C 	 36.92986931472869 	 45.39001297905769 	 -47.0392991940051 
N 	 38.02018956722419 	 44.69557854106115 	 -47.20469629032597 
C 	 34.30916559207857 	 46.57614334718073 	 -46.93309997457775 
C 	 33.1145642223003 	 47.23586268481939 	 -47.0716120395254 
C 	 36.68264506761745 	 46.68547979343509 	 -46.386320660095535 
C 	 35.35427904313208 	 47.23929198653799 	 -46.360632318658936 
C 	 32.95989286464935 	 48.539059551495974 	 -46.604457657827595 
C 	 37.70107679588263 	 47.250039067790546 	 -45.62622209831236 
H 	 32.19648548809228 	 46.76897623369886 	 -47.495321368927826 
C 	 35.14992877741806 	 48.436013514165765 	 -45.72869759460219 
C 	 34.009885191054465 	 49.183818184445315 	 -45.887684592014814 
C 	 37.44334673653139 	 48.37815947192118 	 -44.84890236203437 
C 	 36.18875552612114 	 48.99830734267501 	 -45.00066454835458 
C 	 33.758638670477424 	 50.46778298047659 	 -45.21911696633508 
H 	 31.94963947635397 	 49.06766759184111 	 -46.68508587047735 
N 	 32.68947244811859 	 51.00867546395767 	 -45.2283900695026 
H 	 38.677680819275224 	 46.82817581807127 	 -45.56161023782775 
C 	 35.94578498419956 	 50.27382112694523 	 -44.347941218623596 
N 	 34.7793292020136 	 50.963640608991014 	 -44.56545079176091 
C 	 34.96881585220698 	 51.99559228393034 	 -43.62901952569232 
N 	 36.77512974027522 	 50.731954007557064 	 -43.37645256522969 
C 	 33.987042243536685 	 52.90952619526303 	 -43.27441184699119 
C 	 36.120405903288066 	 51.80227135027796 	 -42.92252629807388 
H 	 38.31772148041536 	 48.7592183265415 	 -44.16989037263821 
C 	 34.15649315704796 	 53.61484908558412 	 -42.12769403154943 
N 	 31.59415883064183 	 54.49348847472194 	 -42.68114536344004 
C 	 36.31984168894305 	 52.535778943088914 	 -41.756470391206605 
C 	 32.08922718057576 	 54.856782380583404 	 -41.633461040316575 
C 	 35.27276976040004 	 53.386315016090336 	 -41.32897527249559 
H 	 33.07912713623258 	 52.9138646692402 	 -43.812558312139245 
N 	 33.29219866166431 	 54.45799673915721 	 -41.39739598111018 
C 	 30.182496248551136 	 56.307323406691886 	 -40.899847983612204 
C 	 31.48603450434591 	 55.8681758025165 	 -40.63943140726862 
C 	 34.08606670484413 	 54.87286840935716 	 -40.35032631573797 
N 	 35.25672690565889 	 54.14966643696078 	 -40.21030598261149 
C 	 29.52535411089467 	 57.19433565368781 	 -39.969157455364574 
C 	 32.218708832556196 	 56.31957953475621 	 -39.566611374734656 
C 	 33.519676177817935 	 55.81158468322748 	 -39.37707978527762 
H 	 29.598144435783183 	 55.882417792625304 	 -41.706337015267735 
H 	 37.11168247401988 	 52.304848571313364 	 -41.083942814689884 
C 	 30.250090403064426 	 57.59546987059106 	 -38.83475209068772 
C 	 31.645346705422888 	 57.18153908734843 	 -38.667934213138786 
C 	 34.33969573266474 	 56.35746398517089 	 -38.36889641603703 
C 	 29.68192884742264 	 58.54975363178221 	 -37.82634735148482 
C 	 32.40813154708562 	 57.5207715343581 	 -37.522159362838444 
N 	 28.525193298335815 	 58.95164699859622 	 -37.815605210339875 
C 	 33.76753979791424 	 57.202048598963266 	 -37.45268697416859 
H 	 28.516732179028217 	 57.587229289178794 	 -40.19787820298527 
C 	 31.66904394831991 	 58.221304427798245 	 -36.418298620537165 
N 	 30.467248954941656 	 58.80714478386 	 -36.7215337506816 
C 	 30.13059952180365 	 59.126092116025475 	 -35.387072608278174 
C 	 28.959354687542774 	 59.82378419597636 	 -34.93534599554407 
H 	 35.337004431800494 	 56.146050219306176 	 -38.39082583073693 
N 	 32.215222920859254 	 58.2962617601974 	 -35.16072614631774 
C 	 31.177191902078523 	 58.898484392953605 	 -34.556603909463085 
C 	 28.8908249567574 	 60.04364953412491 	 -33.54739425051305 
N 	 26.55013384007191 	 -61.13996266919674 	 -34.37647712624048 
C 	 31.09566659626749 	 59.138436970881884 	 -33.193891037493174 
C 	 26.936941924989537 	 -61.30269649115916 	 -33.24421464560111 
H 	 34.28721462489084 	 57.66207153058914 	 -36.655746161915424 
C 	 29.88088692825597 	 59.60937875930809 	 -32.695433879444145 
H 	 28.150633997712035 	 60.20679464507661 	 -35.595472673102186 
N 	 28.001482542714996 	 60.85003453382045 	 -32.80192871171564 
C 	 25.274479121806216 	 -59.65330016628998 	 -32.464695703222674 
C 	 26.315710019394846 	 -60.49283566739841 	 -32.14068064062347 
C 	 28.478854059416363 	 60.69213388563639 	 -31.52815424571521 
N 	 29.64818599632778 	 59.96238205255302 	 -31.419801954148472 
C 	 24.641654062024895 	 -58.89287695370944 	 -31.447832563828214 
C 	 26.638964685886577 	 -60.70705401061952 	 -30.795763178607686 
C 	 27.724263140572674 	 61.338383211507704 	 -30.51888026705093 
H 	 25.03146906803268 	 -59.47123119488429 	 -33.51781286877263 
C 	 24.87488254216569 	 -59.20016848476791 	 -30.1217597312848 
H 	 31.9223824571222 	 58.870602710563716 	 -32.54803569247601 
C 	 25.874144700264985 	 -60.08744870249154 	 -29.763883075281793 
C 	 28.074193581959673 	 61.20043149472663 	 -29.15203375414382 
C 	 24.3228819635897 	 -58.34100838424387 	 -28.99312396429677 
C 	 26.19197962552634 	 -60.38610968756038 	 -28.435337634939405 
C 	 27.31616235309448 	 -61.1593454056443 	 -28.12561714531142 
H 	 23.832260110130495 	 -58.17018251050026 	 -31.725212601892547 
N 	 23.599389779383092 	 -57.40960695746022 	 -29.237416997204132 
C 	 25.49824724619534 	 -59.642481564463644 	 -27.428908569810314 
N 	 24.554460504757195 	 -58.73281731388346 	 -27.744052884889758 
H 	 28.93166302989914 	 60.630730607947875 	 -28.816427516909748 
C 	 24.193940346729153 	 -58.27525847712909 	 -26.458317251544816 
N 	 25.8380014939325 	 -59.716528253573976 	 -26.11709778060504 
C 	 23.23797152625734 	 -57.29007520655964 	 -26.222389546017098 
C 	 24.960096617680016 	 -58.90980176301963 	 -25.50693329073665 
H 	 27.562668172846237 	 -61.32807344732263 	 -27.045567959068883 
C 	 24.890112262551906 	 -58.45061589428074 	 -24.16098288506212 
C 	 23.14394175763174 	 -56.929721017588925 	 -24.88180046040822 
N 	 21.051214861776522 	 -55.004471646337265 	 -25.875862314973013 
H 	 22.70839513560113 	 -56.825794664858236 	 -27.02347297070386 
C 	 23.94715439512901 	 -57.48225938166817 	 -23.92995053300011 
C 	 21.40963338059517 	 -55.106595770105045 	 -24.709012275795256 
N 	 22.34934086627242 	 -55.963659633530256 	 -24.247467276612582 
C 	 22.7202506407764 	 -56.18334306631682 	 -22.9022666745261 
N 	 23.73463074138432 	 -57.01996680531432 	 -22.681486024603004 
C 	 20.912641168132783 	 -54.18679427344239 	 -23.611538933141965 
H 	 25.42953237050795 	 -58.92441118137903 	 -23.380357130855828 
C 	 20.117122963622833 	 -53.10194544068222 	 -23.96320305375828 
C 	 22.03546648062096 	 -55.425735390885485 	 -21.833897906639688 
C 	 21.263264605085528 	 -54.3321147752645 	 -22.290855364925825 
H 	 19.762095140592635 	 -52.938033378069555 	 -24.991536929264996 
C 	 19.588339676680864 	 -52.306091741500595 	 -23.002379078156597 
C 	 22.351935855898024 	 -55.58367897748022 	 -20.51656258304223 
C 	 20.687876547861762 	 -53.537975638974416 	 -21.234329592613786 
C 	 19.742132310718652 	 -52.54154166816163 	 -21.60810106161144 
C 	 21.80968277740589 	 -54.7411037243702 	 -19.55628293943941 
C 	 21.00278940129066 	 -53.64342423141101 	 -19.95516563180744 
H 	 22.950962475448783 	 -56.438319371095275 	 -20.111656844623585 
H 	 18.91775198391509 	 -51.54832356474686 	 -23.344030951197414 
C 	 18.88174808355612 	 -51.88891787174841 	 -20.62369650615819 
N 	 17.974829576542945 	 -51.1695756261686 	 -21.007666571035905 
C 	 20.310575404147176 	 -52.80731770050155 	 -18.969631504195714 
N 	 19.185389234991856 	 -52.159794649380586 	 -19.39145416771395 
H 	 22.122635720229884 	 -54.906227055134806 	 -18.54429732622692 
N 	 20.556183198412814 	 -52.78575462409542 	 -17.695540890967752 
C 	 18.55147157577844 	 -51.83969873248835 	 -18.20282657508432 
C 	 19.511661246560262 	 -52.12915205789342 	 -17.237232448123716 
C 	 17.303500608656083 	 -51.237091673089694 	 -17.98383355379462 
C 	 19.208038446302478 	 -51.84433484004972 	 -15.90682620660993 
H 	 16.63326883445978 	 -50.88554705836026 	 -18.75151578313371 
C 	 17.089595077097314 	 -50.9240402565052 	 -16.63988620324797 
C 	 17.965614508829233 	 -51.24496171966431 	 -15.603010510825928 
H 	 20.058694258609002 	 -52.020782565293494 	 -15.258839340221861 
H 	 16.122887738672347 	 -50.33441543081841 	 -16.45865704719161 
H 	 17.58540828022231 	 -51.030791958580764 	 -14.568117674466844 
C 	 -6.467626214051435 	 -23.046892338151224 	 26.34249815136285 
C 	 -5.655187004166541 	 -22.470471337297298 	 27.26900516151688 
C 	 -7.774152971986362 	 -22.55851654652511 	 26.171799757046713 
C 	 -8.068228720805136 	 -21.467158712525464 	 26.95894923003612 
C 	 -7.285062924383427 	 -21.00039330428706 	 27.963709107976108 
C 	 -6.018500863585961 	 -21.490267593533655 	 28.168516571830004 
N 	 -9.249557656061084 	 -20.653474521282998 	 26.986608733087404 
N 	 -7.882616018599812 	 -20.10419058334565 	 28.698625857506617 
C 	 -9.003764455869051 	 -19.846573133600586 	 28.049358308313646 
C 	 -9.843539782914156 	 -18.767363952732666 	 28.358314053556523 
C 	 -10.322156521948921 	 -20.59115007195279 	 26.239914298343233 
N 	 -10.575598665937862 	 -21.4606025068034 	 25.395659080444755 
C 	 -11.273936710430453 	 -19.439978746614376 	 26.52087986949624 
C 	 -10.979316175878816 	 -18.514195313410124 	 27.573864775045102 
C 	 -11.655087597462233 	 -17.332242313384906 	 27.864882089517245 
C 	 -12.480545043367517 	 -19.178392804383726 	 25.79946273916956 
C 	 -13.189348039155606 	 -17.994564978038103 	 26.039062224938 
C 	 -12.792675093185638 	 -17.089553819724372 	 27.02114317656246 
C 	 -9.406919320448006 	 -17.88049233106618 	 29.337421179364227 
C 	 -10.146235559671355 	 -16.69601349584297 	 29.645693347176156 
C 	 -11.298655379236735 	 -16.488606650597056 	 28.879068084442654 
C 	 -13.647268235107843 	 -15.871137097982947 	 27.351667086869398 
C 	 -12.063406656939273 	 -15.288750129172987 	 29.121577298736007 
N 	 -13.151489027281869 	 -14.996887857217303 	 28.30173204000042 
N 	 -14.73298725808674 	 -15.629955429676265 	 26.8606565999753 
N 	 -11.784241610096649 	 -14.46921104297947 	 30.129274511920745 
H 	 -8.39583685494256 	 -22.99489039326724 	 25.37218006730523 
H 	 -5.546529980065642 	 -21.24901996398788 	 29.118105254569095 
H 	 -12.841456491996167 	 -19.827320063223357 	 25.00903320610655 
H 	 -14.080181144453297 	 -17.83446013835702 	 25.470318781343263 
H 	 -8.528025108374921 	 -18.04336298037532 	 29.954143793184453 
H 	 -9.853859826640782 	 -15.999618914812151 	 30.418026799749363 
C 	 -13.620832929333655 	 -13.800625086631454 	 28.980569462544675 
C 	 -12.788782259291395 	 -13.586137108197784 	 29.98508312009759 
C 	 -14.514098188706338 	 -12.881292749703602 	 28.479506125038693 
C 	 -14.685956631450983 	 -11.786667296704486 	 29.29918030979332 
C 	 -13.965140344111543 	 -11.59085488980432 	 30.44524828553444 
C 	 -12.979402178863953 	 -12.505083683526326 	 30.826945822291037 
N 	 -15.517514758337839 	 -10.636626142422708 	 29.1579638172918 
N 	 -14.173816160974534 	 -10.483019008011706 	 31.091879150834952 
C 	 -15.224690099441355 	 -10.014071650206217 	 30.356028868282248 
C 	 -15.736471564901771 	 -8.741591409393008 	 30.64078577798592 
C 	 -16.460583387291393 	 -10.200059090851322 	 28.253906905143232 
N 	 -16.78601599173532 	 -10.85112000510973 	 27.291489961755946 
C 	 -16.800983710731266 	 -8.736580422255095 	 28.473544134611302 
C 	 -16.41324573712768 	 -8.068544828067889 	 29.636973550122416 
C 	 -16.840975991000363 	 -6.749026329124136 	 29.83729563877062 
C 	 -17.78516719938054 	 -8.161742318302624 	 27.627058966826592 
C 	 -18.092691526218076 	 -6.851244590899469 	 27.769316550541046 
C 	 -17.664314960890856 	 -6.131223461362668 	 28.870152660336956 
C 	 -15.448748316117802 	 -8.06194600493868 	 31.80877901532387 
C 	 -15.8855967994282 	 -6.773992765835246 	 31.958846950904864 
C 	 -16.513816229117353 	 -6.044088206047439 	 30.982351829253375 
C 	 -18.04106599906884 	 -4.6440920507642 	 29.023755169511162 
C 	 -16.687511257996174 	 -4.594209157009913 	 31.104498518942073 
N 	 -17.452775960576183 	 -3.992909480790046 	 30.105728813051822 
N 	 -18.68147733847159 	 -4.0298344674503355 	 28.27150360632371 
N 	 -16.439759647457272 	 -3.777323789090423 	 32.06695263981764 
H 	 -14.92494071371201 	 -12.987161966397712 	 27.530407722855543 
H 	 -12.369762746509501 	 -12.459441957739624 	 31.735824853382624 
H 	 -18.21972872158899 	 -8.757832378013592 	 26.838298982849086 
H 	 -18.745898463251883 	 -6.400017330422349 	 27.01417588792585 
H 	 -15.005735336753304 	 -8.537683500470218 	 32.66719387578335 
H 	 -15.640636601263408 	 -6.223064467341 	 32.82323591388089 
C 	 2.2224192650122045 	 -30.544133077260796 	 22.8362412879347 
C 	 0.9164136516923187 	 -30.134141222862507 	 22.671005628493795 
C 	 3.007557551281331 	 -30.001291652111824 	 23.868934215739802 
C 	 0.4528120309848989 	 -29.15914046806181 	 23.556532517856397 
C 	 2.569922404043271 	 -28.98941944505653 	 24.68450670435323 
C 	 1.2423190897490697 	 -28.58355585915601 	 24.513434715475427 
C 	 -1.9804990532159255 	 -28.58726496357936 	 22.975202000026318 
N 	 -2.077022139784024 	 -29.348816316445657 	 22.03340417807786 
C 	 -4.283439329215547 	 -27.7045869245878 	 22.834955046815736 
C 	 -3.0049583013047045 	 -27.57109478741875 	 23.436358263694725 
C 	 -0.5494731926892032 	 -27.595920547807165 	 24.689429044789378 
N 	 -0.794746661687437 	 -28.499587265501205 	 23.660073028675477 
C 	 -5.315192551445716 	 -26.823965494990972 	 23.27065842648591 
C 	 -2.771038177514972 	 -26.621487202093636 	 24.44533553015131 
C 	 -1.5162310920670627 	 -26.650992089938196 	 25.05675779384539 
N 	 0.614932672816287 	 -27.638944420444925 	 25.259288087912022 
C 	 -5.061108510139603 	 -25.76441393520225 	 24.208838386018684 
C 	 -3.7571225717225536 	 -25.75363845830233 	 24.854990588561165 
C 	 -1.2846383784589657 	 -25.903551909650893 	 26.148488363773236 
C 	 -6.115764478656421 	 -24.814778462669793 	 24.660165810968326 
C 	 -3.4692701667458765 	 -24.80825565141576 	 25.825999913265683 
H 	 0.24235581491870573 	 -30.455476613200055 	 21.87206017206543 
C 	 -2.2045264110004235 	 -24.889189946239746 	 26.449312326107083 
C 	 -4.53912866418305 	 -23.921003662520743 	 26.301695114290094 
N 	 -7.236803300404453 	 -24.84829900734043 	 24.206797694494878 
N 	 -5.753885988469432 	 -23.99747044624336 	 25.619512789407803 
H 	 3.138853221122413 	 -28.607382300543133 	 25.52576951930635 
H 	 -4.442295027784988 	 -28.556777474620898 	 22.241065511428197 
N 	 -4.425664471302504 	 -22.995973062495082 	 27.28265008739303 
H 	 -6.337912097709241 	 -26.95586762495372 	 22.820459528515297 
H 	 -0.30675552438492554 	 -25.87296313538547 	 26.689718818056225 
H 	 -1.9746289223109526 	 -24.1739616824706 	 27.278483129591116 
H 	 -17.67302113186569 	 -3.0355558465037165 	 30.21848551680189 
H 	 -15.949807877630684 	 -4.23668336396736 	 32.928792954075334 
N 	 1.5264244379719996 	 -32.18757488435479 	 20.55940572001905 
C 	 2.5979800202908283 	 -32.161354670970276 	 21.025371633356343 
N 	 2.967894041330928 	 -31.42201830843768 	 22.120008581946163 
C 	 3.5109819918889604 	 -33.90757161402566 	 19.462996023029014 
C 	 3.715022786483058 	 -33.00596170496299 	 20.52388926576561 
H 	 2.614981339417475 	 -33.89586127095566 	 18.80586968627364 
C 	 4.120592992092689 	 -31.394690648904486 	 22.827056908631164 
N 	 4.236593204134337 	 -30.556084215410806 	 23.863875660932987 
C 	 4.559657974703095 	 -34.696574550283856 	 19.011962752680624 
C 	 4.9217803189295415 	 -33.07139999621648 	 21.213034553066876 
C 	 5.134393411156001 	 -32.26602685191841 	 22.314566538266707 
H 	 4.371277930064162 	 -35.38730522058289 	 18.177069502522833 
C 	 5.7835010969416345 	 -34.62208679522392 	 19.604072497813704 
C 	 6.022036838972291 	 -33.84697757983374 	 20.757067627496898 
C 	 6.362154095324275 	 -32.290412527607764 	 22.994190439885646 
C 	 6.921774287202479 	 -35.449062444545646 	 19.16796073476884 
N 	 6.737712607586874 	 -36.205823395864506 	 18.246729850876868 
C 	 7.310545925879103 	 -33.683391304151286 	 21.308800567808614 
C 	 7.504250352780885 	 -32.91459421385944 	 22.437176129367934 
H 	 6.426969083514813 	 -31.7390666231365 	 23.900301907599175 
C 	 8.399368800233335 	 -34.560486453597036 	 20.88668289372094 
N 	 8.083189220948801 	 -35.40688098900425 	 19.869357969971542 
C 	 9.331174981776748 	 -36.09078874934919 	 19.706002244840345 
C 	 9.770577714248862 	 -37.15092439932331 	 18.90432584102886 
N 	 9.675398802155849 	 -34.47459346975313 	 21.280002900978133 
H 	 8.458841001157126 	 -32.75444321867681 	 22.914763386846833 
C 	 10.210365770273963 	 -35.449677488447705 	 20.553540592244037 
H 	 9.108051738060038 	 -37.707613860229806 	 18.22733569057891 
N 	 10.473986682892377 	 -39.21305433442228 	 16.864975289700727 
C 	 11.113590056847547 	 -37.481305966815945 	 19.039498051405396 
C 	 11.530221808194243 	 -39.287462058273086 	 17.433239277126766 
C 	 11.517389485135041 	 -35.89256942248744 	 20.744404165434425 
C 	 11.924958443081522 	 -36.92707512807877 	 19.96585322351742 
N 	 11.823750354194074 	 -38.471411637920795 	 18.436989705076538 
C 	 12.276357894461725 	 -41.24473424451327 	 16.07625574550678 
C 	 12.56216656488766 	 -40.261921273032094 	 17.02834111590619 
H 	 11.308435053685953 	 -41.27153096698695 	 15.591213133414586 
C 	 13.032042572872484 	 -38.454440490627555 	 19.144896532909307 
C 	 13.260374520533267 	 -42.12673347109522 	 15.701314001636932 
N 	 13.181701888961594 	 -37.493077931661354 	 20.105194213303157 
C 	 13.80758455344888 	 -40.23202200703762 	 17.63346499422487 
H 	 12.234589675308376 	 -35.45328767836735 	 21.471395588945125 
C 	 14.04206301625738 	 -39.35628296171039 	 18.735672684707158 
C 	 14.506722563360004 	 -42.17750913977854 	 16.30634712589574 
H 	 12.99931367294677 	 -42.831662188763765 	 14.914304924087345 
C 	 14.783576146724714 	 -41.15165312871899 	 17.260870947885547 
C 	 15.293282150163993 	 -39.47095119554017 	 19.378895950045905 
C 	 15.57086685138485 	 -43.22981343483583 	 15.873228588268256 
N 	 15.298247777343544 	 -44.13851168556403 	 15.189422762137006 
C 	 16.03824854348182 	 -41.1712948651037 	 17.877718894600076 
C 	 16.244200315068674 	 -40.3496098233745 	 18.9638233953834 
C 	 17.02120083625996 	 -42.10621284626601 	 17.490253777683478 
N 	 16.80024510397085 	 -42.950301518582094 	 16.4098917593904 
H 	 15.48374648243422 	 -38.818592770493176 	 20.183319313760787 
C 	 18.036296049058194 	 -43.632693307259096 	 16.35500012092718 
C 	 18.553331632628748 	 -44.61909625557901 	 15.505386454426004 
N 	 18.206911090413417 	 -42.21139549782202 	 18.166708233249857 
C 	 18.82268442256674 	 -43.09260130545646 	 17.406310401859045 
H 	 17.19171380940836 	 -40.30011926983203 	 19.46548937958846 
N 	 19.559956355030096 	 -46.87212943479877 	 13.35756612874871 
H 	 18.10764070840714 	 -44.871386752736996 	 14.622585018714673 
C 	 19.886103565581056 	 -45.005074630501824 	 15.719433372674834 
C 	 20.581166079877615 	 -46.83204017448997 	 13.977077605413093 
C 	 20.083363795402196 	 -43.601786465686835 	 17.683141104517226 
C 	 20.596580035449396 	 -44.50566333326164 	 16.801396359454888 
N 	 20.742594987259263 	 -45.929575886355565 	 14.968286523669997 
C 	 21.7366785275734 	 -48.52046368690085 	 12.538214817481753 
C 	 21.81528180258506 	 -47.61019322028754 	 13.61881653847742 
C 	 21.892911729230985 	 -45.780917790820716 	 15.717654519748862 
H 	 20.801259830973176 	 -48.77514547740313 	 12.133402263707758 
N 	 21.858121057715806 	 -44.942134887092436 	 16.82753060914366 
C 	 22.837586355771567 	 -49.22538897508488 	 12.180835923808473 
C 	 23.053396685692412 	 -47.36063104974389 	 14.24073501722651 
H 	 20.613318647333667 	 -43.159690027098364 	 18.559847484823216 
C 	 23.08499429366545 	 -46.476409791014106 	 15.333039000510462 
C 	 24.065141492213098 	 -49.037156074507436 	 12.881517443333417 
C 	 24.202049375463208 	 -48.03756569313566 	 13.849298370325679 
C 	 24.255436499454245 	 -46.31312917876275 	 16.026923769189594 
H 	 22.807169360365567 	 -50.012383173583636 	 11.424638809307485 
C 	 25.302047775946253 	 -49.769506727759406 	 12.338778534011109 
C 	 25.402792476644024 	 -47.77172392605075 	 14.459391761730467 
N 	 25.303737854579786 	 -50.66593036490256 	 11.49905787339849 
C 	 25.410320502512697 	 -46.94998996851474 	 15.545656541372985 
H 	 24.243365810223985 	 -45.70505032420603 	 16.899856180763347 
C 	 26.58619653433102 	 -48.60651852646392 	 14.074483047771492 
N 	 26.44123661270813 	 -49.33277909447091 	 12.891893799569754 
C 	 27.737668866363542 	 -49.733783030375925 	 12.638387079699744 
N 	 27.7701789258399 	 -48.69478948389085 	 14.68191522585515 
C 	 28.32131737918945 	 -50.36155245561261 	 11.517142399494718 
H 	 26.420799000246646 	 -46.66937350119003 	 15.893176852651264 
C 	 28.426379638139636 	 -49.45260537565025 	 13.784441055580714 
H 	 27.7562189180971 	 -50.70517958969298 	 10.627943831228974 
C 	 29.646854977351225 	 -50.72688193340271 	 11.731472859573769 
C 	 29.695387192159608 	 -49.815149552950885 	 14.007636401645726 
C 	 30.34324344332309 	 -50.44075752874037 	 12.877672799284252 
H 	 30.207812595815717 	 -49.54614411406201 	 14.926215530782263 
N 	 29.60500777907064 	 -51.57741893956703 	 8.78437697493975 
C 	 30.5582653654789 	 -51.650188552771766 	 9.51322156714244 
N 	 30.550555859254835 	 -51.35466748054513 	 10.837894834577755 
C 	 31.676134011355206 	 -51.288466345858865 	 11.625774923698021 
N 	 31.603620696607667 	 -50.79501857304079 	 12.833158766240762 
C 	 31.758411248268075 	 -52.3866405916206 	 9.053704283554072 
C 	 31.742699577637538 	 -53.02238452190157 	 7.8253073151385815 
C 	 32.835203023510566 	 -51.97918682353872 	 11.201996291083313 
C 	 32.84133321519355 	 -52.54964377853997 	 9.917923049887634 
C 	 32.849720050481494 	 -53.77080871063344 	 7.432765542449349 
C 	 33.90276655439929 	 -52.25446975728319 	 12.04754667125628 
H 	 30.912127298544654 	 -52.992094105962764 	 7.190058439109913 
C 	 34.00776279746609 	 -53.25287204943355 	 9.513529181132746 
C 	 34.00854313771382 	 -53.8804868807706 	 8.23608515309569 
C 	 35.023657057057065 	 -52.9645011667924 	 11.685667730752687 
C 	 35.06535416929131 	 -53.56168478013583 	 10.400478532399777 
C 	 35.191983379202284 	 -54.66236259275113 	 7.796956520882806 
H 	 32.790123208764804 	 -54.204317766726604 	 6.429122121811042 
N 	 35.29388669038623 	 -55.07893846370748 	 6.6769946229131385 
H 	 33.841837507400854 	 -51.79453808099823 	 13.0862310054879 
C 	 36.23993800972451 	 -54.288337415091505 	 9.936763367679298 
N 	 36.19188787071751 	 -54.7883055060616 	 8.653913192352036 
C 	 37.55254246934541 	 -55.1857415369943 	 8.459982559779753 
N 	 37.355314847835906 	 -54.43783600470476 	 10.636113755917318 
C 	 38.25330469219627 	 -55.812437683349955 	 7.397134336329362 
C 	 38.15189973981715 	 -54.96917030826376 	 9.702494529781015 
H 	 35.831518419374156 	 -53.139035485560825 	 12.403782604741236 
C 	 39.61420387880758 	 -56.10873897254112 	 7.6599997981779335 
N 	 39.77391338087811 	 -57.13026069363307 	 4.8738369805336434 
C 	 39.45864818528644 	 -55.33562964295601 	 9.965717092556016 
C 	 40.736892399032925 	 -57.17478692868484 	 5.636669646628511 
C 	 40.18677418485262 	 -55.866576641864526 	 8.907287377499818 
H 	 37.8384775354241 	 -56.027690012170936 	 6.4115742102156545 
N 	 40.64286281645628 	 -56.72944494206227 	 6.8952692329506275 
C 	 42.15621707607365 	 -58.44493253442316 	 3.988014959998554 
C 	 42.00171654427949 	 -57.852631353587945 	 5.242567634427202 
C 	 41.63119445344147 	 -56.766681611414796 	 7.879580128681503 
N 	 41.41743334265505 	 -56.236417015284694 	 9.107385621722871 
C 	 43.44334642918143 	 -58.86005352740862 	 3.587092864001355 
C 	 43.13449512269621 	 -57.657297551543124 	 6.050738650533382 
C 	 42.937547551918755 	 -57.21519389715881 	 7.3389757417904296 
H 	 41.28605775209662 	 -58.43922394038461 	 3.3723508623968588 
H 	 39.9179521214866 	 -55.026770705881184 	 10.904242014749572 
C 	 44.58956262003824 	 -58.6209608865742 	 4.382719113757341 
C 	 44.42652823723733 	 -58.13217440163141 	 5.6733483419716375 
C 	 43.96541295885605 	 -57.271892486357494 	 8.259008474890889 
C 	 45.961169756285166 	 -59.03456088407451 	 3.916434756424895 
C 	 45.49273142662004 	 -58.01537031399127 	 6.530796168495963 
N 	 46.15691517044399 	 -59.454279968835486 	 2.7888270040580565 
C 	 45.24409370081892 	 -57.56469963903694 	 7.842583687158944 
H 	 43.57591875725178 	 -59.24971532053132 	 2.585830593769223 
C 	 46.85348917466249 	 -58.312070960356785 	 6.097893747030134 
N 	 47.00612279477678 	 -58.846234016850985 	 4.822363930081892 
C 	 48.455987187389965 	 -58.89489244612368 	 4.782594276177334 
C 	 49.39387655123656 	 -59.12681451586789 	 3.73148198172885 
H 	 43.77565069230832 	 -56.938026796620534 	 9.27621374021794 
N 	 47.94869710403663 	 -58.20436250487422 	 6.845456039843834 
C 	 48.884768413259806 	 -58.52682363065178 	 5.993416918692419 
C 	 50.75918705009977 	 -59.09302599029724 	 4.102559484283081 
N 	 51.260591170764826 	 -59.971045164947014 	 1.382735972924616 
C 	 50.20474316689736 	 -58.37296268171959 	 6.319753261588757 
C 	 52.110325380715054 	 -59.429857086194076 	 1.9773882072745097 
H 	 45.99897041821378 	 -57.66637607832672 	 8.655230055661834 
C 	 51.147507293719364 	 -58.63061532142305 	 5.307669639362324 
H 	 49.16914428342371 	 -59.46819136717098 	 2.691121045699964 
N 	 51.897003733309404 	 -59.103962117061585 	 3.270813212177982 
C 	 53.98287797264147 	 -59.52006451649627 	 0.22471050049046773 
C 	 53.56497436815522 	 -59.19288880200586 	 1.5358613171556597 
C 	 52.815521429037695 	 -58.600686778091124 	 4.229725220261054 
N 	 52.3966664948734 	 -58.247470774402245 	 5.4727843674294 
C 	 55.25940821135089 	 -59.24367390161921 	 -0.24428820038850751 
C 	 54.579451262422026 	 -58.78031614734612 	 2.454956929746767 
C 	 54.19173884022411 	 -58.53658126466969 	 3.775064241965813 
H 	 53.24011416801809 	 -59.812277247796565 	 -0.5226223131312069 
C 	 56.23434971031683 	 -58.740161299478565 	 0.6448758156189348 
H 	 50.479553243073234 	 -57.89590251878139 	 7.2950520610112 
C 	 55.88150373816841 	 -58.53564291083474 	 2.0063155591363535 
C 	 55.14077379224116 	 -57.966480932661405 	 4.584063714632797 
C 	 57.609135159908725 	 -58.49069587204831 	 0.20421985730962275 
C 	 56.8059165303753 	 -58.05318297317175 	 2.8676193632098754 
C 	 56.47262594816273 	 -57.810455234961935 	 4.21323294573532 
H 	 55.50194226449481 	 -59.414320033528064 	 -1.2253064101714326 
N 	 58.005623608314544 	 -58.844696026087206 	 -0.9114777397344624 
C 	 58.1917552951615 	 -57.76953151292062 	 2.4921174251756115 
N 	 58.45052046701912 	 -57.924621833177994 	 1.1471208706457323 
H 	 54.872381256909016 	 -57.68999491794385 	 5.635789056934376 
C 	 59.830392659198864 	 -57.56207697781401 	 1.093861353945095 
N 	 59.210046614177855 	 -57.3002402219065 	 3.29427975090376 
C 	 60.64104541746789 	 -57.42388097414059 	 0.01737185255648685 
C 	 60.151060662915704 	 -57.20889804140808 	 2.3981044483454723 
H 	 57.18360150569002 	 -57.45075997676733 	 4.940452772506727 
C 	 -61.45928441905644 	 -56.78750172619678 	 2.7002638288657583 
C 	 -60.96586804587482 	 -57.165911682552235 	 0.3924499203696853 
N 	 -60.40301917842161 	 -57.54527293289402 	 -2.48358420612349 
H 	 60.34338938818586 	 -57.42339390141563 	 -1.0195608653073396 
C 	 -60.569452294732635 	 -56.77801882858824 	 1.6527647867814492 
C 	 -59.60134070367441 	 -57.13322981374225 	 -1.7250113961954692 
N 	 -59.83718845075233 	 -56.92189836976702 	 -0.4284699052599486 
C 	 -58.93554613426479 	 -56.29710226942949 	 0.3842485408895835 
N 	 -59.33946954305917 	 -56.18353279530048 	 1.6931445508282899 
C 	 -58.24541096124477 	 -56.78370271693932 	 -2.228342689151975 
H 	 -61.20555643714329 	 -56.27313667010934 	 3.6676364089135522 
C 	 -57.91781991678832 	 -57.05990078755522 	 -3.575643652656317 
C 	 -57.712755607693296 	 -55.854801080948555 	 -0.09173908157056668 
C 	 -57.289248905723454 	 -56.18812046066299 	 -1.394407520714872 
H 	 -58.549415545486454 	 -57.538741095493 	 -4.24970636995724 
C 	 -56.62387483937167 	 -56.821655791853615 	 -4.019992044928639 
C 	 -56.83017650437956 	 -55.17603847339142 	 0.7131258673503403 
C 	 -55.99314161823595 	 -55.876335382474764 	 -1.8859063164919874 
C 	 -55.62590947191645 	 -56.32154921995334 	 -3.1540278700082585 
C 	 -55.5329313370953 	 -54.903918029697046 	 0.2545026474953224 
C 	 -55.09058032778636 	 -55.27522360491742 	 -0.9991473178299629 
H 	 -57.1330125640758 	 -54.97417980992335 	 1.7740023972716417 
H 	 -56.34967427575011 	 -57.11995262793971 	 -5.015771431275313 
C 	 -54.23612351467508 	 -56.007868772630566 	 -3.6997251600766115 
N 	 -53.91790718725871 	 -56.216522073884875 	 -4.860156471849882 
C 	 -53.76958601456234 	 -54.99784737153508 	 -1.5206889550963532 
N 	 -53.41719166462933 	 -55.41366644853079 	 -2.783901076496354 
H 	 -54.863759935204385 	 -54.41843314262076 	 0.9960223608143226 
N 	 -52.84610332018706 	 -54.4593210721501 	 -0.7858190007077301 
C 	 -52.08687255183731 	 -55.05773947289483 	 -2.805377926344531 
C 	 -51.80335349283186 	 -54.49888801556801 	 -1.607881036448512 
C 	 -51.18066219646598 	 -55.23128827590954 	 -3.839439704196157 
C 	 -50.4965871648759 	 -54.133435678704295 	 -1.3574568184997664 
H 	 -51.50684332374933 	 -55.72865768949339 	 -4.803722376016011 
C 	 -49.920744008820414 	 -54.711918992850315 	 -3.62151063469664 
C 	 -49.52146497211525 	 -54.234045751545885 	 -2.3423225497448166 
H 	 -50.22203106020744 	 -53.73142392719581 	 -0.3426044872117714 
H 	 -49.20216265351936 	 -54.82015281093319 	 -4.4106382501840145 
H 	 -48.49047628249361 	 -53.99402978567154 	 -2.180756322916469 
