C 	 -27.152717227776396 	 46.80476005625056 	 26.626106910717567 
C 	 -26.745975369321364 	 47.56909501995061 	 25.58262373446349 
C 	 -28.04740257791685 	 47.196329733318066 	 27.597024859776706 
C 	 -28.681876248011758 	 48.40391186377327 	 27.30930895343516 
C 	 -28.367255559073488 	 49.1187289169725 	 26.15678917658926 
C 	 -27.422037962930084 	 48.69323732506053 	 25.276579179723875 
N 	 -29.78230772011032 	 49.04523580388492 	 27.89796811852628 
N 	 -29.198245122047844 	 50.17544626164995 	 25.929604531131268 
C 	 -30.061213988914243 	 50.010307184038155 	 26.966938558112695 
C 	 -31.169000819924165 	 50.893209449170676 	 27.24098629993281 
C 	 -30.58428311603308 	 48.76563969607981 	 29.00006580163175 
N 	 -30.431731459299595 	 47.732188506589296 	 29.607355225558987 
C 	 -31.742513595956538 	 49.63477059435458 	 29.27153713440063 
C 	 -31.98040529020778 	 50.71839916706467 	 28.412102241801144 
C 	 -33.06272835959879 	 51.537842364256605 	 28.59007434607336 
C 	 -32.673587630555254 	 49.39896490203793 	 30.294234269740684 
C 	 -33.747982316297765 	 50.23631961726241 	 30.49460651702124 
C 	 -33.981776617289505 	 51.30831190413719 	 29.62300586752291 
C 	 -31.40506699950674 	 51.98358442843743 	 26.44185509356195 
C 	 -32.47441639214292 	 52.81603662881424 	 26.643353274375375 
C 	 -33.31876809283126 	 52.6032136850337 	 27.733162720943024 
C 	 -35.09143501637501 	 52.292203542424296 	 29.951620925204043 
C 	 -34.408269071864005 	 53.53151071332378 	 27.9531903064893 
N 	 -35.22934992664508 	 53.27761842104932 	 29.07771049290004 
N 	 -35.853224171510305 	 52.15987041130027 	 30.922822019458224 
N 	 -34.721626019860466 	 54.56333943251951 	 27.17250317439188 
H 	 -28.43009824689805 	 46.54880837035304 	 28.391623889241338 
H 	 -27.116306293732787 	 49.165584552682425 	 24.36333177106758 
H 	 -32.64427762955627 	 48.48479202284563 	 30.88375120687201 
H 	 -34.2644551478842 	 50.147083202486954 	 31.45440664672877 
H 	 -30.730447339041316 	 52.065374399362696 	 25.563200473523267 
H 	 -32.61235965784672 	 53.68283661083652 	 25.99007365672204 
C 	 -36.14737238855191 	 54.311664082908024 	 29.04731501972836 
C 	 -35.73042357581775 	 55.05719242444744 	 27.917544292854508 
C 	 -37.26047686368756 	 54.62908496253228 	 29.852670544188797 
C 	 -37.85083026371795 	 55.82356176395596 	 29.54817587158288 
C 	 -37.5882602712438 	 56.46592761264551 	 28.374040144534213 
C 	 -36.61031093668904 	 56.0422389474485 	 27.497537655574924 
N 	 -38.98938171713972 	 56.41495662407775 	 30.146025940625055 
N 	 -38.4319338944923 	 57.42262564485467 	 28.140800344044766 
C 	 -39.29493904446902 	 57.389609526025936 	 29.206198193615272 
C 	 -40.347633982317944 	 58.30856650736533 	 29.397503420057294 
C 	 -39.75376867431031 	 56.230622288566764 	 31.255857301877022 
N 	 -39.423289016956765 	 55.42569481838529 	 32.0884742569444 
C 	 -40.90665878629389 	 57.12438601196451 	 31.456260226050855 
C 	 -41.143155964487136 	 58.133066260512294 	 30.538498431639077 
C 	 -42.284390663457444 	 58.99591194294368 	 30.673621696033287 
C 	 -41.685548901624855 	 57.0507929330789 	 32.64336148534274 
C 	 -42.76025109365659 	 57.908611487955945 	 32.79775153572922 
C 	 -43.08647120402271 	 58.88071452134191 	 31.873058657977598 
C 	 -40.621878434775134 	 59.2720975016831 	 28.452435493043133 
C 	 -41.706862949554946 	 60.20469796670858 	 28.659556738511306 
C 	 -42.554744398884736 	 59.993122004833424 	 29.755231626454105 
C 	 -44.24291736705063 	 59.86982021011665 	 32.097873504245754 
C 	 -43.608417873863736 	 60.92441458378739 	 29.979710910483387 
N 	 -44.372883404185664 	 60.86786505152071 	 31.13073490266232 
N 	 -44.90654460568577 	 59.85746759267773 	 33.11674437877258 
N 	 -43.94607633545536 	 -60.99657187655612 	 29.203959437463727 
H 	 -37.604218105877536 	 54.01080667104293 	 30.674751639021345 
H 	 -36.47007283821796 	 56.42086598501987 	 26.4762170977071 
H 	 -41.40513986451855 	 56.363804759268795 	 33.45885836912723 
H 	 -43.40692605034376 	 57.77045350039099 	 33.680594801311685 
H 	 -39.94189109084175 	 59.387092788686935 	 27.56593990628504 
H 	 -41.881347660578676 	 61.00797035742804 	 27.952684124784398 
C 	 -18.251422372209326 	 39.06048241464063 	 24.602723863314658 
C 	 -19.49218434701355 	 39.27632901027283 	 25.27180711305437 
C 	 -17.707377536574086 	 40.03513666931434 	 23.763360287693317 
C 	 -20.096067249950917 	 40.5017919584832 	 24.968144296855122 
C 	 -18.327396721651716 	 41.19759138759291 	 23.51951926232889 
C 	 -19.55435324559833 	 41.42827053240125 	 24.120306683738985 
C 	 -22.144871419138543 	 40.76404102704991 	 26.396918810226254 
N 	 -22.06719992229405 	 39.70284552818771 	 26.95811569340832 
C 	 -23.997167060900754 	 41.59054904685865 	 27.825952567597582 
C 	 -23.123712165764772 	 41.85559960083912 	 26.801613389020098 
C 	 -21.31916265495275 	 42.226029060734184 	 24.667295381482266 
N 	 -21.342968762455563 	 41.017795233065826 	 25.34715104210594 
C 	 -25.052182090735293 	 42.52360161904566 	 28.00426550570291 
C 	 -23.17545678592896 	 42.99620400375 	 26.02437557277549 
C 	 -22.319720148402144 	 43.18531355306736 	 24.93723718387549 
N 	 -20.292840771722993 	 42.56163003740389 	 23.916318291060808 
C 	 -25.102935076215775 	 43.6930171816427 	 27.265582465973996 
C 	 -24.16633791018541 	 43.949010074107065 	 26.28731869306936 
C 	 -22.372146257649398 	 44.440742504891375 	 24.21326422451634 
C 	 -26.208446130279444 	 44.58435143811018 	 27.517129974454697 
C 	 -24.233357358772917 	 45.16997770678088 	 25.592406782408588 
H 	 -19.912665502632663 	 38.53439224832545 	 25.975669167774896 
C 	 -23.27605426708786 	 45.42941956428803 	 24.596606194306524 
C 	 -25.340402574329985 	 46.03278694373655 	 25.737887357720048 
N 	 -27.083301467365644 	 44.38923564226439 	 28.31348092320679 
N 	 -26.214372421122455 	 45.721298247616744 	 26.741568070183224 
H 	 -17.97877131128923 	 41.90287591363359 	 22.813300580555044 
H 	 -23.931016321909144 	 40.64039007252091 	 28.360493799845358 
N 	 -25.646402397775788 	 47.13147510485168 	 24.94517919708471 
H 	 -25.815196337253678 	 42.33267923486455 	 28.741668044178436 
H 	 -21.61690732561318 	 44.711203144633885 	 23.48902759727398 
H 	 -23.20582763610375 	 46.445985879129985 	 24.111889614909035 
H 	 -45.002711219410834 	 -61.3078372057226 	 31.34940626027773 
H 	 -44.77918821551132 	 -61.289337554069554 	 28.655854900546807 
N 	 -18.095889316300873 	 36.696736385867396 	 26.28665151813476 
C 	 -17.21034195919083 	 36.92007668599348 	 25.478171109498817 
N 	 -17.267028715805203 	 38.05368716410436 	 24.748083358715267 
C 	 -15.892568541085268 	 34.72075680942307 	 25.806287575281377 
C 	 -16.07036038145403 	 35.950709867654595 	 25.135589542169132 
H 	 -16.646876633893623 	 34.42659999254814 	 26.53995969460858 
C 	 -16.297738659792838 	 38.47766862643171 	 23.82126517781536 
N 	 -16.5005410647122 	 39.68156503291552 	 23.2214583119372 
C 	 -14.827676501361633 	 33.855283997064426 	 25.555310906431927 
C 	 -15.053144543295481 	 36.32433775493239 	 24.285425539974153 
C 	 -15.18536085860221 	 37.53440391672835 	 23.603365724088267 
H 	 -14.895787249411242 	 32.869047765497314 	 25.82419400695412 
C 	 -13.802412599480688 	 34.265216092261 	 24.745253306756318 
C 	 -13.909477153888565 	 35.525721033718455 	 24.11329518788371 
C 	 -14.130388292285886 	 37.913103648508425 	 22.764226334609482 
C 	 -12.666633729138367 	 33.40661410782273 	 24.445119329772616 
N 	 -12.672310159430495 	 32.35009790195006 	 25.006891706962104 
C 	 -12.90770431391826 	 35.892801317031676 	 23.228644530189786 
C 	 -13.027119009386277 	 37.08078895693113 	 22.544550228786356 
H 	 -14.152178942204738 	 38.802141703224905 	 22.160811566913708 
C 	 -11.798125264083854 	 35.06029029982968 	 23.02802229194609 
N 	 -11.773384875201785 	 33.818177238188056 	 23.575512405696305 
C 	 -10.496541237678834 	 33.38303100855351 	 23.210826594712266 
C 	 -9.771801760094128 	 32.24170870822748 	 23.614383440883454 
N 	 -10.751542377996849 	 35.41411915554228 	 22.257635305909155 
H 	 -12.264868950262816 	 37.4682473465386 	 21.901702407094714 
C 	 -9.930150973357515 	 34.36365601872233 	 22.42798967359086 
H 	 -10.406164898714694 	 31.600316739151644 	 24.319747342883428 
N 	 -8.306668363467121 	 29.80240841611031 	 24.844192754069756 
C 	 -8.443565203635186 	 32.147261006875645 	 23.0839864490889 
C 	 -7.457761037373152 	 30.096691403237898 	 24.042214751913413 
C 	 -8.653328026228928 	 34.25815559482098 	 21.901206889496837 
C 	 -7.951911696428835 	 33.14482144747563 	 22.2666732228336 
N 	 -7.534157182051074 	 31.12366515962803 	 23.20513354472776 
C 	 -6.063733485518172 	 28.088845381501578 	 24.634502721708696 
C 	 -6.1764125569574775 	 29.306583095840125 	 23.92756999165043 
H 	 -6.959774285142126 	 27.55994984279634 	 24.969481611600113 
C 	 -6.50442037295167 	 31.698635202549617 	 22.473563986617425 
C 	 -4.834724636996212 	 27.36400688665657 	 24.564209684902284 
N 	 -6.72791939137986 	 32.90857209061224 	 21.91111842051418 
C 	 -5.113617726765582 	 29.74790278542137 	 23.070840820551314 
H 	 -8.108458419793692 	 34.97217972020679 	 21.32956381897912 
C 	 -5.286160910764468 	 30.921554923307088 	 22.32716281830371 
C 	 -3.8406520083526856 	 27.755277173614008 	 23.68611242622182 
H 	 -4.811040077185474 	 26.443077022679113 	 25.15497691885513 
C 	 -3.931426788792162 	 28.966909057431728 	 23.006525340777465 
C 	 -4.2224139940272805 	 31.315496649061256 	 21.50090535178548 
C 	 -2.618280158479981 	 26.890956735964195 	 23.573931564320194 
N 	 -2.5971640318773876 	 25.77459935714967 	 24.046854699273442 
C 	 -2.885522596774184 	 29.3926275139714 	 22.134061043669078 
C 	 -3.028582438223346 	 30.566917247396926 	 21.339443555636908 
C 	 -1.6984746243435773 	 28.636812601813713 	 22.095546101348752 
N 	 -1.6352936228673711 	 27.476661908819835 	 22.847958669126847 
H 	 -4.286067663827401 	 32.205447551858526 	 20.915458538405282 
C 	 -0.3905743524674752 	 27.025453560418796 	 22.52929192606035 
C 	 0.3225761212841266 	 26.0347608431096 	 23.15129491672702 
N 	 -0.734462801281953 	 28.948274343606474 	 21.26806697409894 
C 	 0.10222428280494769 	 27.905831416765587 	 21.593735086249286 
H 	 -2.332124340315814 	 30.880044772561316 	 20.635522724913496 
N 	 2.014888045781534 	 24.027994633425127 	 24.791519912483867 
H 	 -0.04858635427201856 	 25.320577496519284 	 23.854737113791384 
C 	 1.6246573818832328 	 25.969637620201972 	 22.627722777915142 
C 	 2.9074274684500727 	 24.17745784650147 	 23.961747203719824 
C 	 1.275220222550701 	 27.65588833456432 	 20.987144785343403 
C 	 2.070041344724095 	 26.71599827108401 	 21.5972283825806 
N 	 2.6688601862906047 	 25.063935071417454 	 22.92092986112344 
C 	 4.635562924530325 	 22.847982146336015 	 25.195972251277844 
C 	 4.321311715067578 	 23.715509798020385 	 24.14671802220174 
C 	 3.6311886240900817 	 25.51358472547381 	 22.05947173971461 
H 	 3.885259634738233 	 22.52306143568543 	 25.89572552033456 
N 	 3.3641425154069076 	 26.567450095382426 	 21.29263144345919 
C 	 5.959104035066443 	 22.68359511011791 	 25.58506150253921 
C 	 5.33669120169609 	 24.22702515562597 	 23.357408839552075 
H 	 1.7564735203316488 	 28.268397113946985 	 20.266654434296967 
C 	 5.007049760540466 	 25.05708707099602 	 22.265625348765827 
C 	 7.010893991189904 	 23.32020254213076 	 24.867154577437105 
C 	 6.677363362377249 	 24.005549583343136 	 23.669576437176705 
C 	 6.036321065983833 	 25.591877766229437 	 21.47138509473527 
H 	 6.203544613546338 	 22.05517651332814 	 26.487421714245215 
C 	 8.39103499611373 	 23.172783690806433 	 25.337091167198608 
C 	 7.708155863412371 	 24.591721823660727 	 22.911129151999233 
N 	 8.660223622677913 	 22.712211290244287 	 26.414357599660914 
C 	 7.356173653105302 	 25.33796429731726 	 21.803675807255452 
H 	 5.821666772024031 	 26.26282634323141 	 20.644330608295274 
C 	 9.117606354741133 	 24.21961210577603 	 23.25549781071822 
N 	 9.351207127616265 	 23.57581691128363 	 24.493846172226803 
C 	 10.759593878805198 	 23.739444939303354 	 24.57136800745455 
N 	 10.193861246102072 	 24.863316589780975 	 22.651151712948646 
C 	 11.667576328821813 	 23.262827892159137 	 25.523075438268688 
H 	 8.131146633770362 	 25.807561293264335 	 21.21418890783275 
C 	 11.161325038165598 	 24.554116400851452 	 23.524538059172222 
H 	 11.380062436273958 	 22.523055844969885 	 26.309619409509466 
C 	 12.976735429515875 	 23.688888822472336 	 25.286205249576742 
C 	 12.512667434879797 	 24.83984473329555 	 23.250726780493153 
C 	 13.396304373566979 	 24.416831166423275 	 24.226782304201134 
H 	 12.745868786529085 	 25.429805570436713 	 22.408695678134315 
N 	 13.531867893533002 	 22.164478141328686 	 27.879883451198236 
C 	 14.344505737547836 	 22.88854741288388 	 27.30271336566601 
N 	 14.077595678433909 	 23.60210467962251 	 26.192957596866243 
C 	 15.030547664339375 	 24.383663259627085 	 25.483897119231127 
N 	 14.652941433565443 	 24.902277002300064 	 24.32821621079193 
C 	 15.762860388209686 	 23.10839119796509 	 27.816614144524213 
C 	 16.096995066410905 	 22.57528884887006 	 29.106998589850086 
C 	 16.308837613336728 	 24.60790779468257 	 26.037828644936283 
C 	 16.663524248644155 	 24.001913483772768 	 27.278045108694844 
C 	 17.28709479767653 	 22.821437172822144 	 29.75826458876404 
C 	 17.220828791788424 	 25.455844497028302 	 25.409112427337252 
H 	 15.34595992123747 	 21.94024397484097 	 29.67458333822854 
C 	 17.900698295014063 	 24.30281211368691 	 27.92271684140724 
C 	 18.214172490189714 	 23.71039572779354 	 29.140008955469824 
C 	 18.414481554853726 	 25.69169464354498 	 26.04135025269351 
C 	 18.773405015548505 	 25.09867576733567 	 27.25783710830386 
C 	 19.596763197385215 	 23.808811998915427 	 29.690648417905805 
H 	 17.519197996616096 	 22.433929074011346 	 30.740274150451828 
N 	 20.083845132496673 	 23.178236346254735 	 30.618893525813476 
H 	 17.02244766690277 	 25.94290992956757 	 24.48755688464086 
C 	 20.127750604905014 	 25.24060191304356 	 27.770037678753692 
N 	 20.399934740944005 	 24.68903032216335 	 28.991434045424008 
C 	 21.66345999673968 	 25.16885778370009 	 29.220396692713994 
N 	 21.089235245178585 	 26.12483458106898 	 27.26992014971338 
C 	 22.634284278562536 	 24.854919243083533 	 30.2430879747515 
C 	 22.03743750365006 	 25.965497008866603 	 28.182514250601287 
H 	 19.252559180515785 	 26.330828635580414 	 25.633477295930042 
C 	 23.802862073865285 	 25.570083296674692 	 30.14400970446608 
N 	 24.20355553707214 	 24.40446099340212 	 32.783644254698615 
C 	 23.224203791642573 	 26.629773262539526 	 28.07532782024029 
C 	 25.056110845223202 	 25.158791180924027 	 32.30207068136296 
C 	 24.09367123329996 	 26.402327201533847 	 29.083178244315977 
H 	 22.417384868743163 	 24.208120018365513 	 31.055542813562994 
N 	 24.837839104833062 	 25.728376853453508 	 31.095617343387076 
C 	 26.68505995848185 	 24.774201210942614 	 34.09321510167079 
C 	 26.387662990487126 	 25.373513940120343 	 32.893051368817495 
C 	 25.69158033459659 	 26.52258819056604 	 30.417101302325158 
N 	 25.26681160113109 	 27.010854099003357 	 29.272181546077892 
C 	 27.918280031631152 	 25.029799035262425 	 34.68229497332874 
C 	 27.3307430643734 	 26.135184177473864 	 32.24621438739742 
C 	 26.954885591470546 	 26.778776666102615 	 31.043483949623322 
H 	 25.946113132051128 	 24.15072100398606 	 34.64607316629372 
H 	 23.36723492356153 	 27.38952231819571 	 27.308301889746033 
C 	 28.925036993149032 	 25.77775903421158 	 34.03499342142392 
C 	 28.60890640413496 	 26.344753249041737 	 32.78982324427194 
C 	 27.9518251533989 	 27.51935368447123 	 30.37812190836537 
C 	 30.18220012413352 	 25.993145861367786 	 34.73262725334959 
C 	 29.51396108045059 	 27.23754366841108 	 32.19058204536288 
N 	 30.45543460311818 	 25.52294666320166 	 35.8353727050289 
C 	 29.23956428375722 	 27.653610274891687 	 30.91429709901907 
H 	 27.961645010154456 	 24.505212756294213 	 35.65402806169183 
C 	 30.742785438682276 	 27.512813333090964 	 32.896995934508936 
N 	 30.9811994083513 	 26.802329224792242 	 34.08188448387856 
C 	 32.277673740463584 	 27.216843600899107 	 34.34510044997819 
C 	 33.156107174161086 	 27.013957310544523 	 35.45591706365096 
H 	 27.764909424170423 	 27.94957137688374 	 29.475718922391252 
N 	 31.73608954811725 	 28.287244811885373 	 32.45157391693186 
C 	 32.64710268591075 	 28.102545955334964 	 33.388227250313356 
C 	 34.30656688304931 	 27.76492189002939 	 35.47663703988554 
N 	 34.650853432864565 	 26.613318505616704 	 38.21266922844749 
C 	 33.882934961373145 	 28.760661187740492 	 33.340732635052646 
C 	 35.4593372227001 	 27.36674645850828 	 37.68673697416693 
H 	 29.93228395278511 	 28.262688893963922 	 30.379425245511705 
C 	 34.66542673980144 	 28.662359909970533 	 34.47813675840833 
H 	 32.89779995008675 	 26.423974918646838 	 36.292908333930924 
N 	 35.286048044095956 	 27.95701071619138 	 36.49235204396874 
C 	 37.002030974219785 	 27.14094538335958 	 39.72277477973136 
C 	 36.74379533945993 	 27.722323551228694 	 38.44058474269903 
C 	 36.083720702583626 	 28.895255113734073 	 35.989046162409785 
N 	 35.80649007455207 	 29.314661375596945 	 34.729236966503855 
C 	 38.25942469190922 	 27.357835011477206 	 40.326933094242364 
C 	 37.630058135105656 	 28.62816792853083 	 37.92756850190672 
C 	 37.257987754462825 	 29.266151791085036 	 36.721003996258645 
H 	 36.301902479002514 	 26.453634055846976 	 40.16847694608131 
C 	 39.09749171226162 	 28.356953606738372 	 39.886799126233434 
H 	 34.00385595462838 	 29.543176428960763 	 32.55481967511585 
C 	 38.8340028853855 	 28.93969924716762 	 38.63621175768085 
C 	 38.13544608336546 	 30.220677344259084 	 36.242030701225666 
C 	 40.338027040027896 	 28.751928780309996 	 40.64208909585059 
C 	 39.649907155613235 	 29.892510531768274 	 38.082744060427856 
C 	 39.286523976038715 	 30.55210210251636 	 36.91867995936526 
H 	 38.510348245207226 	 26.7972368514086 	 41.18860973158366 
N 	 40.635611769186205 	 28.179120238034134 	 41.673424690215406 
C 	 40.81635550138609 	 30.27848077992144 	 38.86408795609848 
N 	 41.10547522269118 	 29.685491935545993 	 40.0722797919417 
H 	 37.999301247056316 	 30.46658614339985 	 35.19690108419636 
C 	 42.362433283480804 	 30.260282253332466 	 40.45741786022747 
N 	 41.65823054665676 	 31.320090075104368 	 38.53425492238444 
C 	 43.267826378037405 	 29.92631192650315 	 41.514987234482895 
C 	 42.61271673232349 	 31.205215191811266 	 39.51767863533715 
H 	 40.02025754549961 	 31.261004054730652 	 36.50360597436954 
C 	 43.718226620296996 	 31.96044759028535 	 39.53977854000377 
C 	 44.42014018038232 	 30.71559921047775 	 41.475616192216314 
N 	 45.013275484634484 	 29.20623317500462 	 43.97848177534966 
H 	 43.12476228715525 	 29.155791366244422 	 42.260613202611765 
C 	 44.624582741366716 	 31.656061744032865 	 40.532076722779024 
C 	 45.7582461364868 	 30.023857519415525 	 43.47847880926368 
N 	 45.45641340443972 	 30.75854192683368 	 42.3766469051811 
C 	 46.16334092803572 	 31.83970899599907 	 41.88516576163977 
N 	 45.690368047326764 	 32.47122262425757 	 40.807055838779334 
C 	 47.09261072052083 	 30.368323787243195 	 44.06396188224879 
H 	 43.838273715369695 	 32.79102805414871 	 38.84140112022208 
C 	 47.41447917689442 	 29.752615658007606 	 45.275083382066676 
C 	 47.53220948665062 	 31.984232245379093 	 42.3605319664871 
C 	 47.95875305330478 	 31.26020818388265 	 43.443661193165596 
H 	 46.74450956545879 	 29.194986815044157 	 45.898683556967825 
C 	 48.60829000627558 	 30.065330573411174 	 45.901445152133185 
C 	 48.43544365765407 	 32.8545334392476 	 41.702258356899584 
C 	 49.23301395036845 	 31.585027743611263 	 44.002903797112694 
C 	 49.54193953661766 	 30.97056642096013 	 45.26962595051496 
C 	 49.720483674312405 	 33.0546937603658 	 42.18559362781337 
C 	 50.07455550248801 	 32.42686373129723 	 43.41448877431785 
H 	 48.092238824227394 	 33.42070057747694 	 40.81677323468194 
H 	 48.80306705198671 	 29.550725796837547 	 46.83061220720169 
C 	 50.84600277410468 	 31.208236259521357 	 45.87059676237198 
N 	 51.17274473408773 	 30.66329183685374 	 46.901829891657265 
C 	 51.369132272751905 	 32.68450349923625 	 44.01897236055373 
N 	 51.69442172867684 	 31.92468442715498 	 45.116573531909 
H 	 50.36437731819003 	 33.752027511560776 	 41.67291202751967 
N 	 52.31873508524988 	 33.49972082282019 	 43.51120503204892 
C 	 52.986403695047635 	 32.31398545958678 	 45.32727543327323 
C 	 53.334170423130566 	 33.18659874766249 	 44.299101788215005 
C 	 53.90504070917178 	 31.867387284276955 	 46.29722191406064 
C 	 54.632755859330345 	 33.70028358547326 	 44.267977097431476 
H 	 53.71737009636424 	 31.126923146101994 	 47.12739916644917 
C 	 55.194124217587444 	 32.4275447544676 	 46.254163191786894 
C 	 55.561664916423986 	 33.39388552629588 	 45.28934464014 
H 	 55.010325023247184 	 34.29012370445555 	 43.45229993262332 
H 	 55.92830098922264 	 32.08472716062301 	 46.95574717185256 
H 	 56.608831520467184 	 33.809618439692194 	 45.24789436133693 
C 	 37.705269865518964 	 -12.29451009427389 	 6.21196781695958 
C 	 36.60060445181937 	 -11.693520285693108 	 6.779220357935299 
C 	 38.57847267731458 	 -12.999213338591826 	 6.995459365072719 
C 	 38.31769999383455 	 -12.939974154630141 	 8.358621667905142 
C 	 37.28942945537709 	 -12.279673861531101 	 8.911487734643575 
C 	 36.39331866125351 	 -11.624113461517087 	 8.130301698024715 
N 	 39.141181174903956 	 -13.354152600548794 	 9.391060485828346 
N 	 37.343258234411 	 -12.166565812301123 	 10.228222022640008 
C 	 38.49220986660227 	 -12.799040859410908 	 10.505546809969372 
C 	 39.2977684194773 	 -12.691000929265568 	 11.75589583687209 
C 	 40.42094612177243 	 -13.785960457664299 	 9.347474471302696 
N 	 41.01942619526811 	 -14.022473603746187 	 8.333472715996262 
C 	 41.14723372008387 	 -13.829306511347955 	 10.582029444451425 
C 	 40.56734425787393 	 -13.302139847382778 	 11.751986892151885 
C 	 41.33348595509056 	 -13.253530917409302 	 12.919205580183439 
C 	 42.467749482581496 	 -14.36282841217744 	 10.6177254278619 
C 	 43.21869000302695 	 -14.174041233078606 	 11.7689901638691 
C 	 42.652868294896685 	 -13.579155352485161 	 12.86994837021388 
C 	 38.734763585805105 	 -12.365773804457822 	 12.988104294816571 
C 	 39.44114599912128 	 -12.460434761199528 	 14.190047370704885 
C 	 40.79079691593937 	 -12.855377020240208 	 14.125302558707013 
C 	 43.535290123531965 	 -13.26568688088602 	 14.037443502082333 
C 	 41.61526679425214 	 -12.88776295115363 	 15.267498454186839 
N 	 42.95856846419837 	 -12.84621873257982 	 15.119566028004467 
N 	 44.710631396503885 	 -13.457980189958556 	 14.047430627832954 
N 	 41.093997917177255 	 -12.816153915190297 	 16.54105301637535 
H 	 39.38629215385038 	 -13.554118365774315 	 6.605186677295398 
H 	 35.513907678334604 	 -11.133612725464115 	 8.60301763170498 
H 	 42.881162359816706 	 -14.872088692813607 	 9.803137485797704 
H 	 44.28306258697409 	 -14.41595055301615 	 11.815919900672286 
H 	 37.72347745377523 	 -11.936057728024076 	 12.965545158944924 
H 	 38.91344298612462 	 -12.314951112717823 	 15.139997265126052 
C 	 43.448812406550175 	 -12.702070995370283 	 16.42581333088903 
C 	 42.253181531837356 	 -12.707292041190751 	 17.231724072803623 
C 	 44.733048150045185 	 -12.732720663790719 	 16.99163410018945 
C 	 44.786627238595955 	 -12.716089275065613 	 18.388470765392743 
C 	 43.66720812226142 	 -12.761487594225683 	 19.186325002808662 
C 	 42.41737169764912 	 -12.788448028067549 	 18.59852124465914 
N 	 45.91489156121088 	 -12.794787492905105 	 19.236652006024684 
N 	 43.906599494821855 	 -13.082023302265094 	 20.468252298665572 
C 	 45.26873189882506 	 -13.042506490100239 	 20.390874581393117 
C 	 46.14726404344947 	 -13.179293294792206 	 21.5120653927421 
C 	 47.15577638050721 	 -12.262210196607828 	 19.043875617025243 
N 	 47.55219301830122 	 -11.888912583656134 	 17.903963581705295 
C 	 47.873554093827835 	 -11.939678589002067 	 20.35420266423144 
C 	 47.36558889660374 	 -12.514652477815927 	 21.545487823118624 
C 	 48.123508876127495 	 -12.51160393815392 	 22.73397268357474 
C 	 49.13237014414125 	 -11.268741161043648 	 20.42799310754654 
C 	 49.82814304922164 	 -11.206028170446922 	 21.61378413537077 
C 	 49.299767227392394 	 -11.71530424360401 	 22.812946079234713 
C 	 45.805831238960984 	 -14.09308735937673 	 22.484748485239482 
C 	 46.59178269791992 	 -14.03134148313472 	 23.678146860655605 
C 	 47.704234870023804 	 -13.208271628253792 	 23.82186892756096 
C 	 50.01254202379009 	 -11.606998826290898 	 24.215201200236447 
C 	 48.4233523266651 	 -13.198613542836739 	 25.016360385096075 
N 	 49.55834253534979 	 -12.470556605547857 	 25.129632451067806 
N 	 50.928297594716675 	 -10.888864070983976 	 24.399227269675723 
N 	 48.52573694436443 	 -14.11224713755283 	 25.959750839293253 
H 	 45.64502952552908 	 -12.840121923577644 	 16.444355989746146 
H 	 41.57432669543633 	 -12.83508401387903 	 19.161627189526598 
H 	 49.41166495591205 	 -10.817842503780751 	 19.482545945862938 
H 	 50.758730480883216 	 -10.677446744784493 	 21.67827868552956 
H 	 44.95800880481402 	 -14.76196724532608 	 22.483314505765183 
H 	 46.32983987131331 	 -14.763956390416247 	 24.384443867303084 
C 	 39.577489091616656 	 -4.042011092043367 	 -1.150121480144327 
C 	 39.17973850979404 	 -5.379627669101891 	 -1.3083482275211737 
C 	 38.94465924001429 	 -3.1491964194863447 	 -0.35485285723990045 
C 	 38.11769969190139 	 -5.783400297893282 	 -0.5504956369895565 
C 	 37.79950213021438 	 -3.575198659143744 	 0.3832569259844601 
C 	 37.473638805650666 	 -4.899899010376368 	 0.253853979650523 
C 	 38.47592598124237 	 -8.170821321704734 	 -0.5117693429028566 
N 	 38.93960474627189 	 -8.457440855113559 	 -1.5975043760352845 
C 	 39.51553986530881 	 -10.173151132360646 	 0.5671098247320105 
C 	 38.52189178946442 	 -9.203962557704159 	 0.5488426946340306 
C 	 36.863428304000436 	 -6.916023665898758 	 0.7636297001386726 
N 	 37.70136710420088 	 -7.085490816674568 	 -0.34792980410422075 
C 	 39.50308151892751 	 -11.088495705468976 	 1.608419054523999 
C 	 37.646919461547256 	 -9.049424104267205 	 1.6062647573606648 
C 	 36.74884713811269 	 -7.955705793279865 	 1.7050858095327326 
N 	 36.67332585983124 	 -5.627182763537615 	 1.0669938372634022 
C 	 38.654933253841065 	 -10.998740166555661 	 2.7153060713561956 
C 	 37.62096458984854 	 -10.047751983137488 	 2.656927438096706 
C 	 35.79853418216076 	 -7.977307477299318 	 2.7309968152864514 
C 	 38.84088952426641 	 -11.869248354930198 	 3.9698473148752864 
C 	 36.75085746469753 	 -9.9604820896622 	 3.7609599870434174 
H 	 39.618329555919665 	 -6.075482539810334 	 -2.0414661541228516 
C 	 35.79460076455514 	 -8.94238139895615 	 3.7571221767734833 
C 	 36.81161133261313 	 -10.87257350524729 	 4.8278510597903335 
N 	 39.758787577571894 	 -12.664960896767317 	 4.004636505611529 
N 	 37.907299715371266 	 -11.69464144150436 	 4.918670167791466 
H 	 37.304376578098584 	 -2.8836084077380373 	 1.110456149449394 
H 	 40.20546995896109 	 -10.193922624839594 	 -0.25457669246273734 
N 	 36.0210860653926 	 -10.855509745445467 	 5.893675610319107 
H 	 40.20693734073617 	 -11.852363553826905 	 1.5491873590261733 
H 	 35.10515359454646 	 -7.146313879805038 	 2.715222804649468 
H 	 35.00157488500039 	 -8.896835158488274 	 4.5563935408849945 
H 	 50.169375150099576 	 -12.581365450726974 	 25.963367553044886 
H 	 47.90939364993562 	 -13.938148545915377 	 26.745872925964342 
N 	 41.73467116697459 	 -4.578786377423451 	 -3.095533646853116 
C 	 41.837257867126276 	 -3.6665543716325555 	 -2.293353142289926 
N 	 40.74958556301413 	 -3.3276243733600896 	 -1.5412677850387069 
C 	 44.243292495409975 	 -3.1447542661592176 	 -2.9628178629403545 
C 	 43.043248808673866 	 -2.764342030617386 	 -2.2914536134668744 
H 	 44.29820598303279 	 -4.060586779547242 	 -3.623487312684642 
C 	 40.70579064306622 	 -2.212926139351595 	 -0.7257668282377421 
N 	 39.59266369418641 	 -2.032675326100992 	 -0.010334051525144241 
C 	 45.37568487615446 	 -2.380550157983009 	 -2.796954093359902 
C 	 43.04730451629402 	 -1.7095689536310015 	 -1.3818379595414267 
C 	 41.881153738622785 	 -1.3852745560361688 	 -0.6181173356476487 
H 	 46.23287289795974 	 -2.6666346728099843 	 -3.3898738003176967 
C 	 45.33987174574222 	 -1.1850271281250135 	 -2.036178134586296 
C 	 44.18510465101076 	 -0.8783563561036637 	 -1.2779434173856232 
C 	 41.925579353296 	 -0.2730577443762281 	 0.2521922031252394 
C 	 46.47414787694886 	 -0.1846623133703613 	 -2.0932611785381527 
N 	 47.46829601620352 	 -0.519046074327874 	 -2.688376462405661 
C 	 44.17374843861342 	 0.2979161165655505 	 -0.5283124079178698 
C 	 43.061939575431616 	 0.5983666162092177 	 0.2031861803997942 
H 	 40.99302304079361 	 0.1740720213347409 	 0.8073367374290503 
C 	 45.31802650094314 	 1.1828022083193037 	 -0.496519633371923 
N 	 46.389029116660424 	 0.8587329052080306 	 -1.3387305985129414 
C 	 47.340081690788764 	 1.849621330944503 	 -1.0020469552750302 
C 	 48.60261653207097 	 2.1317205626816356 	 -1.5617273828119864 
N 	 45.531756345210795 	 2.1668808093230307 	 0.40909760723827293 
H 	 43.0307701994395 	 1.4847760341483618 	 0.7854871964414489 
C 	 46.814697123905106 	 2.5872045209973042 	 0.013773368621088031 
H 	 49.01594785886638 	 1.584515840071787 	 -2.352689621996865 
N 	 51.02642631596503 	 2.724076766882238 	 -3.153201064173154 
C 	 49.25951436351155 	 3.229407706022809 	 -1.0442437340023547 
C 	 51.18138587465338 	 3.6528050181873297 	 -2.4169445081902596 
C 	 47.48765457879011 	 3.6934188395793504 	 0.5418140380509268 
C 	 48.699038019419504 	 4.011912042457243 	 -0.07608268934545825 
N 	 50.51828583309166 	 3.815585537433041 	 -1.3341590911357393 
C 	 52.74756438825018 	 4.798188224661627 	 -4.005432494631092 
C 	 52.069488564027516 	 4.82428151415933 	 -2.7531953811778203 
H 	 52.8243523510306 	 3.902879575241164 	 -4.622803002555989 
C 	 50.47181403670532 	 4.8998996342449965 	 -0.4639414120523708 
C 	 53.330498804089366 	 5.995707524243508 	 -4.498657083750459 
N 	 49.43508776971894 	 5.025754520268568 	 0.32622415139109584 
C 	 52.05358686667253 	 5.946897245116253 	 -1.997594711143507 
H 	 47.199806774572906 	 4.3668536510095555 	 1.3618538670639224 
C 	 51.412467049770186 	 5.99189992375776 	 -0.7713788553492152 
C 	 53.26499192613874 	 7.129866679726151 	 -3.726389998127948 
H 	 53.884948410731106 	 5.9843751662951385 	 -5.4140657915534405 
C 	 52.734962531539274 	 7.0830456762715155 	 -2.416992295543306 
C 	 51.563210069507946 	 7.068169380589719 	 0.11201205305287486 
C 	 53.754194446393285 	 8.478334781095022 	 -4.2541198578680675 
N 	 54.033322008920294 	 8.781368902312913 	 -5.39127843474093 
C 	 52.80933246901965 	 8.232392322706719 	 -1.5551130653188887 
C 	 52.28892654303541 	 8.162791103254502 	 -0.28073355380331305 
C 	 53.51109978139641 	 9.430828942281831 	 -2.055807889272265 
N 	 53.91447798039095 	 9.431698362591629 	 -3.3339790851245374 
H 	 50.99164615903769 	 7.193491517243473 	 0.9942798166149761 
C 	 54.55488178273969 	 10.612137340757661 	 -3.455390522871605 
C 	 55.00770725343835 	 11.323362074978615 	 -4.614479696156653 
N 	 53.83396176259416 	 10.484431992739381 	 -1.2953818790656022 
C 	 54.49151440044384 	 11.240833569609395 	 -2.202563383948138 
H 	 52.15581971636436 	 9.00587999902306 	 0.3823117310183393 
N 	 55.70781886550096 	 12.766007087498783 	 -7.286629640817994 
H 	 55.0668756838078 	 10.882390513319056 	 -5.650354013920246 
C 	 55.4620360155194 	 12.679233302464336 	 -4.3287899896414475 
C 	 56.037180481730715 	 13.711882099715403 	 -6.546120048559406 
C 	 54.87870844798776 	 12.549526220787515 	 -1.963670183711126 
C 	 55.393274444816086 	 13.259291981173982 	 -3.0825741294914573 
N 	 56.03417199730433 	 13.642772374892829 	 -5.176204709858436 
C 	 56.35165916680039 	 15.191731730401424 	 -8.509453642922177 
C 	 56.449038096328565 	 15.050394573814138 	 -7.125098536669865 
C 	 56.206984369640566 	 14.711480006565665 	 -4.329755140006283 
H 	 55.98681472828183 	 14.385142996469934 	 -9.097226217484556 
N 	 55.8789764244568 	 14.514230120260017 	 -3.0345322506271626 
C 	 56.757213200851 	 16.357391558460076 	 -9.098159262148476 
C 	 56.69366776205477 	 16.114096290930494 	 -6.253136770663454 
H 	 54.806682034990786 	 13.083529784905068 	 -0.9927558415485624 
C 	 56.605662356248146 	 15.937393947868348 	 -4.859126156402406 
C 	 57.04220944329479 	 17.472227823398327 	 -8.258361025493047 
C 	 57.0975014489821 	 17.329449622483956 	 -6.799509599076819 
C 	 57.03589257248521 	 16.980780043245222 	 -4.0599064704842895 
H 	 56.68941610621889 	 16.44470497859711 	 -10.162049277256251 
C 	 57.371832796953996 	 18.842464310425072 	 -8.815670689770252 
C 	 57.483935303524184 	 18.40509341786876 	 -5.983479770061897 
N 	 57.36982357087684 	 19.069199880327766 	 -10.011912173208076 
C 	 57.47989306217228 	 18.206452241256 	 -4.60235463797036 
H 	 57.043245856548864 	 16.834890318214715 	 -3.004606590221545 
C 	 57.702049893455204 	 19.643019320998068 	 -6.579781513964378 
N 	 57.60434165913133 	 19.80251241187425 	 -7.947519557086769 
C 	 57.707490702274654 	 21.153894210833464 	 -8.00554467541126 
N 	 57.97526744756045 	 20.733171387135627 	 -5.835660639381013 
C 	 57.45135073663729 	 21.994109316635058 	 -9.100286484101938 
H 	 57.6254702880762 	 19.03389815522124 	 -3.9110952137526565 
C 	 58.00759415670896 	 21.663785616758833 	 -6.778833751471355 
H 	 57.218782191155725 	 21.571712927650733 	 -10.087722238858394 
C 	 57.500941952177456 	 23.35371900591103 	 -8.800231108731525 
C 	 58.10816689419617 	 23.06067705778679 	 -6.472278484268023 
C 	 57.799998802613395 	 23.89675784561828 	 -7.52334615189544 
H 	 58.21020761749421 	 23.377235966856535 	 -5.437344483337423 
N 	 56.331491774032365 	 23.428263278093098 	 -11.465913446389205 
C 	 56.51825977106074 	 24.46478094314091 	 -10.817723811655407 
N 	 57.09692942342708 	 24.433534008088937 	 -9.617224522900186 
C 	 57.17771512907612 	 25.476639012911757 	 -8.738519326921951 
N 	 57.62192485964764 	 25.213861944988285 	 -7.462355620049979 
C 	 56.194152505656085 	 25.825558061578302 	 -11.335414966357796 
C 	 55.70921346681463 	 25.87031139054522 	 -12.622177231793579 
C 	 56.736289196232875 	 26.802452537532336 	 -9.260519886799859 
C 	 56.2723696844398 	 26.936250203331852 	 -10.514855696514793 
C 	 55.345127980320115 	 27.162242195619804 	 -13.125754236719903 
C 	 56.82378319432999 	 27.965394627502285 	 -8.412120942788393 
H 	 55.60670086136891 	 25.051648915139836 	 -13.352083046236094 
C 	 55.80083377461517 	 28.201562455152555 	 -10.960762623929371 
C 	 55.42849494400972 	 28.30536791902271 	 -12.341006424127373 
C 	 56.41801551473354 	 29.156486654257037 	 -8.904513320767208 
C 	 55.79677646950018 	 29.27080428122326 	 -10.151487742592652 
C 	 54.993589704489416 	 29.64936051539128 	 -12.867543024041023 
H 	 54.950631629526214 	 27.23231253526666 	 -14.135254570503944 
N 	 54.62299758583522 	 29.821767306195976 	 -14.04183313023593 
H 	 57.17277986426978 	 27.901438903820036 	 -7.373280033599055 
C 	 55.374713130562725 	 30.544445189941364 	 -10.668475306310432 
N 	 55.054606366048816 	 30.641526817818388 	 -11.993243592332465 
C 	 54.38760641815472 	 31.85837861545586 	 -12.064942947291497 
N 	 54.80470125633452 	 31.517568528871774 	 -9.896748316256543 
C 	 53.85782373683918 	 32.53822746127661 	 -13.192876369799807 
C 	 54.190257918266354 	 32.279047473550214 	 -10.797757359462013 
H 	 56.48296192147059 	 30.01658203575038 	 -8.314874591443987 
C 	 52.937529633027665 	 33.58303634448898 	 -12.838421408960645 
N 	 52.69875882256069 	 33.51457486028582 	 -15.776409721330927 
C 	 53.28783894080024 	 33.227171862668754 	 -10.483624047823442 
C 	 51.80140312449064 	 33.865200178435586 	 -14.974722434303732 
C 	 52.60140537312573 	 33.82728426719608 	 -11.58754977768982 
H 	 54.04675651405759 	 32.15311109250892 	 -14.215641252212109 
N 	 52.00728664854129 	 34.16297530536454 	 -13.69683930123886 
C 	 50.19698902078359 	 34.19189239535603 	 -16.907376379229238 
C 	 50.42687403736714 	 34.16179425044561 	 -15.502396504257076 
C 	 51.080659871506924 	 34.63282288736942 	 -12.840283860368583 
N 	 51.39889957835748 	 34.50960179253996 	 -11.544374750145874 
C 	 48.87900317980755 	 34.35544170137103 	 -17.376092396820074 
C 	 49.4780393340606 	 34.66005780295327 	 -14.639060190752437 
C 	 49.753885785120964 	 34.98480535396292 	 -13.328997813777452 
H 	 50.92847705506035 	 33.9602204200917 	 -17.668211973206486 
H 	 53.138219183916966 	 33.508707691427794 	 -9.471643663918929 
C 	 47.9194549320414 	 34.72953413050831 	 -16.52883664950466 
C 	 48.17000035018978 	 34.944187295135855 	 -15.18944733075964 
C 	 48.74119444007195 	 35.47175440608846 	 -12.498777604065797 
C 	 46.477891937910826 	 34.93892406474511 	 -17.074073104606104 
C 	 47.18226312603502 	 35.559097538925734 	 -14.402166188994368 
N 	 46.00874455612176 	 34.43657284078467 	 -18.09267869809572 
C 	 47.53135985661048 	 35.802997705260736 	 -13.067098053966651 
H 	 48.548532150017174 	 34.18616051309916 	 -18.36259031461511 
C 	 45.94300336924564 	 35.94698603801193 	 -14.982459779155864 
N 	 45.67034656834338 	 35.69799860268796 	 -16.292927797076672 
C 	 44.49433402782623 	 36.351980638724086 	 -16.56269151312327 
C 	 43.85556618819691 	 36.62367656684889 	 -17.79640369279412 
H 	 48.90099618076776 	 35.62868740276953 	 -11.423818556938707 
N 	 44.99142319685468 	 36.75958022480841 	 -14.362617544279283 
C 	 44.15464977535913 	 37.04893462277892 	 -15.415339606864757 
C 	 42.79410963994343 	 37.55293511853832 	 -17.747759884379548 
N 	 43.132666426928594 	 37.47196956112202 	 -20.645904513499644 
C 	 43.15070047495756 	 37.962365992814256 	 -15.381632316201834 
C 	 42.20427213610268 	 38.08289083690285 	 -20.1087649069417 
H 	 46.72429017036002 	 36.17854450596995 	 -12.391219653707997 
C 	 42.46243165225167 	 38.23129248494819 	 -16.60363354891045 
H 	 44.175616309574345 	 36.330933338183186 	 -18.839621734934827 
N 	 42.04173045710183 	 38.17836441181816 	 -18.779840957488695 
C 	 40.99349141114795 	 38.52130914069376 	 -22.23005383790119 
C 	 41.06941283710634 	 38.68602661982752 	 -20.864537260941578 
C 	 41.23787583319905 	 39.050268553469394 	 -18.108231958044623 
N 	 41.41330536446017 	 39.07655676548263 	 -16.734570503630213 
C 	 40.073899952186736 	 39.17227778817572 	 -22.986076480079 
C 	 40.082576871866486 	 39.489588861873045 	 -20.21802735831744 
C 	 40.18798523140393 	 39.64356828337154 	 -18.801215910542435 
H 	 41.75590770660386 	 37.99214763940731 	 -22.76585597292288 
C 	 39.05430155878899 	 39.998177389355725 	 -22.352895617535836 
H 	 42.96868272023005 	 38.554161643736954 	 -14.523497329745963 
C 	 39.06061876708148 	 40.12639091304961 	 -20.949203305180784 
C 	 39.22060072870183 	 40.5267443959038 	 -18.246058545124715 
C 	 38.04768886623364 	 40.67826829579727 	 -23.18712785748847 
C 	 38.07658479264209 	 40.89642892799874 	 -20.341677448167587 
C 	 38.190495313276415 	 41.09675285958686 	 -18.94445063496304 
H 	 40.134053198152294 	 39.11485438683538 	 -24.15017423188301 
N 	 38.21513262836643 	 40.73182773531759 	 -24.408512417685316 
C 	 37.00037627751002 	 41.514998297345215 	 -21.12175635741501 
N 	 37.048633455531956 	 41.26696129508705 	 -22.50228324677189 
H 	 39.185907772501025 	 40.76644005981895 	 -17.191047928739692 
C 	 36.10132607366856 	 42.21010212872945 	 -22.99892444911944 
N 	 36.055040204328684 	 42.348139525783964 	 -20.738623022946978 
C 	 35.85625561496057 	 42.674242305552156 	 -24.272848395760874 
C 	 35.57597460607572 	 42.87024848103278 	 -21.85295176744598 
H 	 37.510529419208396 	 41.77137648805114 	 -18.435400972726264 
C 	 34.76752711905425 	 43.93335353797969 	 -21.961208190088787 
C 	 34.872595202017955 	 43.66594458463812 	 -24.376901987686093 
N 	 34.98935776066148 	 43.2906870531532 	 -27.20393450041846 
H 	 36.316853131756076 	 42.35088576389319 	 -25.236163434448574 
C 	 34.46096739700113 	 44.30706420827612 	 -23.227686823131513 
C 	 34.56086580685413 	 44.25408317771588 	 -26.72806031275448 
N 	 34.46482484098003 	 44.47996012014385 	 -25.437752175278405 
C 	 33.73052226228606 	 45.40578215704268 	 -24.828654346512412 
N 	 33.78307663707169 	 45.45337568868701 	 -23.46968113242861 
C 	 34.110926976834264 	 45.33404898473016 	 -27.627532522303756 
H 	 34.351562496932665 	 44.391984336128765 	 -21.02480164861612 
C 	 34.19784974324839 	 45.23528288084993 	 -29.00015979116607 
C 	 33.27177915081521 	 46.51814688279538 	 -25.68817879389198 
C 	 33.481061354577626 	 46.46954124345511 	 -27.06830866663473 
H 	 34.54745072982497 	 44.32998154598961 	 -29.487161276293747 
C 	 33.8999860559436 	 46.314681833654305 	 -29.80286537604457 
C 	 32.60868464955906 	 47.674837897184574 	 -25.16451763067717 
C 	 32.97815025809419 	 47.49364999441445 	 -27.884347824146545 
C 	 33.165588408000815 	 47.38267554323887 	 -29.26431138391891 
C 	 32.20134227177337 	 48.692305844636046 	 -26.004479109287704 
C 	 32.408824319342166 	 48.6761731279633 	 -27.37066401473205 
H 	 32.37000545991927 	 47.786059693921324 	 -24.10241979154121 
H 	 34.05653992520323 	 46.3360020771539 	 -30.89155921520396 
C 	 32.84670108184361 	 48.56099380008065 	 -30.209165516948737 
N 	 32.80607665639786 	 48.43501190182937 	 -31.373542883901305 
C 	 32.159385621989166 	 49.781715238375924 	 -28.223054251925916 
N 	 32.493859280833334 	 49.692860546688834 	 -29.567185159626167 
H 	 31.73607050251506 	 49.56683519702684 	 -25.52127628035229 
N 	 31.647298080296142 	 50.99207065896887 	 -27.805599955158375 
C 	 32.168830913182674 	 50.929605703461064 	 -29.99587095813561 
C 	 31.58626289167524 	 51.603493978266556 	 -28.961432008067984 
C 	 32.110820222475425 	 51.48957870318763 	 -31.327519813523626 
C 	 31.003035200144033 	 52.85312437259466 	 -29.04862732057246 
H 	 32.48570879017394 	 50.94734434312377 	 -32.192832325355795 
C 	 31.478353695392315 	 52.72522009639265 	 -31.46558593332195 
C 	 30.877486846780858 	 53.348898172654295 	 -30.3248700703917 
H 	 30.506113244167587 	 53.29910013968471 	 -28.180821119415914 
H 	 31.59048752622066 	 53.12469939353678 	 -32.46704281976509 
H 	 30.473258946625172 	 54.39483710913524 	 -30.471322764328054 
