C 	 41.83306842226775 	 -0.7802185112117863 	 38.112704406088454 
C 	 42.903317459931955 	 -0.19649592959259352 	 37.46459581554702 
C 	 41.406924344397716 	 -2.115173494329879 	 37.95603688574399 
C 	 42.203015175245454 	 -2.8529925296337395 	 37.07254091608908 
C 	 43.23142792353458 	 -2.2750435548127124 	 36.399112146131934 
C 	 43.5471226479206 	 -0.9508782249768977 	 36.47435861113369 
N 	 42.08959113237933 	 -4.1824474962296865 	 36.439439457891005 
N 	 43.76671498130101 	 -2.9950107646882045 	 35.38921474758194 
C 	 43.04768717343521 	 -4.158615786140882 	 35.4302864272797 
C 	 43.047635916613565 	 -5.156717344260772 	 34.40939841365087 
C 	 41.17778512207148 	 -5.190708228960516 	 36.538871460118806 
N 	 40.25734101029177 	 -5.1031940202348975 	 37.36829434134225 
C 	 41.37418103651572 	 -6.337274636602028 	 35.61700337817465 
C 	 42.26899276329131 	 -6.273577562990579 	 34.58059627368911 
C 	 42.3417664089612 	 -7.287360190111477 	 33.65078634399541 
C 	 40.659368550609784 	 -7.518244274048019 	 35.84364682112692 
C 	 40.83904853768821 	 -8.623223177787036 	 35.02189987622365 
C 	 41.63928011396122 	 -8.482454116662591 	 33.896319986342746 
C 	 43.93299080797882 	 -5.006749696151442 	 33.30550808172196 
C 	 43.8713096882044 	 -5.9706810228238965 	 32.26151062412941 
C 	 43.13651928110056 	 -7.133245374195437 	 32.49371431540791 
C 	 41.72910631735412 	 -9.631304006231286 	 32.89846239068345 
C 	 43.07489696205031 	 -8.161658830698677 	 31.524513464271354 
N 	 42.3118812513816 	 -9.257432214133196 	 31.781330859189172 
N 	 41.22425998751662 	 -10.713442202016678 	 33.11586936699593 
N 	 43.784290112160484 	 -8.15427801419833 	 30.343360972414473 
H 	 40.49053208388772 	 -2.542147948291826 	 38.36285288109433 
H 	 44.29228471176926 	 -0.614439066330334 	 35.84800158015748 
H 	 39.95704619097284 	 -7.542318528636168 	 36.66761739305373 
H 	 40.197170547405136 	 -9.49888563758847 	 35.072893098129356 
H 	 44.50087704455091 	 -4.113298441158296 	 33.12438468499096 
H 	 44.37094176043467 	 -5.851291513573714 	 31.27919186728103 
C 	 42.45988990750602 	 -9.961924406249913 	 30.598417742538977 
C 	 43.34592455272556 	 -9.245457295955447 	 29.748919431198907 
C 	 41.76134102240301 	 -11.126046664170694 	 30.131279840255534 
C 	 42.03237618084809 	 -11.44866810150755 	 28.795367100958945 
C 	 42.92023757606703 	 -10.775490323823583 	 27.984154509753736 
C 	 43.54275293496812 	 -9.66261269111999 	 28.459890990452514 
N 	 41.46369899213494 	 -12.468515831856015 	 28.008064740893357 
N 	 43.00142256739401 	 -11.30265554009362 	 26.674951662017804 
C 	 42.10610876477805 	 -12.381102974789133 	 26.800708625854423 
C 	 41.59152430211893 	 -13.157597476855027 	 25.7019160017842 
C 	 40.448624369291444 	 -13.283166510872636 	 28.25130076305159 
N 	 39.97204123276526 	 -13.440556977434344 	 29.355012179198617 
C 	 39.81144496936253 	 -13.983414752429413 	 27.090058073386192 
C 	 40.39299508047398 	 -13.81237187789824 	 25.876773685460876 
C 	 39.78527137177727 	 -14.446715834770046 	 24.774661015809787 
C 	 38.50479922384007 	 -14.470778957312517 	 27.25117481338356 
C 	 37.95279493501829 	 -15.09220799898424 	 26.131798924417847 
C 	 38.574977776923205 	 -15.110594705707786 	 24.910705010215878 
C 	 42.248901339965236 	 -13.088785717898794 	 24.560729844860507 
C 	 41.62389586155253 	 -13.69176288595792 	 23.422796313799015 
C 	 40.33862409758561 	 -14.233691313863483 	 23.543553923169867 
C 	 38.03836511637374 	 -15.848981673116434 	 23.781249512968934 
C 	 39.65667924036571 	 -14.849030839606048 	 22.371097751076807 
N 	 38.61121515985345 	 -15.726090424318004 	 22.55049149581107 
N 	 37.06206446283908 	 -16.547775857002204 	 24.002032759794368 
N 	 39.67592114641205 	 -14.346713400356895 	 21.207021466357524 
H 	 40.96343111390894 	 -11.653039341566533 	 30.71716121417521 
H 	 44.22070301044189 	 -9.02652773657985 	 27.843475441183443 
H 	 37.93140312939358 	 -14.494617823861912 	 28.201175203335204 
H 	 36.957706563978675 	 -15.489933852170061 	 26.28582624100938 
H 	 43.26550594590163 	 -12.507553087694058 	 24.45042989139495 
H 	 42.15356289024487 	 -13.634784314003088 	 22.504225772685817 
C 	 38.55610090258513 	 10.08173575883978 	 42.07186697397886 
C 	 38.22952304246388 	 8.747128702409622 	 41.77455134708238 
C 	 39.80168867158066 	 10.55873320494527 	 41.87463540638391 
C 	 39.33837083307976 	 8.006604731246794 	 41.385208648223816 
C 	 40.84434646814038 	 9.811682747562052 	 41.39443797025922 
C 	 40.60111680334357 	 8.441522899397068 	 41.30285797303843 
C 	 38.50088765616292 	 5.610301139171509 	 41.21690449318167 
N 	 37.39611453721272 	 5.816158500812021 	 41.61464606573781 
C 	 38.05561411187904 	 3.179323550063199 	 41.02956465378257 
C 	 38.95446825517452 	 4.243097110711867 	 40.89483899618307 
C 	 40.68725879374353 	 6.486012449047037 	 40.71046631690718 
N 	 39.399232615827614 	 6.600630351737151 	 41.0668368080866 
C 	 38.39792930444614 	 1.8988385631757942 	 40.638476958315145 
C 	 40.17860290980749 	 4.043794473806775 	 40.31745621371662 
C 	 41.06046264783735 	 5.152691013420827 	 40.21579550162102 
N 	 41.4778030093956 	 7.538030333383756 	 40.82227194714568 
C 	 39.6398039895862 	 1.6570715677744972 	 40.00163257996579 
C 	 40.524067503520094 	 2.7562233349614056 	 39.861265778601435 
C 	 42.3268967451069 	 4.924344519111751 	 39.578799958646115 
C 	 40.04091321619757 	 0.2883736186092534 	 39.502249510507326 
C 	 41.73652525109497 	 2.5583788969981045 	 39.18979592819094 
H 	 37.18605625027698 	 8.325502279711884 	 41.924219152340115 
C 	 42.662615687030005 	 3.660716542310509 	 39.129519048172206 
C 	 42.026364123389584 	 1.3056333886077065 	 38.54429959896804 
N 	 39.43838644238772 	 -0.7044809204331546 	 39.872301629511725 
N 	 41.239734049371314 	 0.2235796746179162 	 38.94322965064734 
H 	 41.802407688392805 	 10.193007531332333 	 41.24038444252172 
H 	 37.05786851009277 	 3.315073542512228 	 41.332314721618175 
N 	 43.022777589470486 	 1.1299376299591062 	 37.65033329493142 
H 	 37.67857814899742 	 1.104703584495453 	 40.88341308609847 
H 	 43.01554843210785 	 5.732601909103009 	 39.39976559682666 
H 	 43.57977094801604 	 3.5163966997241745 	 38.53785567943677 
H 	 38.04234183095166 	 -16.11511948535787 	 21.743521362012373 
H 	 39.03916463610277 	 -14.690990071012827 	 20.52696740657335 
N 	 35.747250476230576 	 10.454130806945189 	 42.59417352976145 
C 	 36.55824839298692 	 11.262219695820404 	 42.926681185721364 
N 	 37.8596418288299 	 11.069739410391298 	 42.74715185229305 
C 	 34.868537043327684 	 12.969500744349524 	 43.77619363925334 
C 	 36.16883968186042 	 12.64128538046892 	 43.52131259916333 
H 	 34.085757982982464 	 12.2271654717403 	 43.595720866732044 
C 	 38.865811682137746 	 11.971650043954432 	 42.97295957202499 
N 	 40.05695253698166 	 11.704864613808963 	 42.489803406294875 
C 	 34.5462751079493 	 14.252328389792192 	 44.20098897110392 
C 	 37.18986023982459 	 13.563943516880519 	 43.82816952244067 
C 	 38.518080944876374 	 13.242542975748519 	 43.58280961118364 
H 	 33.5137715170255 	 14.520266594946763 	 44.40440932354396 
C 	 35.533697836255655 	 15.216304376312225 	 44.40597399515606 
C 	 36.91259610951194 	 14.779169868471266 	 44.437085578303346 
C 	 39.52568008654391 	 14.185994049362357 	 43.88858607040427 
C 	 35.26729857518304 	 16.617880631083896 	 44.80061081313683 
N 	 34.183695072249996 	 17.122078655396955 	 44.58222270328244 
C 	 37.90661627724378 	 15.70335257174066 	 44.883382039759034 
C 	 39.24990337322919 	 15.390281926334023 	 44.54275272322979 
H 	 40.553398771676854 	 13.994579167856253 	 43.67948701680546 
C 	 37.550224433298325 	 16.81488625621456 	 45.640504931228435 
N 	 36.23489742820621 	 17.2466214951893 	 45.51713002476497 
C 	 36.19936062006685 	 18.228474888361273 	 46.474748352287094 
C 	 35.210501866765796 	 19.168750041357413 	 46.623972311257766 
N 	 38.348164072490924 	 17.331361931256637 	 46.61608786686916 
H 	 40.06164081343849 	 16.073428129281066 	 44.757679655408175 
C 	 37.45607719875529 	 18.209924864777317 	 47.058225161122444 
H 	 34.346558889984685 	 19.216293375158834 	 45.998611243926895 
N 	 33.35878024893077 	 21.51694097025951 	 46.2728915453056 
C 	 35.58144234443876 	 20.173159277306542 	 47.50220175997547 
C 	 34.11088162630075 	 22.153697382143203 	 47.032518730202426 
C 	 37.65062396438371 	 19.072128901392357 	 48.091017324277345 
C 	 36.72098878313835 	 20.1456531699264 	 48.21454916865528 
N 	 34.99459600699819 	 21.44462193386504 	 47.70267964205141 
C 	 33.310471221573756 	 24.3709503313926 	 46.3696963908055 
C 	 34.11900198861178 	 23.633332443330684 	 47.15657305235687 
H 	 32.58372856118379 	 23.890961174930148 	 45.658731319823495 
C 	 35.837497089421525 	 21.986177025832372 	 48.62972089511438 
C 	 33.223338822795114 	 25.754507910429567 	 46.589800939253706 
N 	 36.85386879026482 	 21.225475858818164 	 48.97067444015632 
C 	 34.861807918024 	 24.15218063023037 	 48.22417762853042 
H 	 38.60821727828169 	 19.07841453838068 	 48.64538836002527 
C 	 35.733601750785894 	 23.373929942407603 	 48.98296893420726 
C 	 34.043973514694194 	 26.39475507054882 	 47.556366004884445 
H 	 32.542041710605766 	 26.215721976389077 	 45.96418334323782 
C 	 34.83479278299703 	 25.57571640898156 	 48.362885295804475 
C 	 36.480662727972586 	 23.983832336389817 	 -48.344135040326314 
C 	 33.96924525900426 	 27.85847228875899 	 47.81836223481826 
N 	 33.33402394671197 	 28.608454993195753 	 47.140798397147925 
C 	 35.669145027108975 	 26.14416653555043 	 -49.03335155418545 
C 	 36.397057020827376 	 25.371409446449157 	 -48.165712584915646 
C 	 35.69348922012869 	 27.612307475688173 	 -48.93080423577269 
N 	 34.78142057950547 	 28.36831648639027 	 48.78186204920199 
H 	 37.091272622417904 	 23.399595531460893 	 -47.62854276857122 
C 	 35.28940745222164 	 29.699455597601563 	 48.87024292240153 
C 	 34.906497134700324 	 30.8732178293128 	 48.26239114406347 
N 	 36.77963430868162 	 28.281637619767768 	 -48.474043825737034 
C 	 36.48049350152114 	 29.57663939518042 	 -48.77812767205447 
H 	 36.998606662195414 	 25.994413281434497 	 -47.42543208942092 
N 	 33.521906310097535 	 33.56693663824915 	 47.26688860094972 
H 	 33.98836997158867 	 30.93617137252247 	 47.683367535652664 
C 	 35.79531766332174 	 31.913848333515077 	 48.454172552915985 
C 	 34.56533922053209 	 34.008129138523415 	 47.67847048075412 
C 	 37.35925580239199 	 30.61809467566999 	 -48.61653169758393 
C 	 36.91350160833625 	 31.859420127310973 	 -49.15379893173697 
N 	 35.63322898420198 	 33.251558211010476 	 48.04815090701196 
C 	 33.505532008820325 	 36.24163680858627 	 47.71057574200813 
C 	 34.64900592326645 	 35.49057653844776 	 47.863884991029764 
C 	 36.81532400439924 	 33.8040942966747 	 48.534733731135915 
H 	 32.46223643454608 	 35.78584289589777 	 47.5439805054445 
N 	 37.617947998289495 	 33.00533236281922 	 -48.99943308256739 
C 	 33.62577145072447 	 37.59700193111494 	 47.67582186223823 
C 	 35.84627550686435 	 36.09882975736624 	 48.1556149513351 
H 	 38.331490155691725 	 30.63057181311553 	 -48.11392422845612 
C 	 36.93648689590676 	 35.25482952009223 	 48.43385446465149 
C 	 34.85609225220497 	 38.18793294860589 	 48.04624488977619 
C 	 35.999840111231535 	 37.47910344946493 	 48.2957447804265 
C 	 38.175332345396754 	 35.778809608864336 	 48.721902109707685 
H 	 32.78015372737065 	 38.23470992913954 	 47.39969944111053 
C 	 34.88562754769243 	 39.653196730430956 	 48.205253450242985 
C 	 37.213077605250795 	 38.051098029002546 	 48.56403809461103 
N 	 33.921426733801766 	 40.344592704458556 	 48.10362446707248 
C 	 38.30467464883859 	 37.18343167513342 	 48.73189460225175 
H 	 39.00769869844017 	 35.10864286629557 	 49.00417596651986 
C 	 37.257638893679065 	 39.51038955289354 	 48.70754984652673 
N 	 36.077173984084666 	 40.18573026523335 	 48.4825919025146 
C 	 36.40615099931636 	 41.377882252122205 	 -49.131118482439724 
N 	 38.34935277336556 	 40.19000015875066 	 49.14651284804787 
C 	 35.59745699800567 	 42.49831085457565 	 -48.72583097853427 
H 	 39.30893709962058 	 37.541896926271356 	 48.85113246518614 
C 	 37.77181653307913 	 41.389837687676085 	 -48.78878781792082 
H 	 34.52304208420595 	 42.49861907474314 	 -48.841992153240255 
C 	 36.269085182501335 	 43.53422466483874 	 -48.09863305223861 
C 	 38.38995801657965 	 42.452734677034876 	 -48.15755932805905 
C 	 37.623693226697455 	 43.60194885163655 	 -47.96972522370239 
H 	 39.46139829359204 	 42.32069771155136 	 -47.88444115341669 
N 	 33.59701845841853 	 44.4657515609586 	 -47.89697523549211 
C 	 34.488186402780684 	 45.18140332645582 	 -47.47136575383678 
N 	 35.75296511702742 	 44.7368771190269 	 -47.532695979752624 
C 	 36.92986931472869 	 45.39001297905769 	 -47.0392991940051 
N 	 38.02018956722419 	 44.69557854106115 	 -47.20469629032597 
C 	 34.30916559207857 	 46.57614334718073 	 -46.93309997457775 
C 	 33.1145642223003 	 47.23586268481939 	 -47.0716120395254 
C 	 36.68264506761745 	 46.68547979343509 	 -46.386320660095535 
C 	 35.35427904313208 	 47.23929198653799 	 -46.360632318658936 
C 	 32.95989286464935 	 48.539059551495974 	 -46.604457657827595 
C 	 37.70107679588263 	 47.250039067790546 	 -45.62622209831236 
H 	 32.19648548809228 	 46.76897623369886 	 -47.495321368927826 
C 	 35.14992877741806 	 48.436013514165765 	 -45.72869759460219 
C 	 34.009885191054465 	 49.183818184445315 	 -45.887684592014814 
C 	 37.44334673653139 	 48.37815947192118 	 -44.84890236203437 
C 	 36.18875552612114 	 48.99830734267501 	 -45.00066454835458 
C 	 33.758638670477424 	 50.46778298047659 	 -45.21911696633508 
H 	 31.94963947635397 	 49.06766759184111 	 -46.68508587047735 
N 	 32.68947244811859 	 51.00867546395767 	 -45.2283900695026 
H 	 38.677680819275224 	 46.82817581807127 	 -45.56161023782775 
C 	 35.94578498419956 	 50.27382112694523 	 -44.347941218623596 
N 	 34.7793292020136 	 50.963640608991014 	 -44.56545079176091 
C 	 34.96881585220698 	 51.99559228393034 	 -43.62901952569232 
N 	 36.77512974027522 	 50.731954007557064 	 -43.37645256522969 
C 	 33.987042243536685 	 52.90952619526303 	 -43.27441184699119 
C 	 36.120405903288066 	 51.80227135027796 	 -42.92252629807388 
H 	 38.31772148041536 	 48.7592183265415 	 -44.16989037263821 
C 	 34.15649315704796 	 53.61484908558412 	 -42.12769403154943 
N 	 31.59415883064183 	 54.49348847472194 	 -42.68114536344004 
C 	 36.31984168894305 	 52.535778943088914 	 -41.756470391206605 
C 	 32.08922718057576 	 54.856782380583404 	 -41.633461040316575 
C 	 35.27276976040004 	 53.386315016090336 	 -41.32897527249559 
H 	 33.07912713623258 	 52.9138646692402 	 -43.812558312139245 
N 	 33.29219866166431 	 54.45799673915721 	 -41.39739598111018 
C 	 30.182496248551136 	 56.307323406691886 	 -40.899847983612204 
C 	 31.48603450434591 	 55.8681758025165 	 -40.63943140726862 
C 	 34.08606670484413 	 54.87286840935716 	 -40.35032631573797 
N 	 35.25672690565889 	 54.14966643696078 	 -40.21030598261149 
C 	 29.52535411089467 	 57.19433565368781 	 -39.969157455364574 
C 	 32.218708832556196 	 56.31957953475621 	 -39.566611374734656 
C 	 33.519676177817935 	 55.81158468322748 	 -39.37707978527762 
H 	 29.598144435783183 	 55.882417792625304 	 -41.706337015267735 
H 	 37.11168247401988 	 52.304848571313364 	 -41.083942814689884 
C 	 30.250090403064426 	 57.59546987059106 	 -38.83475209068772 
C 	 31.645346705422888 	 57.18153908734843 	 -38.667934213138786 
C 	 34.33969573266474 	 56.35746398517089 	 -38.36889641603703 
C 	 29.68192884742264 	 58.54975363178221 	 -37.82634735148482 
C 	 32.40813154708562 	 57.5207715343581 	 -37.522159362838444 
N 	 28.525193298335815 	 58.95164699859622 	 -37.815605210339875 
C 	 33.76753979791424 	 57.202048598963266 	 -37.45268697416859 
H 	 28.516732179028217 	 57.587229289178794 	 -40.19787820298527 
C 	 31.66904394831991 	 58.221304427798245 	 -36.418298620537165 
N 	 30.467248954941656 	 58.80714478386 	 -36.7215337506816 
C 	 30.13059952180365 	 59.126092116025475 	 -35.387072608278174 
C 	 28.959354687542774 	 59.82378419597636 	 -34.93534599554407 
H 	 35.337004431800494 	 56.146050219306176 	 -38.39082583073693 
N 	 32.215222920859254 	 58.2962617601974 	 -35.16072614631774 
C 	 31.177191902078523 	 58.898484392953605 	 -34.556603909463085 
C 	 28.8908249567574 	 60.04364953412491 	 -33.54739425051305 
N 	 26.55013384007191 	 -61.13996266919674 	 -34.37647712624048 
C 	 31.09566659626749 	 59.138436970881884 	 -33.193891037493174 
C 	 26.936941924989537 	 -61.30269649115916 	 -33.24421464560111 
H 	 34.28721462489084 	 57.66207153058914 	 -36.655746161915424 
C 	 29.88088692825597 	 59.60937875930809 	 -32.695433879444145 
H 	 28.150633997712035 	 60.20679464507661 	 -35.595472673102186 
N 	 28.001482542714996 	 60.85003453382045 	 -32.80192871171564 
C 	 25.274479121806216 	 -59.65330016628998 	 -32.464695703222674 
C 	 26.315710019394846 	 -60.49283566739841 	 -32.14068064062347 
C 	 28.478854059416363 	 60.69213388563639 	 -31.52815424571521 
N 	 29.64818599632778 	 59.96238205255302 	 -31.419801954148472 
C 	 24.641654062024895 	 -58.89287695370944 	 -31.447832563828214 
C 	 26.638964685886577 	 -60.70705401061952 	 -30.795763178607686 
C 	 27.724263140572674 	 61.338383211507704 	 -30.51888026705093 
H 	 25.03146906803268 	 -59.47123119488429 	 -33.51781286877263 
C 	 24.87488254216569 	 -59.20016848476791 	 -30.1217597312848 
H 	 31.9223824571222 	 58.870602710563716 	 -32.54803569247601 
C 	 25.874144700264985 	 -60.08744870249154 	 -29.763883075281793 
C 	 28.074193581959673 	 61.20043149472663 	 -29.15203375414382 
C 	 24.3228819635897 	 -58.34100838424387 	 -28.99312396429677 
C 	 26.19197962552634 	 -60.38610968756038 	 -28.435337634939405 
C 	 27.31616235309448 	 -61.1593454056443 	 -28.12561714531142 
H 	 23.832260110130495 	 -58.17018251050026 	 -31.725212601892547 
N 	 23.599389779383092 	 -57.40960695746022 	 -29.237416997204132 
C 	 25.49824724619534 	 -59.642481564463644 	 -27.428908569810314 
N 	 24.554460504757195 	 -58.73281731388346 	 -27.744052884889758 
H 	 28.93166302989914 	 60.630730607947875 	 -28.816427516909748 
C 	 24.193940346729153 	 -58.27525847712909 	 -26.458317251544816 
N 	 25.8380014939325 	 -59.716528253573976 	 -26.11709778060504 
C 	 23.23797152625734 	 -57.29007520655964 	 -26.222389546017098 
C 	 24.960096617680016 	 -58.90980176301963 	 -25.50693329073665 
H 	 27.562668172846237 	 -61.32807344732263 	 -27.045567959068883 
C 	 24.890112262551906 	 -58.45061589428074 	 -24.16098288506212 
C 	 23.14394175763174 	 -56.929721017588925 	 -24.88180046040822 
N 	 21.051214861776522 	 -55.004471646337265 	 -25.875862314973013 
H 	 22.70839513560113 	 -56.825794664858236 	 -27.02347297070386 
C 	 23.94715439512901 	 -57.48225938166817 	 -23.92995053300011 
C 	 21.40963338059517 	 -55.106595770105045 	 -24.709012275795256 
N 	 22.34934086627242 	 -55.963659633530256 	 -24.247467276612582 
C 	 22.7202506407764 	 -56.18334306631682 	 -22.9022666745261 
N 	 23.73463074138432 	 -57.01996680531432 	 -22.681486024603004 
C 	 20.912641168132783 	 -54.18679427344239 	 -23.611538933141965 
H 	 25.42953237050795 	 -58.92441118137903 	 -23.380357130855828 
C 	 20.117122963622833 	 -53.10194544068222 	 -23.96320305375828 
C 	 22.03546648062096 	 -55.425735390885485 	 -21.833897906639688 
C 	 21.263264605085528 	 -54.3321147752645 	 -22.290855364925825 
H 	 19.762095140592635 	 -52.938033378069555 	 -24.991536929264996 
C 	 19.588339676680864 	 -52.306091741500595 	 -23.002379078156597 
C 	 22.351935855898024 	 -55.58367897748022 	 -20.51656258304223 
C 	 20.687876547861762 	 -53.537975638974416 	 -21.234329592613786 
C 	 19.742132310718652 	 -52.54154166816163 	 -21.60810106161144 
C 	 21.80968277740589 	 -54.7411037243702 	 -19.55628293943941 
C 	 21.00278940129066 	 -53.64342423141101 	 -19.95516563180744 
H 	 22.950962475448783 	 -56.438319371095275 	 -20.111656844623585 
H 	 18.91775198391509 	 -51.54832356474686 	 -23.344030951197414 
C 	 18.88174808355612 	 -51.88891787174841 	 -20.62369650615819 
N 	 17.974829576542945 	 -51.1695756261686 	 -21.007666571035905 
C 	 20.310575404147176 	 -52.80731770050155 	 -18.969631504195714 
N 	 19.185389234991856 	 -52.159794649380586 	 -19.39145416771395 
H 	 22.122635720229884 	 -54.906227055134806 	 -18.54429732622692 
N 	 20.556183198412814 	 -52.78575462409542 	 -17.695540890967752 
C 	 18.55147157577844 	 -51.83969873248835 	 -18.20282657508432 
C 	 19.511661246560262 	 -52.12915205789342 	 -17.237232448123716 
C 	 17.303500608656083 	 -51.237091673089694 	 -17.98383355379462 
C 	 19.208038446302478 	 -51.84433484004972 	 -15.90682620660993 
H 	 16.63326883445978 	 -50.88554705836026 	 -18.75151578313371 
C 	 17.089595077097314 	 -50.9240402565052 	 -16.63988620324797 
C 	 17.965614508829233 	 -51.24496171966431 	 -15.603010510825928 
H 	 20.058694258609002 	 -52.020782565293494 	 -15.258839340221861 
H 	 16.122887738672347 	 -50.33441543081841 	 -16.45865704719161 
H 	 17.58540828022231 	 -51.030791958580764 	 -14.568117674466844 
C 	 -56.96084441680615 	 5.628377118638082 	 -4.496933416784294 
C 	 -56.14465298867332 	 4.564039107471165 	 -4.057144454746603 
C 	 -57.13169096266469 	 6.793457314097602 	 -3.7876791871840294 
C 	 -56.581775043492726 	 6.798937882241781 	 -2.5098078479251917 
C 	 -55.81011462372428 	 5.732818220426999 	 -2.0506761301382834 
C 	 -55.546049841620615 	 4.625936984258863 	 -2.791202015820977 
N 	 -56.51609522316002 	 7.820028221017485 	 -1.5485019855383473 
N 	 -55.270947229457235 	 5.992932798668329 	 -0.8569772529293297 
C 	 -55.63820852251964 	 7.243075598094288 	 -0.6146243811551497 
C 	 -55.24100182194317 	 8.060982164363207 	 0.510090467772122 
C 	 -57.16655778205007 	 8.979978141515561 	 -1.3886875627908206 
N 	 -57.90716883754001 	 9.537427953314776 	 -2.198438633348851 
C 	 -56.83100330227634 	 9.739630300427105 	 -0.10340449771756621 
C 	 -55.889367575267954 	 9.272205901578383 	 0.8221184440914422 
C 	 -55.53029991984419 	 10.006236127466842 	 2.0088862777046255 
C 	 -57.475386216864266 	 10.893867248607359 	 0.1995642071233791 
C 	 -57.28780073956617 	 11.554493166221903 	 1.4057483529875765 
C 	 -56.266100353104655 	 11.144482527374503 	 2.311986149296428 
C 	 -54.20940529863796 	 7.64873316322344 	 1.3540417289962015 
C 	 -53.8139837257082 	 8.432041905012051 	 2.45012554917505 
C 	 -54.34853464628224 	 9.674472736048827 	 2.73912132985016 
C 	 -55.84818256403312 	 11.992885460213548 	 3.471450107741712 
C 	 -53.957612938110756 	 10.486227408628572 	 3.8286326199003615 
N 	 -54.706303384458124 	 11.645975550515411 	 4.1456749559228365 
N 	 -56.549627872272424 	 12.944087730979366 	 3.7671680930516063 
N 	 -52.69572004615425 	 10.434949711075719 	 4.418039349120922 
H 	 -57.816617809726885 	 7.527059479630563 	 -4.144966258758093 
H 	 -54.90180871075029 	 3.8862441118008753 	 -2.36717271105772 
H 	 -58.253570234980124 	 11.254841645458617 	 -0.4733040847997315 
H 	 -57.91329970781606 	 12.461138657485506 	 1.5923109745331092 
H 	 -53.70641933675595 	 6.667816947648432 	 1.1515655954242658 
H 	 -52.98042067605451 	 8.030302969124085 	 3.0352482997971686 
C 	 -53.838929600999315 	 12.289202192408698 	 5.125520314955347 
C 	 -52.69878955811157 	 11.488069042479632 	 5.201860985647216 
C 	 -54.00944500906584 	 13.42630302851834 	 5.896884398447152 
C 	 -52.88565220818226 	 13.847618115442852 	 6.574249710317956 
C 	 -51.72749771606309 	 13.123226492808127 	 6.51464704259569 
C 	 -51.623756683673676 	 11.887348597904444 	 5.9086270819399225 
N 	 -52.60174591809299 	 14.947700797518158 	 7.377283076179353 
N 	 -50.688406336089095 	 13.652377185429897 	 7.16161175936127 
C 	 -51.280754872848654 	 14.815700667101726 	 7.628838808630218 
C 	 -50.679775928207796 	 15.750816768308825 	 8.500158748181443 
C 	 -53.348583931485244 	 15.97153032366539 	 7.833714124776474 
N 	 -54.528928735016606 	 15.935652190534695 	 7.61824209192177 
C 	 -52.743414999797714 	 16.941090423088472 	 8.776741018372563 
C 	 -51.40320771990546 	 16.791952820003154 	 9.08497360796615 
C 	 -50.813924761087144 	 17.61809884982827 	 10.056070269683715 
C 	 -53.506206367687064 	 17.877215575355887 	 9.320893033906174 
C 	 -52.95241167618775 	 18.839379345830718 	 10.158160430992421 
C 	 -51.63189512760011 	 18.635839727543726 	 10.650062403961742 
C 	 -49.369965285801435 	 15.478502758936552 	 9.019404443575175 
C 	 -48.734783047392845 	 16.340851890591733 	 9.932516336554785 
C 	 -49.43789976720239 	 17.417295691236692 	 10.436843678052762 
C 	 -50.933605505701806 	 19.68356750546076 	 11.458721129388346 
C 	 -48.982213988090045 	 18.161175721131258 	 11.600912379552966 
N 	 -49.704348549050245 	 19.30810595196904 	 11.942427227777394 
N 	 -51.435712905854125 	 20.62661792472169 	 12.05737059732071 
N 	 -48.210940687148394 	 17.62352890627728 	 12.466093489206338 
H 	 -54.779357584297145 	 14.159952026889068 	 5.73459778252783 
H 	 -50.76593884023378 	 11.328920364580823 	 5.8469141873889505 
H 	 -54.58072352671709 	 17.851670917906542 	 9.062049686282531 
H 	 -53.512701926560595 	 19.717637750868562 	 10.487647628039491 
H 	 -48.87265068949163 	 14.585327819221975 	 8.697680044152277 
H 	 -47.6685970743337 	 16.237046639185937 	 10.247425414816696 
C 	 -58.736582173369236 	 -0.35439915267767097 	 -14.678579401536371 
C 	 -58.9766902936006 	 0.7492848474049043 	 -13.916042117461336 
C 	 -58.266012251636326 	 -1.5338380701488297 	 -14.08455365109082 
C 	 -58.61170929978597 	 0.7321964359150647 	 -12.57756865592538 
C 	 -57.72815871551073 	 -1.4769511586227226 	 -12.825804946388223 
C 	 -57.92559404845783 	 -0.3248919504176552 	 -12.101201918309698 
C 	 -59.09076196192268 	 2.877514319497169 	 -11.49787375504362 
N 	 -59.95854624670439 	 3.2875976578260837 	 -12.264135455950791 
C 	 -59.32424407427342 	 4.890126833432749 	 -10.155020333636106 
C 	 -58.809684910159504 	 3.6072512366382203 	 -10.233697740357728 
C 	 -57.770789214192945 	 1.080720244885795 	 -10.582837419664592 
N 	 -58.430638052283065 	 1.6918355021269367 	 -11.60272557464838 
C 	 -59.00687857435805 	 5.658710588477822 	 -9.026086736482513 
C 	 -57.97527845583699 	 3.160195427822528 	 -9.26754294862997 
C 	 -57.38844969564438 	 1.8922625437252554 	 -9.410749242727903 
N 	 -57.30911388597569 	 -0.1752706130900858 	 -10.90701818373646 
C 	 -58.24902747491517 	 5.090471343738858 	 -7.982974709851693 
C 	 -57.77970979788457 	 3.8159566024709055 	 -8.057806676617142 
C 	 -56.64337177547213 	 1.2565546846260773 	 -8.417731513725558 
C 	 -57.98315477072153 	 5.95413774424752 	 -6.807285541289144 
C 	 -56.91622563251961 	 3.2788230973525447 	 -7.110595296744111 
H 	 -59.484138915298914 	 1.6081112575469676 	 -14.236555473337214 
C 	 -56.402680566227744 	 1.9192839548002931 	 -7.236475974750915 
C 	 -56.64754004840962 	 4.022298915592209 	 -5.979588198623766 
N 	 -58.35487598646572 	 7.104515236915522 	 -6.623038551883683 
N 	 -57.3021909589935 	 5.2605031278215675 	 -5.8472493929339935 
H 	 -57.221077421414165 	 -2.304628021431276 	 -12.425406857964918 
H 	 -59.89263048479838 	 5.357698725325017 	 -10.987258351551302 
N 	 -55.88872763959869 	 3.607554170096118 	 -4.966722666367571 
H 	 -59.39803124235238 	 6.737974822653915 	 -8.885127609494154 
H 	 -56.180902460630584 	 0.28579574169603406 	 -8.622311065389939 
H 	 -55.749877143216416 	 1.4603131538180623 	 -6.461363890714896 
H 	 -49.383450488619275 	 19.90975698581086 	 12.654668244135355 
H 	 -47.963341334865845 	 16.66361426741721 	 12.239241433138243 
N 	 -59.55476501629852 	 1.373112920698587 	 -16.97124290286162 
C 	 -59.349133455966054 	 0.15334101929836397 	 -17.09766548272502 
N 	 -59.002503524560936 	 -0.6357826130367564 	 -16.003213752085692 
C 	 -59.65123567208029 	 0.15517985001915607 	 -19.529622306083283 
C 	 -59.319472666340694 	 -0.5887303187317511 	 -18.410777326791223 
H 	 -59.899897907590514 	 1.1768996900769289 	 -19.433449582960648 
C 	 -58.67508213018621 	 -1.9684458763488792 	 -16.077389273558673 
N 	 -58.15174819749252 	 -2.508783761965104 	 -14.936674250650714 
C 	 -59.49318917903062 	 -0.3672782958814214 	 -20.756220770039665 
C 	 -59.023368650855744 	 -1.977941258200746 	 -18.48407730886742 
C 	 -58.60178427064776 	 -2.609482412728729 	 -17.34837021766756 
H 	 -59.711000836250555 	 0.19058539415377582 	 -21.610694181052896 
C 	 -59.29180490212298 	 -1.7596883678908992 	 -20.919616872214473 
C 	 -59.03369761390947 	 -2.522960016387246 	 -19.778211606649894 
C 	 -58.27552388177514 	 -3.9562505804222834 	 -17.532262223012168 
C 	 -59.13220512219894 	 -2.3354348718066125 	 -22.326219376389595 
N 	 -59.306286952028216 	 -1.6380666665807828 	 -23.30064478613089 
C 	 -58.71032978648645 	 -3.879593012954361 	 -19.92792125690975 
C 	 -58.362145110007624 	 -4.5915466650987575 	 -18.79713510489224 
H 	 -58.05624319460046 	 -4.53714925399132 	 -16.619096897444265 
C 	 -58.777162832466715 	 -4.492324790076692 	 -21.23266107941605 
N 	 -58.85196830302136 	 -3.6824344268347673 	 -22.366323976190422 
C 	 -58.65627243864909 	 -4.58123209685306 	 -23.40282978383868 
C 	 -58.41898001800882 	 -4.321784162907169 	 -24.747796315143702 
N 	 -58.48846846692994 	 -5.772035987806011 	 -21.497693990528223 
H 	 -58.23773287434458 	 -5.672976016233638 	 -18.92323249457843 
C 	 -58.50610104233274 	 -5.801783377756148 	 -22.830283490506382 
H 	 -58.382650438538604 	 -3.289551242049376 	 -25.071612126398826 
N 	 -58.09998137247971 	 -3.439521905987698 	 -27.582381915920887 
C 	 -58.163598013907894 	 -5.440134054024972 	 -25.495540046927434 
C 	 -57.60210415926409 	 -4.522983387180539 	 -27.748320433052637 
C 	 -58.26797758603416 	 -6.923967706571819 	 -23.622203569623377 
C 	 -58.00153976823653 	 -6.708884735124071 	 -24.991028423734203 
N 	 -57.8056845124196 	 -5.541553444497517 	 -26.844497971082777 
C 	 -56.55260672746063 	 -4.098453106266647 	 -30.01918287429931 
C 	 -56.88221440402249 	 -4.944053281464687 	 -29.00235412739636 
H 	 -56.90475265899077 	 -3.091265544063447 	 -30.026513624144293 
C 	 -57.308354049714545 	 -6.817339846065344 	 -26.911759087739426 
C 	 -55.80314430623487 	 -4.431564305177857 	 -31.128594186581104 
N 	 -57.49463599938417 	 -7.610044331045942 	 -25.816148533360785 
C 	 -56.49588219388083 	 -6.287319082029274 	 -29.156226226744945 
H 	 -57.99497224509231 	 -7.884488425421432 	 -23.16374989405601 
C 	 -56.68814366315206 	 -7.20482824109797 	 -28.12544972938321 
C 	 -55.23821032936432 	 -5.662189723674438 	 -31.20669639952023 
H 	 -55.71153107374115 	 -3.7101825942678213 	 -31.97724155719652 
C 	 -55.60627173817539 	 -6.615317905431332 	 -30.211379294357393 
C 	 -56.21706344320194 	 -8.526196409248342 	 -28.276335661991126 
C 	 -54.40376436278819 	 -6.027448306433211 	 -32.355447722018134 
N 	 -54.05028734963293 	 -5.248850759391942 	 -33.25521947352684 
C 	 -55.040626611546465 	 -7.947002334482338 	 -30.242055684785946 
C 	 -55.42462081478655 	 -8.9237558555127 	 -29.34104383229063 
C 	 -54.11478669358713 	 -8.221085443460954 	 -31.289814354305022 
N 	 -53.999919079651775 	 -7.337107595187898 	 -32.37181174524546 
H 	 -56.42116284186354 	 -9.350458172686128 	 -27.636466569003115 
C 	 -52.93458589454886 	 -7.956394051522763 	 -33.14846897075282 
C 	 -52.178199525804466 	 -7.456800220027124 	 -34.20480468364773 
N 	 -53.181314181020284 	 -9.21403568252163 	 -31.230840447115256 
C 	 -52.51030954455433 	 -8.992213520871742 	 -32.319010664626425 
H 	 -55.07145874128257 	 -9.984215105502876 	 -29.42193899790408 
N 	 -50.49448605601293 	 -6.2967176638504325 	 -36.72694939559601 
H 	 -52.452952160816466 	 -6.5143446931922515 	 -34.76985336924594 
C 	 -50.94108679873556 	 -8.158242875121498 	 -34.363309443126134 
C 	 -49.604053091256645 	 -6.872975368161573 	 -36.145734536467685 
C 	 -51.345423145915774 	 -9.708746825272781 	 -32.537756267404106 
C 	 -50.562551617294105 	 -9.319293817603475 	 -33.612972689452455 
N 	 -49.79020546296769 	 -7.8086044585249565 	 -35.16763241653592 
C 	 -47.865045094692455 	 -5.548671073758211 	 -37.24565858962822 
C 	 -48.192585824379776 	 -6.71276956122981 	 -36.52083746172347 
C 	 -48.86592666488587 	 -8.739461357142172 	 -34.72664389748716 
H 	 -48.687829334433616 	 -4.854883919472449 	 -37.60912428855244 
N 	 -49.27875018004107 	 -9.687717506569072 	 -33.82064253438464 
C 	 -46.52628441438569 	 -5.367531043783463 	 -37.575675414803854 
C 	 -47.16275687816051 	 -7.5665113744390196 	 -36.034502802546555 
H 	 -50.938725915704055 	 -10.439962663453747 	 -31.897854472103116 
C 	 -47.49356951486475 	 -8.589407688728251 	 -35.15297629021411 
C 	 -45.551303232016004 	 -6.224847375019773 	 -37.15273586037059 
C 	 -45.85151659741988 	 -7.301552331635366 	 -36.31779671738741 
C 	 -46.45122257672314 	 -9.279122854498047 	 -34.60108298648759 
H 	 -46.30838311849318 	 -4.433308336277774 	 -38.155705112409144 
C 	 -44.09761227908081 	 -5.878083889939797 	 -37.536327938854356 
C 	 -44.754362539186296 	 -7.986826500659891 	 -35.74664451055756 
N 	 -43.75445635216287 	 -4.887528829746211 	 -38.160590077468036 
C 	 -45.07504515741806 	 -8.958740192185948 	 -34.82374473068527 
H 	 -46.68143380296709 	 -9.981829510901889 	 -33.83636616616259 
C 	 -43.371593032681744 	 -7.599289842582696 	 -36.014779206495106 
N 	 -43.166346780132294 	 -6.650944556678524 	 -36.96169686310442 
C 	 -41.75068473334777 	 -6.502255219986479 	 -36.85081175484599 
N 	 -42.33821165278773 	 -7.931701668646959 	 -35.20058819072679 
C 	 -40.82797373278232 	 -5.692255265123623 	 -37.48909555318488 
H 	 -44.26920259427338 	 -9.469353837775676 	 -34.390374650075785 
C 	 -41.33717878448942 	 -7.329341371911874 	 -35.79051716640218 
H 	 -41.16468598441987 	 -5.036772133209164 	 -38.40059885712491 
C 	 -39.53076312576005 	 -5.759553675183872 	 -37.00066430132059 
C 	 -40.029133318809514 	 -7.34972804269821 	 -35.35701152008252 
C 	 -39.122753488663136 	 -6.626997268639766 	 -36.07604677558106 
H 	 -39.803366626564205 	 -7.985286639196472 	 -34.573011188031856 
N 	 -38.91697529508629 	 -3.8278837495193465 	 -39.13702319412015 
C 	 -38.01423141352929 	 -4.387077343277336 	 -38.58290367485669 
N 	 -38.315633282152916 	 -5.204402273804062 	 -37.56229263829914 
C 	 -37.383748054051594 	 -5.718652577601183 	 -36.663529380693966 
N 	 -37.85481745959372 	 -6.553028816700729 	 -35.6774763401948 
C 	 -36.573214540263855 	 -4.071783205376335 	 -38.7694759585075 
C 	 -36.06089406764451 	 -3.3480638309321225 	 -39.89435953198905 
C 	 -36.0279538447461 	 -5.238687548763046 	 -36.66656842036763 
C 	 -35.65052837734775 	 -4.383604446436706 	 -37.715812322747354 
C 	 -34.749833127412884 	 -2.959537344888124 	 -39.96386396057163 
C 	 -35.09378578879556 	 -5.715455757625903 	 -35.764967320627726 
H 	 -36.76314993303414 	 -3.1380798440989435 	 -40.69651137883261 
C 	 -34.34341910257748 	 -3.992561671277739 	 -37.77926762294159 
C 	 -33.89339261409173 	 -3.212745464950818 	 -38.85667357852363 
C 	 -33.79025722871996 	 -5.175268136091201 	 -35.696357922739935 
C 	 -33.43002173131288 	 -4.363865145930884 	 -36.772652084908486 
C 	 -32.51985713386317 	 -2.697287201277182 	 -38.95286955133682 
H 	 -34.36871503281068 	 -2.3451534020562432 	 -40.788702423233566 
N 	 -32.19656484614738 	 -1.8685036975073033 	 -39.79300536937706 
H 	 -35.376183358515114 	 -6.467628134112653 	 -35.05402633843615 
C 	 -32.04233746970843 	 -4.021598274046935 	 -37.00306782454393 
N 	 -31.74568921106499 	 -3.1133190446704395 	 -38.0103727016343 
C 	 -30.37174226384065 	 -2.7962191593480448 	 -37.65486934113897 
N 	 -31.075415699799965 	 -4.298442572246744 	 -36.09962245434509 
C 	 -29.488371833400613 	 -1.960297303094464 	 -38.27184040137615 
C 	 -30.07713244742875 	 -3.5389494901278225 	 -36.58539329050926 
H 	 -33.186805149028 	 -5.362370977359894 	 -34.84293889206883 
C 	 -28.260122230260208 	 -1.8686583220462605 	 -37.6376302893272 
N 	 -27.57249463992874 	 0.04979810601554676 	 -39.772940523320585 
C 	 -28.863982631916606 	 -3.4477771635822663 	 -35.9617664814894 
C 	 -26.782350529876027 	 -0.1366939375632808 	 -38.88606233951174 
C 	 -27.93032738102419 	 -2.589874966694819 	 -36.52230541446423 
H 	 -29.839642170882605 	 -1.2730202695869322 	 -39.03843635904076 
N 	 -27.159135096981984 	 -1.0075996935560283 	 -37.86604874141057 
C 	 -25.214813109112313 	 1.6051297608158965 	 -39.532045719152165 
C 	 -25.539633781238937 	 0.5930802367734201 	 -38.68456921948762 
C 	 -26.288695376043805 	 -1.352208559725444 	 -36.82829186820868 
N 	 -26.734019364528727 	 -2.287972949298258 	 -35.96024213162208 
C 	 -24.00329219819334 	 2.2483245748589042 	 -39.463272999020816 
C 	 -24.60928025941924 	 0.29686885861270856 	 -37.626331619238336 
C 	 -24.984570602198907 	 -0.6924134970166805 	 -36.711871666729444 
H 	 -25.878369599363484 	 1.9574510152167415 	 -40.298291831073435 
H 	 -28.75428601466155 	 -4.024726615017383 	 -35.04710320982012 
C 	 -23.090045913816564 	 1.9602404085342373 	 -38.41440864047744 
C 	 -23.44194678740537 	 1.007831493308763 	 -37.46457836275519 
C 	 -24.153287381368582 	 -0.9371492945927756 	 -35.58171792317492 
C 	 -21.839750279509055 	 2.728522952366077 	 -38.20314728461029 
C 	 -22.59687002763065 	 0.6934508783994893 	 -36.34869358266745 
N 	 -21.39643918085509 	 3.4984493247406263 	 -39.058050457442114 
C 	 -22.939378013668517 	 -0.2672858166406632 	 -35.414753680525635 
H 	 -23.83257783801505 	 3.044364246035536 	 -40.09471490965183 
C 	 -21.406578402561493 	 1.4819702642040977 	 -36.12639186710768 
N 	 -21.137796555948245 	 2.4745361468254097 	 -37.01747458391184 
C 	 -19.91596009828165 	 3.024766168894634 	 -36.446513535293946 
C 	 -18.987137562611228 	 3.9136112645793775 	 -36.91315955519435 
H 	 -24.437317211967745 	 -1.6617810521499794 	 -34.8221966884391 
N 	 -20.587710215744604 	 1.3368360502083945 	 -35.03178667806573 
C 	 -19.68861699082889 	 2.3188792391233695 	 -35.24704266739401 
C 	 -17.9262591746529 	 4.229202274703064 	 -36.08158159998203 
N 	 -17.10120096618556 	 5.7906804399011556 	 -38.30367245109755 
C 	 -18.626987206722564 	 2.6421194173832183 	 -34.428026411506025 
C 	 -16.477054017838594 	 5.810513098536922 	 -37.25057452785874 
H 	 -22.371830662177516 	 -0.571856608824772 	 -34.54503388990931 
C 	 -17.770333291099952 	 3.6321843155311213 	 -34.85801792675559 
H 	 -18.98634314664611 	 4.265207139348913 	 -37.91845516714567 
N 	 -16.89980832737554 	 5.114813272312459 	 -36.18168345257137 
C 	 -14.604151434006425 	 7.2454881319621585 	 -38.17160734140557 
C 	 -15.155649128467154 	 6.5197314855044235 	 -37.13410888357404 
C 	 -16.21526504559127 	 4.873401135113301 	 -35.100074159121355 
N 	 -16.715578584089073 	 4.057806261836397 	 -34.1836683393619 
C 	 -13.44227237372734 	 7.915493701570669 	 -37.960007492103905 
C 	 -14.44315319341762 	 6.334146711304038 	 -35.94862694434176 
C 	 -14.943779493387506 	 5.474524809884162 	 -34.95633717479678 
H 	 -15.135487976545646 	 7.2297472144413275 	 -39.13892801433992 
C 	 -12.693088763624406 	 7.8247105827998436 	 -36.790224773060686 
H 	 -18.310434394579975 	 2.136662415838726 	 -33.536943598117865 
C 	 -13.236521475480975 	 7.039255553713505 	 -35.75276225934206 
C 	 -14.262351957752893 	 5.463385573647504 	 -33.75432194113567 
C 	 -11.398838419901113 	 8.51958173568473 	 -36.625208628132725 
C 	 -12.561649395306397 	 7.003195856957267 	 -34.51840681670349 
C 	 -13.0834234027167 	 6.103388609966637 	 -33.54213581079143 
H 	 -13.19076703803555 	 8.491082083904658 	 -38.835854323651354 
N 	 -10.924898701908276 	 9.325991488274402 	 -37.41822509586374 
C 	 -11.330564252566235 	 7.668884861457577 	 -34.34209592782131 
N 	 -10.732007691001323 	 8.262015071052394 	 -35.481634028605946 
H 	 -14.686846448587897 	 4.908802022070613 	 -32.85610741544232 
C 	 -9.55207599536321 	 8.889773530079085 	 -34.93225707758065 
N 	 -10.592825034137846 	 7.699106799528834 	 -33.22099698661583 
C 	 -8.554211837825818 	 9.705351812131143 	 -35.44431399571602 
C 	 -9.548479455139935 	 8.444855933476067 	 -33.64140291747384 
H 	 -12.562238175528028 	 5.909818536115873 	 -32.59248699156009 
C 	 -8.519390552999626 	 8.745394415532141 	 -32.76366842065762 
C 	 -7.51840628058466 	 10.003002442485037 	 -34.564404299316095 
N 	 -6.087434552031567 	 10.795427000010761 	 -37.035871639993715 
H 	 -8.466962492538972 	 10.086021698213408 	 -36.48081582206394 
C 	 -7.548759063946219 	 9.546033162903097 	 -33.21270287824082 
C 	 -5.633714899657249 	 11.024708709148612 	 -35.9056762170195 
N 	 -6.270029612704189 	 10.660413797842615 	 -34.79269854291545 
C 	 -5.859003763399812 	 10.756555779625431 	 -33.46778307000108 
N 	 -6.614074456876409 	 10.14709299305983 	 -32.52468300659036 
C 	 -4.357656034332259 	 11.727227862416505 	 -35.63947290271034 
H 	 -8.484613920497402 	 8.378847315119616 	 -31.814729428956525 
C 	 -3.6536770375718968 	 12.274802143149369 	 -36.680149469461725 
C 	 -4.597990427076033 	 11.442633464680746 	 -33.23350278434874 
C 	 -3.916950967485039 	 11.878711259480193 	 -34.33100443173943 
H 	 -4.054547223863106 	 12.064538376166283 	 -37.69153975065664 
C 	 -2.4662087675856257 	 12.971671107952055 	 -36.43931761430161 
C 	 -4.0761768681213475 	 11.559896238727456 	 -31.95810087261114 
C 	 -2.7346575199357943 	 12.633782509101033 	 -34.09581390240227 
C 	 -2.0084179686363677 	 13.157115997277284 	 -35.17183105880383 
C 	 -2.883859661411559 	 12.262237515326028 	 -31.791587358677532 
C 	 -2.1986162603538113 	 12.767087737771433 	 -32.85199025559171 
H 	 -4.56858088891004 	 11.186760694583754 	 -31.099275575858023 
H 	 -1.922508735417879 	 13.265751848843996 	 -37.33208517359065 
C 	 -0.560568463079455 	 13.63582610198005 	 -34.936727561955024 
N 	 0.22119494372471757 	 13.871304396158484 	 -35.85887954373833 
C 	 -0.9641769892066737 	 13.511872875909617 	 -32.64619220692074 
N 	 -0.20086935303421685 	 13.830233581175545 	 -33.674129399677646 
H 	 -2.479989640190598 	 12.260579578661691 	 -30.80201974039044 
N 	 -0.48410965263297273 	 13.807445998240846 	 -31.43444614670481 
C 	 0.906845006317258 	 14.552315466926265 	 -33.049140680154174 
C 	 0.6318955808025409 	 14.497165849600636 	 -31.71507562040211 
C 	 1.9772068243908858 	 15.293126246175218 	 -33.47479879581901 
C 	 1.4357563539200928 	 15.104841709598178 	 -30.770745348362727 
H 	 2.325807151485484 	 15.295925913083238 	 -34.49994183240137 
C 	 2.799267213657961 	 15.971174025497236 	 -32.55106916782324 
C 	 2.5334193584245064 	 15.899602367520648 	 -31.20626352292089 
H 	 1.3164381971741437 	 14.918556770500096 	 -29.711104937676602 
H 	 3.599388487403541 	 16.61333217657329 	 -32.88182888590011 
H 	 3.0545804376986294 	 16.547835243954236 	 -30.52191039955585 
