C 	 54.83112554057796 	 -21.490145348460256 	 -31.990719051274468 
C 	 54.32672532362224 	 -20.20383385923154 	 -32.087939705809504 
C 	 53.985950447223324 	 -22.537969661131278 	 -32.16714493271437 
C 	 52.71422437242212 	 -22.242483844454604 	 -32.58079378532643 
C 	 52.1493305740227 	 -20.986018434289203 	 -32.69748184187487 
C 	 52.99936064155775 	 -19.90459509035396 	 -32.432059320241684 
N 	 51.76900213336783 	 -23.140557238883677 	 -33.04080038112517 
N 	 50.841804593798216 	 -20.981777069377028 	 -33.0658791070524 
C 	 50.714615567318525 	 -22.31168976462837 	 -33.306260563620725 
C 	 49.56356828070539 	 -22.879370379647625 	 -33.92430016393373 
C 	 51.75425601641936 	 -24.52246226632265 	 -33.059709500366715 
N 	 52.69134288818661 	 -25.177538762786078 	 -32.70904754904379 
C 	 50.50392096496098 	 -25.13476145020631 	 -33.470566374673666 
C 	 49.43972958905659 	 -24.279978530128673 	 -33.94997744732304 
C 	 48.23153453188559 	 -24.89773919683304 	 -34.3327851348074 
C 	 50.33256496323651 	 -26.49680831784293 	 -33.4882648661099 
C 	 49.14630133675053 	 -27.072303913770845 	 -33.83515715254168 
C 	 48.108237192337285 	 -26.298315987034822 	 -34.386965956225445 
C 	 48.45789097664908 	 -22.08121453454017 	 -34.26794970581894 
C 	 47.25541635278264 	 -22.71069234476211 	 -34.63242487127137 
C 	 47.1379407774404 	 -24.116366739955872 	 -34.73181973341041 
C 	 46.87177141067499 	 -26.94938279939103 	 -34.81763358295609 
C 	 45.90646555043776 	 -24.72215706652921 	 -35.14442049979341 
N 	 45.9211350742114 	 -26.07925761935733 	 -35.29271900006218 
N 	 46.634657323614945 	 -28.118210626774655 	 -34.616053759210075 
N 	 44.94270720523231 	 -23.97264620901312 	 -35.770633153949355 
H 	 54.28762718378269 	 -23.51119095166944 	 -32.04033014134816 
H 	 52.68147131803065 	 -18.81721876442244 	 -32.49469079259684 
H 	 51.06129939048728 	 -27.115607350840413 	 -33.051917042275264 
H 	 49.042342161322466 	 -28.197758053048787 	 -33.79827437562762 
H 	 48.48072213008447 	 -20.99689162019935 	 -34.106960641490666 
H 	 46.48018294746826 	 -21.977447691437067 	 -34.83537891029109 
C 	 44.778349405668756 	 -26.240405076927836 	 -36.0773092603271 
C 	 44.269342529230094 	 -25.019189078835318 	 -36.3234160238374 
C 	 44.087836778883215 	 -27.385307460547597 	 -36.40454562108373 
C 	 42.879646272539226 	 -27.199309346749267 	 -37.14393664552849 
C 	 42.34750334154481 	 -25.982095995113752 	 -37.39886114954572 
C 	 43.058199398791345 	 -24.863339825859754 	 -36.984402941661244 
N 	 41.91670639574687 	 -28.19871651664223 	 -37.498651553663834 
N 	 41.21532316077233 	 -26.025025046135003 	 -38.13115174350204 
C 	 40.98799639986869 	 -27.404392206516466 	 -38.12623289236176 
C 	 39.77012716929993 	 -28.06372048412134 	 -38.775438524554815 
C 	 41.86058109116129 	 -29.54224315392709 	 -37.41742450318747 
N 	 42.706069042621216 	 -30.197846430241853 	 -36.86223185872082 
C 	 40.618825220738835 	 -30.183671010415217 	 -38.01805278350811 
C 	 39.599365388441974 	 -29.434542717652334 	 -38.594890597844305 
C 	 38.44446393905561 	 -30.0340864797841 	 -39.159397201781275 
C 	 40.322844116984044 	 -31.52148071988142 	 -37.80310529468354 
C 	 39.12008270077327 	 -32.077584991124404 	 -38.285800824480695 
C 	 38.19568910149403 	 -31.372756326345982 	 -38.94222061968534 
C 	 38.88390182121028 	 -27.263516790490442 	 -39.40584613441905 
C 	 37.7476891783422 	 -27.85255433573244 	 -39.96492889194409 
C 	 37.52471384223095 	 -29.260204663404956 	 -39.88633962434785 
C 	 36.944285768383104 	 -31.960995563409163 	 -39.566347888173055 
C 	 36.280407890358205 	 -29.81188597233959 	 -40.4318660415813 
N 	 36.03232637727273 	 -31.129819169757795 	 -40.077638624301024 
N 	 36.860565179918176 	 -33.12772896746853 	 -39.69220475474755 
N 	 35.24456849489114 	 -29.39849195713355 	 -41.07617729249778 
H 	 44.47124678868697 	 -28.43061153738617 	 -36.188100846754125 
H 	 42.74780267575504 	 -23.870093462742854 	 -37.16794978700457 
H 	 41.09028258045062 	 -32.065613000699194 	 -37.24989331605842 
H 	 39.07074112475455 	 -33.17461970005557 	 -38.17456405948177 
H 	 39.07055976279204 	 -26.16777937296818 	 -39.5420327404574 
H 	 37.10050478491664 	 -27.22992458163163 	 -40.63852487078079 
C 	 -58.594762474714315 	 -17.57915295085316 	 -25.9205327772509 
C 	 -59.272241859719784 	 -18.636992945039058 	 -26.49048888709277 
C 	 -58.847167794844154 	 -16.244703753178143 	 -26.308923668346075 
C 	 -60.149576352963294 	 -18.263806918970406 	 -27.51348094157315 
C 	 -59.78833171252479 	 -15.936030497191794 	 -27.230377221237422 
C 	 -60.55064369726023 	 -16.977646523025946 	 -27.768782407149192 
C 	 -61.357005684169714 	 -20.386193607405286 	 -28.12949823618528 
N 	 -60.67383924371413 	 -21.048485836554722 	 -27.406984222407594 
C 	 60.15447115746268 	 -22.276822122033273 	 -28.836850408217966 
C 	 60.37425659300909 	 -20.929351938912216 	 -28.84715886046943 
C 	 61.10241536036661 	 -18.185171878214227 	 -28.894723741972093 
N 	 -61.052489904624544 	 -19.07188924019903 	 -28.226080327723064 
C 	 59.0791768422356 	 -22.7734213855734 	 -29.61284466894157 
C 	 59.56500790326391 	 -20.048160392488345 	 -29.565520935848543 
C 	 59.889794720123646 	 -18.67582873996303 	 -29.58786198749515 
N 	 61.34830561727358 	 -16.89137764667561 	 -28.623199199799625 
C 	 58.18346829210778 	 -21.90595750736579 	 -30.254805512605515 
C 	 58.452260220004725 	 -20.53177061377015 	 -30.23921505033564 
C 	 58.984829202497814 	 -17.77291201183471 	 -30.091605998700658 
C 	 56.85902158268365 	 -22.381749700752735 	 -30.827884224421034 
C 	 57.51863246744017 	 -19.625374642550106 	 -30.8051263803161 
H 	 -59.20768134463939 	 -19.68427804052643 	 -26.073071953231075 
C 	 57.804308380353795 	 -18.2494379854517 	 -30.73364147688099 
C 	 56.330100021699295 	 -20.090509174779058 	 -31.482146425267434 
N 	 56.531465059957625 	 -23.612735994665254 	 -30.828560373742395 
N 	 56.145794865679754 	 -21.468860824363233 	 -31.498642709786072 
H 	 -60.0292738758027 	 -14.90870411012024 	 -27.55021755468268 
H 	 60.81149719704946 	 -23.10211845569074 	 -28.393202269355303 
N 	 55.22796750571614 	 -19.31030477988441 	 -31.694257549195125 
H 	 58.9447635866169 	 -23.88196751735958 	 -29.707662603800912 
H 	 59.19669513382779 	 -16.709187740204086 	 -30.05814250988054 
H 	 57.20062242145203 	 -17.512597683075153 	 -31.17744064226468 
H 	 35.22519671391513 	 -31.60422843680601 	 -40.43500790757625 
H 	 35.04485189960415 	 -28.405609900455445 	 -40.84293486182742 
N 	 -57.62431277323002 	 -19.609730114515216 	 -24.06503957160363 
C 	 -57.41581332261768 	 -18.400009036263288 	 -23.941386334283095 
N 	 -57.708425302407115 	 -17.513616807699712 	 -24.84942750963057 
C 	 -56.21829889900447 	 -18.568539357309625 	 -21.658138228485797 
C 	 -56.66207394376281 	 -17.771724025732635 	 -22.687380272910907 
H 	 -56.40479276191135 	 -19.688366108373277 	 -21.585789169926443 
C 	 -57.584253293385444 	 -16.130550158412362 	 -24.7058715595499 
N 	 -58.24048981771339 	 -15.342590177704258 	 -25.609579875207285 
C 	 -55.637932078926085 	 -17.958305185489067 	 -20.50652333057654 
C 	 -56.361257295890766 	 -16.419715113057066 	 -22.62984416297539 
C 	 -56.75770854541199 	 -15.627659101837335 	 -23.6476824251858 
H 	 -55.27186028179552 	 -18.647535509969114 	 -19.69776503594417 
C 	 -55.25051953485365 	 -16.60022169015922 	 -20.471409040866348 
C 	 -55.709495101920915 	 -15.796812787846374 	 -21.526727070109555 
C 	 -56.280572370615076 	 -14.332257226323655 	 -23.73497082579618 
C 	 -54.45788589033282 	 -15.983834566518212 	 -19.330640822023337 
N 	 -54.161829025265035 	 -16.54719382177787 	 -18.336213992176944 
C 	 -55.33707061130271 	 -14.489660579600073 	 -21.569478754802336 
C 	 -55.58127771969828 	 -13.729540519362553 	 -22.723346200211804 
H 	 -56.38740445192215 	 -13.826296189995197 	 -24.698783322827598 
C 	 -54.50391207701854 	 -13.88536113212378 	 -20.575717823099197 
N 	 -54.23436903874884 	 -14.652266692047343 	 -19.4789339473087 
C 	 -53.46413620780525 	 -13.714401055307327 	 -18.721033751632174 
C 	 -52.92762625529779 	 -13.881674344571774 	 -17.376201370920203 
N 	 -53.82881250422053 	 -12.672723127928663 	 -20.63922703868697 
H 	 -55.215057589427346 	 -12.74462517912954 	 -22.82957116815928 
C 	 -53.2523118481061 	 -12.587177358550626 	 -19.468138918449508 
H 	 -53.03035981694171 	 -14.839218365398821 	 -16.80182105028784 
N 	 -51.934978617277686 	 -14.225524432615833 	 -14.399090392426634 
C 	 -52.13944691937936 	 -12.817114158115608 	 -16.96992226310859 
C 	 -51.25823302552699 	 -13.225671913605703 	 -14.605210588075161 
C 	 -52.423309326902555 	 -11.540620015130271 	 -19.05474572662715 
C 	 -51.86745167654145 	 -11.69819723192537 	 -17.79028957580357 
N 	 -51.37525752866281 	 -12.597219150113402 	 -15.809635948017508 
C 	 -50.320427281923386 	 -13.057823990685124 	 -12.258750101428678 
C 	 -50.38646576460657 	 -12.551891284829447 	 -13.557651029314465 
H 	 -50.9539356962405 	 -13.862243887172188 	 -11.943428428873196 
C 	 -50.77652819660918 	 -11.38861450106667 	 -16.062324649596686 
C 	 -49.3764605778512 	 -12.454326032283785 	 -11.347781040115832 
N 	 -51.04466966411942 	 -10.803265196522982 	 -17.26212385528181 
C 	 -49.69885992260864 	 -11.361507248343772 	 -13.878028886313626 
H 	 -52.37952999256222 	 -10.607074037718139 	 -19.663036169055264 
C 	 -49.83074827269839 	 -10.865658938058948 	 -15.18967947639501 
C 	 -48.59435102994859 	 -11.376660418370347 	 -11.656861394382087 
H 	 -49.352657511094584 	 -12.894290722198596 	 -10.371398270634044 
C 	 -48.70299482044094 	 -10.911737321243102 	 -12.986528986467027 
C 	 -48.9267263774324 	 -9.903438144742973 	 -15.583641364572241 
C 	 -47.55448135454672 	 -10.871952644870712 	 -10.735881634788928 
N 	 -47.46875093810039 	 -11.150741043001213 	 -9.542736815298507 
C 	 -47.86616402619336 	 -9.94045652695711 	 -13.4469729096373 
C 	 -47.90302212113561 	 -9.484619740605384 	 -14.743550497326604 
C 	 -46.73613868486894 	 -9.610759181789211 	 -12.63904407159427 
N 	 -46.76111815342522 	 -9.969871606352754 	 -11.323039434764064 
H 	 -48.91054537771558 	 -9.461215272530659 	 -16.59992989809348 
C 	 -45.52474963847254 	 -9.434275700805928 	 -10.871963294986461 
C 	 -44.83024069693066 	 -9.487667343928809 	 -9.67772204006065 
N 	 -45.70363962175984 	 -8.914707793600433 	 -13.068653306713715 
C 	 -44.95036636884067 	 -8.84531407094063 	 -11.971737997397693 
H 	 -47.193755862940385 	 -8.774085854319733 	 -15.156231546141113 
N 	 -43.596281871356396 	 -9.648944069350238 	 -6.804427050155961 
H 	 -45.366774839639945 	 -10.001588177422242 	 -8.81758775468077 
C 	 -43.505354106291676 	 -8.963719574628985 	 -9.644350010680476 
C 	 -42.62397132418757 	 -9.050513451845775 	 -7.2637593056700505 
C 	 -43.74230301486976 	 -8.168065448179181 	 -11.847202772420873 
C 	 -42.9987680390008 	 -8.299118296515338 	 -10.701930765182533 
N 	 -42.603448070782406 	 -8.744962586641075 	 -8.57847156597595 
C 	 -41.21740549410015 	 -9.092229295194661 	 -5.070739655339966 
C 	 -41.29307429376809 	 -8.75301521042132 	 -6.482966440126807 
C 	 -41.574800404134706 	 -8.118731222432114 	 -9.233070601413825 
H 	 -42.06865377045151 	 -9.536505579539801 	 -4.548812535156158 
N 	 -41.80773887827104 	 -7.742390176700693 	 -10.509564505126342 
C 	 -40.0744669411556 	 -8.738298400567144 	 -4.366486672016101 
C 	 -40.23605805340017 	 -8.133050118449923 	 -7.152263328667074 
H 	 -43.29870807357903 	 -7.803519150983209 	 -12.748406831719539 
C 	 -40.33188246988465 	 -7.829202966356804 	 -8.519318727864828 
C 	 -39.013435050777026 	 -8.132293370674704 	 -5.047616819871848 
C 	 -39.160781287634265 	 -7.8398092443374825 	 -6.428612912426549 
C 	 -39.19336961044298 	 -7.395192262576248 	 -9.213717443858194 
H 	 -40.05594775341396 	 -8.780324918725915 	 -3.261833555661087 
C 	 -37.84572980757614 	 -7.58061629651406 	 -4.3026447240257895 
C 	 -38.028397911078535 	 -7.395947718933606 	 -7.136778785675745 
N 	 -37.81419970952194 	 -7.607697610495632 	 -3.1129201239695887 
C 	 -38.02607279704612 	 -7.166436919170449 	 -8.519508896456264 
H 	 -39.29961199125248 	 -7.227334648254814 	 -10.318548685873361 
C 	 -36.82797520299158 	 -6.997769664166651 	 -6.409022417458041 
N 	 -36.858250799027175 	 -7.0153655957427885 	 -5.046627798755924 
C 	 -35.46244480258841 	 -6.8622823099171635 	 -4.743205025222688 
N 	 -35.63785704530372 	 -6.851897904638585 	 -7.009777459078952 
C 	 -34.81123328953145 	 -6.42898692049378 	 -3.5542226130498906 
H 	 -37.23968616593828 	 -6.5734190449221215 	 -8.98233992984217 
C 	 -34.85789442072636 	 -6.689926150340311 	 -5.921654640079047 
H 	 -35.2979215423177 	 -6.514284964327579 	 -2.5766102127926778 
C 	 -33.4778741085773 	 -6.052062731462332 	 -3.655488801708384 
C 	 -33.589630059676466 	 -6.299098804329394 	 -6.107633809404768 
C 	 -32.83660795658581 	 -6.061105799672718 	 -4.908234251023261 
H 	 -33.19446384443117 	 -6.143765193447072 	 -7.0767882783615175 
N 	 -33.45181342446811 	 -5.343143244441856 	 -0.6759958785641561 
C 	 -32.508573078988505 	 -5.363278026166682 	 -1.3829524386450232 
N 	 -32.491068482392905 	 -5.699597038034528 	 -2.715751723016754 
C 	 -31.417591043163853 	 -5.576250793905521 	 -3.5708696087584815 
N 	 -31.545662635854022 	 -5.900960392679391 	 -4.8429042608149535 
C 	 -31.15944077539581 	 -4.88351626399163 	 -0.8273548932485032 
C 	 -31.100147619584916 	 -4.454614362549914 	 0.5452137844415014 
C 	 -30.09982006837151 	 -5.283730603551901 	 -2.9700718653929887 
C 	 -30.035744949624934 	 -4.862138234816337 	 -1.5983183676175836 
C 	 -29.871290683134735 	 -3.9632425421616615 	 1.0654839172724135 
C 	 -28.94063231679217 	 -5.368395887303888 	 -3.7135938262500328 
H 	 -32.0103849318949 	 -4.569187854108651 	 1.1617071983228404 
C 	 -28.791881166145554 	 -4.322012509632927 	 -1.1066921980118074 
C 	 -28.746053346271044 	 -3.841508954142593 	 0.18774553233516156 
C 	 -27.684479702232288 	 -5.037595431778944 	 -3.1247942140274416 
C 	 -27.60354488635167 	 -4.519616606749367 	 -1.8334513562208707 
C 	 -27.448688266408137 	 -3.2596486839084897 	 0.7445014974612928 
H 	 -29.87328141518152 	 -3.8212559522047322 	 2.126056189298526 
N 	 -27.55705654154934 	 -2.509634611040167 	 1.7024441158105645 
H 	 -28.905363148240756 	 -5.687843745769271 	 -4.727884513870889 
C 	 -26.340201831659435 	 -4.301709889231681 	 -1.1648427027634145 
N 	 -26.30506003267219 	 -3.661506102473317 	 0.11288631122825335 
C 	 -24.930797278739874 	 -3.613592994479415 	 0.39043990421182934 
N 	 -25.228557259444074 	 -4.8530928674673275 	 -1.5685355977871307 
C 	 -24.176843863935837 	 -2.981500223484595 	 1.3616608288868688 
C 	 -24.370913889042782 	 -4.338278061344541 	 -0.6492142921313652 
H 	 -26.701952592268213 	 -5.209892705166296 	 -3.543798494139158 
C 	 -22.764570095522323 	 -3.2476736477545693 	 1.3351400203134827 
N 	 -22.47288958533048 	 -0.9976379194264781 	 3.1085084453352394 
C 	 -22.971846666955436 	 -4.622673238002674 	 -0.6373711375743674 
C 	 -21.568000184953686 	 -1.7604731589731402 	 2.8499240375593176 
C 	 -22.239519186562227 	 -4.111039291296397 	 0.40950329776722333 
H 	 -24.52485726863483 	 -2.3022409323372144 	 2.177360552383527 
N 	 -21.748449782672544 	 -2.9087904241659546 	 2.2248997772916765 
C 	 -19.765387108743443 	 -0.15468709337423547 	 3.8218891806639466 
C 	 -20.122255590348747 	 -1.3836211462649508 	 3.215066545985794 
C 	 -20.722823154522374 	 -3.6325095392075046 	 1.6350914636233025 
N 	 -20.9337092100319 	 -4.340188379426308 	 0.5564446069878889 
C 	 -18.43801242188752 	 0.05836844767279312 	 4.158755192509587 
C 	 -19.126038655575012 	 -2.326841915045182 	 2.9548282360169575 
C 	 -19.4366931101442 	 -3.4842106307751193 	 2.2402393864316363 
H 	 -20.532412670608366 	 0.5185213268656693 	 4.094406175168746 
H 	 -22.48282353692176 	 -5.263516473677636 	 -1.404903532497952 
C 	 -17.42864883684784 	 -0.8734494754476686 	 3.9801685989536817 
C 	 -17.793594382843814 	 -2.1338050928337458 	 3.4161483979917335 
C 	 -18.434331255943015 	 -4.440787980763946 	 2.114383256806992 
C 	 -16.005222259554394 	 -0.6364419090640488 	 4.475751217507674 
C 	 -16.841378366570932 	 -3.1195033432009307 	 3.3406240454937794 
N 	 -15.701911062358027 	 0.46349606455224346 	 4.882253882430235 
C 	 -17.161777859795897 	 -4.309725187969742 	 2.6168969170166485 
H 	 -18.30273697402358 	 1.0110514229962932 	 4.697436652274651 
C 	 -15.499729106044677 	 -2.959627482766215 	 3.930112430923909 
N 	 -15.187143596974634 	 -1.6966317449491986 	 4.454911225545389 
C 	 -13.89128995363145 	 -1.9231340234572538 	 4.812244702160044 
C 	 -12.933126318143014 	 -1.1326763985157915 	 5.4105603161084055 
H 	 -18.623554923712025 	 -5.3211734369279835 	 1.4913575983371263 
N 	 -14.524312948018443 	 -3.868462908896221 	 3.8291502769103047 
C 	 -13.475957881198788 	 -3.1710183796100226 	 4.33016302500337 
C 	 -11.66816699771377 	 -1.6964527249706436 	 5.648528920065213 
N 	 -10.955769225968394 	 0.8313765155892285 	 7.071228687142058 
C 	 -12.281515976241634 	 -3.731706530473186 	 4.552116256374123 
C 	 -10.090672406761545 	 -0.06259455619970786 	 6.796045575370117 
H 	 -16.41306905899438 	 -5.105698531916478 	 2.5432651736096092 
C 	 -11.347640928938148 	 -2.926632652136389 	 5.080981858553151 
H 	 -13.268474382630226 	 -0.15328991861454275 	 5.735453114437186 
N 	 -10.432273019911356 	 -1.199895992106452 	 6.230761259781614 
C 	 -8.154395238670338 	 1.1838834235581859 	 7.922767912666005 
C 	 -8.622560765506195 	 0.04963248830506456 	 7.243453186099456 
C 	 -9.545282190318215 	 -2.217018883126277 	 5.812629450435177 
N 	 -10.04967752947318 	 -3.3008133191374576 	 5.206811232940808 
C 	 -6.78886288663383 	 1.3145159125154906 	 8.259285428183425 
C 	 -7.734579435250512 	 -0.9684924535422872 	 6.978607226322783 
C 	 -8.17429169246487 	 -2.094066239099032 	 6.240433513851405 
H 	 -8.87871765472526 	 1.9549745283035198 	 8.241976862203211 
C 	 -5.913154681230244 	 0.2869585421278679 	 7.946828298020654 
H 	 -12.066825504594362 	 -4.719220038662792 	 4.180326203244045 
C 	 -6.390556646690707 	 -0.8463827275794094 	 7.240180212090746 
C 	 -7.270539492567415 	 -3.087430509474512 	 5.92316699249617 
C 	 -4.489183691032974 	 0.39647080018060826 	 8.475082382659243 
C 	 -5.454108222823716 	 -1.837528386215977 	 6.931449474591522 
C 	 -5.902251669137897 	 -2.9949303747758362 	 6.280197356532624 
H 	 -6.4285029356408305 	 2.0892139807432417 	 8.859119324295342 
N 	 -4.028373953460288 	 1.3223678046371279 	 9.117425147186072 
C 	 -4.094693324911175 	 -1.586444178230141 	 7.205290480001809 
N 	 -3.7157788865264565 	 -0.719861070100642 	 8.226684943961606 
H 	 -7.669407314557878 	 -3.949204277648235 	 5.387353817843443 
C 	 -2.302488007490914 	 -0.8104741277671124 	 8.15222509825043 
N 	 -3.1138839706027395 	 -2.1712236891710885 	 6.445185880630536 
C 	 -1.2434022153462763 	 -0.2635628169193621 	 8.870679891462819 
C 	 -2.0302400561306087 	 -1.5817964845328591 	 7.018979523339855 
H 	 -5.181295618281959 	 -3.84058359920441 	 6.027430227663076 
C 	 -0.7547938613637921 	 -1.7842758574970277 	 6.609064877424512 
C 	 0.029420969377008624 	 -0.5676342990209524 	 8.426826492652744 
N 	 0.8891910174687894 	 0.7717085604766039 	 11.00617232028359 
H 	 -1.4208314008158602 	 0.24151072783935146 	 9.796325503097794 
C 	 0.27333408486668137 	 -1.2936531133537894 	 7.285554454649728 
C 	 1.5922099963017835 	 0.05345230317965021 	 10.294689888767433 
N 	 1.2468333690587003 	 -0.49524636788709864 	 9.113221063871528 
C 	 2.083790037238581 	 -1.1396969452721781 	 8.181261316878881 
N 	 1.5592318137869072 	 -1.5414564728027889 	 7.021886293534368 
C 	 3.048862391482346 	 -0.21966632534079275 	 10.639088677109747 
H 	 -0.5584317571210146 	 -2.4374071037349814 	 5.796943215642782 
C 	 3.4731071253779784 	 0.06362248309491417 	 11.938844019015804 
C 	 3.4515918237447334 	 -1.3761439841375211 	 8.601913466780458 
C 	 3.9338434010658805 	 -0.8552776870439419 	 9.794738544557902 
H 	 2.817491058272233 	 0.5481454748394302 	 12.660828878243809 
C 	 4.784083282523281 	 -0.13858764760272052 	 12.29727876479383 
C 	 4.329123895315669 	 -1.9481019326501363 	 7.668736519389019 
C 	 5.22029007153526 	 -1.1415753112859042 	 10.187999431519208 
C 	 5.67520662979871 	 -0.7021074267443016 	 11.372801715259868 
C 	 5.721326630681774 	 -2.145341202946161 	 8.0285294785181 
C 	 6.128379154974401 	 -1.7429486137550672 	 9.27980281098701 
H 	 4.102381997588273 	 -2.3465518438479616 	 6.671622670448615 
H 	 5.104335766715707 	 0.2463760889549782 	 13.269395533085323 
C 	 7.082810670669813 	 -0.9226159737218134 	 11.826855295555097 
N 	 7.519585225926242 	 -0.6005000950136078 	 12.896915144447032 
C 	 7.486783466602092 	 -2.026915525086172 	 9.722134108420375 
N 	 7.812052398741058 	 -1.7271518844661737 	 11.015411126855321 
H 	 6.4266082014189925 	 -2.4159633057838312 	 7.303576818711744 
N 	 8.426911542601545 	 -2.6724245074215163 	 8.968803583196882 
C 	 9.11534316011261 	 -2.2372676831456757 	 11.128974098921786 
C 	 9.443828541242134 	 -2.7131454973536524 	 9.891430389774452 
C 	 9.968045811916106 	 -2.35337440969595 	 12.180074101881088 
C 	 10.659293927322517 	 -3.390140075746675 	 9.608087296226604 
H 	 9.583321660623639 	 -2.126280031147262 	 13.138320743349752 
C 	 11.14240439214079 	 -3.083217031169232 	 11.972844403728676 
C 	 11.450416129398908 	 -3.601278252799739 	 10.718601368037978 
H 	 10.921098743088962 	 -3.6891413270874027 	 8.616675491181407 
H 	 11.803107380024578 	 -3.2431957295288742 	 12.765802192557786 
H 	 12.442766810126182 	 -4.123757063274142 	 10.629130935227929 
C 	 6.752766080608341 	 50.73239622974939 	 -12.745927700199468 
C 	 5.979774786093915 	 49.78643612148181 	 -13.409123565307263 
C 	 8.062824815876196 	 51.032904536112454 	 -13.142196723921423 
C 	 8.57404592831626 	 50.19422034009569 	 -14.148085808766057 
C 	 7.738542242709598 	 49.23303406345301 	 -14.76013227192357 
C 	 6.4586487871839156 	 49.046802529296706 	 -14.490584040084261 
N 	 9.884898789644264 	 49.99445639552611 	 -14.618137934763524 
N 	 8.446501272641763 	 48.513888488128394 	 -15.692218439744074 
C 	 9.67154814101977 	 49.02133364037156 	 -15.541591539343564 
C 	 10.764861971220217 	 48.56316819352484 	 -16.268563145079806 
C 	 11.099299482094995 	 50.42190157641897 	 -14.181395528683167 
N 	 11.288279601406725 	 51.42361713565101 	 -13.544945558386347 
C 	 12.171178314037764 	 49.52728272962871 	 -14.609399461827076 
C 	 12.006563146184845 	 48.6249379586242 	 -15.669772146488665 
C 	 13.093918339975659 	 47.8583519473546 	 -16.14043875663671 
C 	 13.455539432884796 	 49.566175238581145 	 -14.008032964063174 
C 	 14.463792994938643 	 48.728079049148135 	 -14.401284034894667 
C 	 14.275482618375234 	 47.88225824860906 	 -15.4991727897685 
C 	 10.544550474165126 	 47.65204518880517 	 -17.29183833824028 
C 	 11.619020294309532 	 46.905714000142005 	 -17.763333712200822 
C 	 12.882312259521434 	 47.04265436540184 	 -17.2354955973205 
C 	 15.40588349538847 	 47.063248953885484 	 -16.04123780833627 
C 	 13.927609041812667 	 46.29793891095515 	 -17.821702283769216 
N 	 15.07214474361691 	 46.21165541494839 	 -17.074859610310178 
N 	 16.4505520184183 	 47.07904916011486 	 -15.441087383845833 
N 	 13.854169858511353 	 45.58024357424846 	 -18.985440447882016 
H 	 8.673135586370597 	 51.7368901365527 	 -12.62693980121431 
H 	 5.818055555829434 	 48.264634880639534 	 -14.935915988441716 
H 	 13.705821278003276 	 50.29414453472293 	 -13.228201480076606 
H 	 15.413397222913398 	 48.74545736819832 	 -13.880634287133468 
H 	 9.533152079883324 	 47.49788436184378 	 -17.65142456240642 
H 	 11.42474674649321 	 46.22516766632633 	 -18.63998691173486 
C 	 15.812027031374823 	 45.23045058102882 	 -17.78409357609357 
C 	 15.0061160064529 	 44.88456668876081 	 -18.87946846250864 
C 	 16.94576735281047 	 44.49259091805194 	 -17.474438215346023 
C 	 17.24958340703307 	 43.39507101625691 	 -18.379248317327257 
C 	 16.4547860642544 	 43.16184854208312 	 -19.508260789917863 
C 	 15.377377653912324 	 43.87634867889665 	 -19.775683048407217 
N 	 17.99708786723356 	 42.235429453365605 	 -18.11619337250772 
N 	 16.637834600064256 	 41.941099179162734 	 -20.007030812153616 
C 	 17.59668501687787 	 41.42061620359032 	 -19.15768404521695 
C 	 17.813791036153585 	 40.00622174997168 	 -19.070323501387033 
C 	 18.637822553932136 	 41.823462868015895 	 -16.999658417086188 
N 	 18.801317207662095 	 42.48440005021356 	 -16.030999866818593 
C 	 18.988820391826707 	 40.37162803267596 	 -16.973462355392783 
C 	 18.525259846161692 	 39.51398273320877 	 -17.961629354354262 
C 	 18.767428461480186 	 38.124626549665656 	 -17.896962825944584 
C 	 19.61969662313097 	 39.86940341363835 	 -15.815604277495071 
C 	 19.816571415482187 	 38.49569871524457 	 -15.765228229563718 
C 	 19.441364505986012 	 37.611766330729914 	 -16.818298918490378 
C 	 17.340312167621626 	 39.11573115783297 	 -20.11325176946954 
C 	 17.699498635226007 	 37.767842488497436 	 -20.01377155323746 
C 	 18.383662640582084 	 37.264133082493494 	 -18.909798409956775 
C 	 19.637593548369274 	 36.08548862101916 	 -16.720181312531142 
C 	 18.633353390707445 	 35.82814253468079 	 -18.85012762243703 
N 	 19.190929058497503 	 35.325350524947936 	 -17.70968167749887 
N 	 20.425627085893037 	 35.625033253894905 	 -15.920087329522335 
N 	 18.286817621930936 	 34.83431111110896 	 -19.617819405966742 
H 	 17.538481385068806 	 44.606761156624614 	 -16.511098690442648 
H 	 14.627512746186008 	 43.53801443253901 	 -20.51012386969776 
H 	 19.753154501161486 	 40.452873602665676 	 -15.001421933353049 
H 	 20.237726530530445 	 37.98096036790244 	 -14.894919685512583 
H 	 16.731965620914053 	 39.530072898159155 	 -20.919065681223785 
H 	 17.36155920748812 	 37.101843018723166 	 -20.784635157292588 
C 	 -3.0885543535159816 	 53.582942703119805 	 -6.399688156534202 
C 	 -1.7918912850520696 	 53.991144260666694 	 -6.724990684652613 
C 	 -3.6563037808489085 	 52.52581523784043 	 -7.089478034424365 
C 	 -1.2292891181661472 	 53.34861706904138 	 -7.8159480645210815 
C 	 -3.092959231871055 	 51.89490416425755 	 -8.145608928767789 
C 	 -1.8568305680765607 	 52.34847821823213 	 -8.505977731905292 
C 	 1.3272081227809827 	 54.04858044943264 	 -8.032832762111791 
N 	 1.2466189991159402 	 55.09164193165393 	 -7.504729672514091 
C 	 3.8373141575925516 	 54.18539467557181 	 -8.472326511011607 
C 	 2.5973615304324356 	 53.56596271826021 	 -8.684872333719845 
C 	 0.09050918702135875 	 52.27980865009567 	 -9.138236663680859 
N 	 0.17222541968740637 	 53.3108490661543 	 -8.217657201521071 
C 	 4.962550529308152 	 53.8097523722485 	 -9.18679902928361 
C 	 2.4662689517199543 	 52.535677423908695 	 -9.650046569250973 
C 	 1.2461464535796998 	 51.894953138297744 	 -9.932018084654365 
N 	 -1.0319379526946215 	 51.550843541983134 	 -9.239172703653619 
C 	 4.834030913426566 	 52.776671306641695 	 -10.137352096860099 
C 	 3.5472559091161933 	 52.17288372346383 	 -10.403282742908395 
C 	 1.2055138506319614 	 50.835197700420025 	 -10.87008954410128 
C 	 6.050385648919245 	 52.28348731448529 	 -10.871117691016583 
C 	 3.5038454610885896 	 51.15098023707201 	 -11.353333649956127 
H 	 -1.2517854619438515 	 54.7754324101665 	 -6.164244303755251 
C 	 2.346475323142515 	 50.43913071400773 	 -11.589941499989346 
C 	 4.681294812353226 	 50.75316242792109 	 -12.094612152043482 
N 	 7.146174064329341 	 52.75388117166745 	 -10.574913035105101 
N 	 5.872289025709304 	 51.31705505078645 	 -11.776215335290178 
H 	 -3.475266738741181 	 50.98404629651661 	 -8.65572812604077 
H 	 3.8371218449396247 	 55.06165177099327 	 -7.801365449111147 
N 	 4.706336072150808 	 49.718518724861944 	 -13.00727276913779 
H 	 5.980037899671475 	 54.28649375197612 	 -9.063756801663244 
H 	 0.28326071345883125 	 50.18657980198066 	 -11.05011762759688 
H 	 2.2447014734682287 	 49.5848570875133 	 -12.244950105813992 
H 	 19.375175095943536 	 34.3266500322762 	 -17.664328516752235 
H 	 17.28852692173961 	 34.94202514959917 	 -19.986183250783544 
N 	 -3.312931398114045 	 56.06639813218101 	 -4.942090873320634 
C 	 -4.278479558439969 	 55.26327358075744 	 -4.901953950661732 
N 	 -4.08540572365059 	 54.07922208082748 	 -5.549491740732547 
C 	 -6.125571843951383 	 56.76585789360672 	 -3.9735350203009023 
C 	 -5.633207996817023 	 55.52507588436717 	 -4.326138619914135 
H 	 -5.5149038664116175 	 57.64540185664603 	 -4.097301141669663 
C 	 -5.079359136586789 	 53.137052217761585 	 -5.6885007085075685 
N 	 -4.84264223068673 	 52.228653199548425 	 -6.646172977097028 
C 	 -7.446905326566662 	 56.93748406970831 	 -3.5428069303857086 
C 	 -6.563070995273131 	 54.432005122286114 	 -4.281448755350032 
C 	 -6.27891124421383 	 53.21986168494632 	 -4.882341993376177 
H 	 -7.8015375957787 	 57.944445230932054 	 -3.3259536910887904 
C 	 -8.338676293187973 	 55.892469830537564 	 -3.4233833338418678 
C 	 -7.877194924809364 	 54.624492960172184 	 -3.7328093229032486 
C 	 -7.175531605219508 	 52.205764745110535 	 -4.796584026064862 
C 	 -9.785705926023017 	 56.156880601502436 	 -3.106476048353481 
N 	 -10.308016259560766 	 57.24099891267077 	 -3.026896951817775 
C 	 -8.711128448040286 	 53.5012916569311 	 -3.575487198359973 
C 	 -8.345525282739963 	 52.271319869070055 	 -4.091838201137183 
H 	 -6.9638187936711375 	 51.274417677995004 	 -5.287950036999754 
C 	 -10.00255486675256 	 53.71695591541093 	 -2.949362623103412 
N 	 -10.529904192112346 	 54.99663667918318 	 -2.971968676544211 
C 	 -11.921844828073448 	 54.741930214128935 	 -2.667848817657865 
C 	 -13.067448855138872 	 55.48490427538911 	 -2.9774832443097488 
N 	 -10.79983933259998 	 52.77850730224502 	 -2.436151250347112 
H 	 -9.002849515814015 	 51.41013159334256 	 -4.137738181138741 
C 	 -11.973166461892717 	 53.38954361277279 	 -2.3348537641224625 
H 	 -13.0503497977239 	 56.42800772963976 	 -3.4663109720940906 
N 	 -15.592391758525471 	 57.22133269645413 	 -3.603047452460553 
C 	 -14.220520657667876 	 54.855932103763976 	 -2.483547929507302 
C 	 -16.177090193140803 	 56.23048309679562 	 -3.2321979716266163 
C 	 -13.138563121863033 	 52.81703246212976 	 -1.8188105498244544 
C 	 -14.22969718838454 	 53.59883986966457 	 -1.937597915976467 
N 	 -15.58706218715874 	 55.173554038038226 	 -2.7229583711293355 
C 	 -18.36706616888128 	 57.21257421798788 	 -3.6869219333343057 
C 	 -17.696276536515338 	 56.08860768236846 	 -3.2597193137348457 
H 	 -17.875803356768724 	 58.0052506137916 	 -4.144391734471415 
C 	 -16.201546666918947 	 54.023204267604044 	 -2.2646832769531997 
C 	 -19.733050027125845 	 57.1970165309618 	 -3.640416426173202 
N 	 -15.452781392528404 	 53.12959702200413 	 -1.669577357696977 
C 	 -18.345635015171393 	 54.9801889724387 	 -2.8040183381217823 
H 	 -13.244064718314538 	 51.80163303961714 	 -1.5322471214024909 
C 	 -17.619304318802975 	 53.90931504208596 	 -2.270724189592544 
C 	 -20.4366049081066 	 56.042454842861275 	 -3.192621517306581 
H 	 -20.289325439728728 	 58.13829299999587 	 -3.823755117925519 
C 	 -19.715010081731407 	 54.88939129582229 	 -2.8284447264050017 
C 	 -18.30873201326834 	 52.779320097757 	 -1.8156273338667448 
C 	 -21.930838413289155 	 55.969095697130825 	 -3.3552841758030523 
N 	 -22.611004265996616 	 56.96085916057681 	 -3.6139196763871317 
C 	 -20.353624985566206 	 53.781478335540584 	 -2.3216586473672467 
C 	 -19.690594671678376 	 52.686645893243 	 -1.8196007672628347 
C 	 -21.805575358416554 	 53.70683337254381 	 -2.521451020551036 
N 	 -22.416787957875453 	 54.790785218781565 	 -3.09154989692926 
H 	 -17.827624708198936 	 51.94774861264304 	 -1.3415661991357664 
C 	 -23.783650657951007 	 54.36553331807897 	 -3.0323985960063258 
C 	 -24.862428712023767 	 54.95332186314125 	 -3.660747320596558 
N 	 -22.605300105839184 	 52.73345205416894 	 -2.0873219221683685 
C 	 -23.812113555278028 	 53.10773011378577 	 -2.5083811495316564 
H 	 -20.23971193590003 	 51.82857949293501 	 -1.568507732949474 
N 	 -26.93679988097122 	 56.355517260538015 	 -5.377643385850138 
H 	 -24.798629157970556 	 55.80566271472564 	 -4.2744759507537085 
C 	 -26.004708131130077 	 54.1075230112926 	 -3.751929147297275 
C 	 -27.60332154905454 	 55.33081786413612 	 -5.248863059431632 
C 	 -24.979661403797078 	 52.344430863857085 	 -2.4912895541981035 
C 	 -26.041351338822743 	 52.86401291577067 	 -3.172123306143226 
N 	 -27.21222818486091 	 54.35581506856011 	 -4.455581491295361 
C 	 -29.44512750449242 	 56.011705200827286 	 -6.779016738646675 
C 	 -28.978180430703432 	 55.11990423958073 	 -5.849913006898608 
C 	 -27.896795667986662 	 53.19999655206521 	 -4.145542257371917 
H 	 -28.835652168957864 	 56.889345594398115 	 -6.9804310369776505 
N 	 -27.269133750554914 	 52.33847914189348 	 -3.391844626620288 
C 	 -30.669684333733 	 55.820589776566386 	 -7.357887802128916 
C 	 -29.744145737074167 	 53.97690579064083 	 -5.493138147153077 
H 	 -25.02812984763521 	 51.46937377372942 	 -1.829224085092124 
C 	 -29.259162616992153 	 53.02123027843675 	 -4.66463354589192 
C 	 -31.438937836467545 	 54.698132849177625 	 -7.011763026030025 
C 	 -31.021147729469064 	 53.781805121309084 	 -6.029779137759386 
C 	 -30.025929317205797 	 51.91750207796817 	 -4.292992171692232 
H 	 -30.99331431534032 	 56.39331905452656 	 -8.255290889606341 
C 	 -32.73346031321642 	 54.47729041748951 	 -7.764771241229821 
C 	 -31.730542175156497 	 52.59299166462075 	 -5.855990783345799 
N 	 -33.14692445260571 	 55.169616259459055 	 -8.706853993003232 
C 	 -31.18840626000487 	 51.65934657858584 	 -4.9737947066114225 
H 	 -29.569493423040296 	 51.08274466677508 	 -3.7281252443640027 
C 	 -33.00365334590373 	 52.4124267042982 	 -6.565887021324262 
N 	 -33.407043911971755 	 53.33809577288955 	 -7.493166294900343 
C 	 -34.43935875783046 	 52.625267120956835 	 -8.101764489861123 
N 	 -33.75049155086597 	 51.246495372744455 	 -6.446963848687742 
C 	 -35.143453320777674 	 52.98981580204304 	 -9.199189458142119 
H 	 -31.706467809295614 	 50.709646280326226 	 -4.872812581780301 
C 	 -34.633761788408385 	 51.459169361561415 	 -7.447914901393981 
H 	 -34.96867134714043 	 53.924513983779775 	 -9.824982119044503 
C 	 -36.10201805043972 	 51.99261997628578 	 -9.58774509455017 
C 	 -35.597261957421296 	 50.544729669578906 	 -7.769044304415529 
C 	 -36.2963133946944 	 50.78416582149291 	 -8.943790896338205 
H 	 -35.79542096019633 	 49.692446991103836 	 -7.0778007730463575 
N 	 -36.79898043897864 	 53.87762858979032 	 -11.851883052072044 
C 	 -37.50111117195928 	 52.896371725266654 	 -11.604512923476724 
N 	 -37.14797026466643 	 52.02115689772764 	 -10.573369907985471 
C 	 -37.79975527506687 	 50.798300304964464 	 -10.366634318655796 
N 	 -37.36124353185173 	 50.06937949976742 	 -9.383170459402356 
C 	 -38.69359873165987 	 52.51414280882413 	 -12.413252379653068 
C 	 -38.96848014256243 	 53.21445526041193 	 -13.591403918687135 
C 	 -39.01093513901985 	 50.50140508325742 	 -11.098332142161485 
C 	 -39.40888119017241 	 51.34087531720093 	 -12.11663537211545 
C 	 -39.96322946800959 	 52.77498259069154 	 -14.440899587525896 
C 	 -39.71065504415987 	 49.33497751827648 	 -10.807611628825125 
H 	 -38.32216375184633 	 54.08135321456867 	 -13.922189928815413 
C 	 -40.43178991350534 	 50.93543805229705 	 -12.955784619448885 
C 	 -40.74899079911784 	 51.70191554126958 	 -14.088298341573479 
C 	 -40.792688453330165 	 48.99840524065785 	 -11.559528455644623 
C 	 -41.209755424811156 	 49.792246970985616 	 -12.68128255863851 
C 	 -41.93425461428156 	 51.373199880793784 	 -14.867715239808375 
H 	 -40.14352584211428 	 53.35144988229366 	 -15.370913959239386 
N 	 -42.15547795535481 	 51.899039986342544 	 -15.968120047354404 
H 	 -39.39449984424652 	 48.71968992076912 	 -9.95233040297711 
C 	 -42.413828193667406 	 49.53396961231483 	 -13.412010836057588 
N 	 -42.795588858258235 	 50.41207949706123 	 -14.40223791983741 
C 	 -43.88177989245213 	 49.7445608225046 	 -14.992944322377923 
N 	 -43.227879109847635 	 48.46069194492525 	 -13.24481621665063 
C 	 -44.7874970895345 	 50.04300307526231 	 -16.070757677625355 
C 	 -44.15306839465629 	 48.68439197024594 	 -14.203418209453554 
H 	 -41.32028148280212 	 48.02546363325291 	 -11.535444653966048 
C 	 -45.861730081584135 	 49.1776081171886 	 -16.249277004106286 
N 	 -46.329811783008985 	 50.77295874705954 	 -18.532086926748864 
C 	 -45.18444167633401 	 47.75863140298001 	 -14.391105860993864 
C 	 -47.00380577879177 	 49.83686406218223 	 -18.244879304402886 
C 	 -46.01160367986059 	 48.00892418957959 	 -15.461366458347783 
H 	 -44.424053427827474 	 50.734162767799134 	 -16.835783669968183 
N 	 -46.899669821132726 	 49.090810207840214 	 -17.140961526506572 
C 	 -48.35834532859822 	 49.871272211064415 	 -20.375067663477314 
C 	 -48.16188888536761 	 49.2748989397301 	 -19.104217357253077 
C 	 -47.464416693543924 	 47.83179062783799 	 -16.883979136395837 
N 	 -47.03518574351626 	 47.19744042037252 	 -15.804705272532543 
C 	 -49.346003681575596 	 49.43876487850957 	 -21.231762420641715 
C 	 -48.88547334824221 	 48.094938780303046 	 -18.82871454123025 
C 	 -48.63421891112593 	 47.40823158945421 	 -17.59253896092475 
H 	 -47.744213639857136 	 50.70326564118749 	 -20.608993907582946 
H 	 -45.28881611545425 	 46.99011102567338 	 -13.62027844733119 
C 	 -50.11172064993614 	 48.37565768123153 	 -20.782123627202605 
C 	 -49.94776859886017 	 47.68737901191546 	 -19.56473279578268 
C 	 -49.33008837802615 	 46.270611320722885 	 -17.29856883328399 
C 	 -51.39687723585323 	 48.0463398387158 	 -21.479997082034078 
C 	 -50.80960136410637 	 46.65254387048508 	 -19.14618570908369 
N 	 -51.74356049821824 	 48.626988284833935 	 -22.471860835027336 
C 	 -50.445135075566 	 45.91824636931522 	 -18.017288969326565 
H 	 -49.543074484342156 	 49.984141688711766 	 -22.175543834197182 
C 	 -51.900050399973885 	 46.23162251680735 	 -19.934912939580034 
N 	 -52.18538062914501 	 47.00070444681881 	 -21.027220459763186 
C 	 -53.35317371183359 	 46.44061779252465 	 -21.576753748800982 
C 	 -54.15655447117277 	 46.67292894217321 	 -22.68952045068099 
H 	 -48.913922473127755 	 45.565614408624796 	 -16.54138814607148 
N 	 -52.75853894295891 	 45.1772269837041 	 -19.69849902834083 
C 	 -53.63717550583983 	 45.38041744020942 	 -20.68450032242231 
C 	 -55.2521086841155 	 45.83965796196329 	 -22.770405807633576 
N 	 -55.566776647246506 	 47.115211249305624 	 -25.446944829173557 
C 	 -54.80862165008449 	 44.690646918808426 	 -20.727015019218538 
C 	 -56.342082522284024 	 46.278804367114574 	 -24.98458107461846 
H 	 -51.04364674076331 	 45.09749125223333 	 -17.77628563943283 
C 	 -55.65947419208818 	 44.94139508139093 	 -21.815548011384983 
H 	 -53.9293862890987 	 47.405305268509515 	 -23.476034051132267 
N 	 -56.21819332028551 	 45.69824911704406 	 -23.75887004264857 
C 	 -57.70938898333405 	 46.392908425633735 	 -27.047053083254223 
C 	 -57.55843110673492 	 45.84617663686213 	 -25.75119608094132 
C 	 -57.046681200650255 	 44.67942023685902 	 -23.253827941071762 
N 	 -56.78327799291683 	 44.2266104903452 	 -22.040785217113495 
C 	 -58.67275805416056 	 45.918934832536365 	 -27.945186917409647 
C 	 -58.336873468201674 	 44.80406913216335 	 -25.342748915854557 
C 	 -58.17622432027004 	 44.16687945121429 	 -24.09446214600897 
H 	 -56.99695737934825 	 47.17798151160751 	 -27.321185020348096 
C 	 -59.50034452663643 	 44.89956573882947 	 -27.548915669586034 
H 	 -55.04476302790001 	 43.93492841983877 	 -19.955914730688182 
C 	 -59.315472176064375 	 44.3309896646304 	 -26.243516698006474 
C 	 -58.97932901128344 	 43.094633288639784 	 -23.71344750306672 
C 	 -60.54185994436353 	 44.382408752615575 	 -28.450694694433835 
C 	 -60.19405124498636 	 43.27572687758686 	 -25.81021699514378 
C 	 -59.96395472919617 	 42.5742663510994 	 -24.56052334623877 
H 	 -58.71836244997922 	 46.34289917527987 	 -28.926956161652004 
N 	 -60.67018410919504 	 44.76573388953595 	 -29.600096729373234 
C 	 -61.25900241352867 	 42.87525742476806 	 -26.664312413494024 
N 	 -61.255292103764496 	 43.32018506419206 	 -27.946680702709 
H 	 -58.833510139841046 	 42.779580051813575 	 -22.695620660563446 
C 	 60.50176266380078 	 42.680615200856025 	 -28.480275431025966 
N 	 60.59271267968986 	 42.117397326559086 	 -26.282605286541127 
C 	 60.10616907180314 	 42.51657582885262 	 -29.76904389899146 
C 	 59.85654504518437 	 42.016923454346 	 -27.4038518169839 
H 	 -60.62649627262801 	 41.80652830382837 	 -24.230210290208355 
C 	 58.77981796953017 	 41.17961186692009 	 -27.62553070490911 
C 	 59.059657690449654 	 41.66262600033755 	 -29.931112356094346 
N 	 59.614618613305 	 42.18988489453108 	 -32.80464938486332 
H 	 60.55924009991421 	 43.00333797095499 	 -30.643933626411595 
C 	 58.48782502299358 	 40.98477074459944 	 -28.90465819541297 
C 	 58.68784046914801 	 41.467703960089516 	 -32.472368257263184 
N 	 58.44230692396772 	 41.17202210435258 	 -31.15300302423088 
C 	 57.470895999638124 	 40.3346371632542 	 -30.654814752983707 
N 	 57.47317873333935 	 40.1918905820937 	 -29.29591242014947 
C 	 57.88983596983997 	 40.648389425477646 	 -33.47091251009145 
H 	 58.26913128334997 	 40.530820900316435 	 -26.882396216809372 
C 	 58.18273772487636 	 40.76919929096454 	 -34.847369188412806 
C 	 56.7206708775551 	 39.53629750892716 	 -31.647874297322048 
C 	 56.94084182160496 	 39.71633365314176 	 -32.995105152895746 
H 	 58.82174865183907 	 41.4143024255708 	 -35.26060684494092 
C 	 57.52824391520086 	 39.90199803833766 	 -35.712513866554076 
C 	 55.62423117525527 	 38.76612741409425 	 -31.188672811363404 
C 	 56.29436679677286 	 38.7949999843227 	 -33.93595948308514 
C 	 56.6111340232353 	 38.89495293132662 	 -35.27030006105231 
C 	 54.960989520249676 	 37.94196429199673 	 -32.11834345793733 
C 	 55.356163940044006 	 37.91311955720986 	 -33.438658994938606 
H 	 55.37988204670942 	 38.694343888604564 	 -30.14278477661773 
H 	 57.74179355847407 	 39.946237798185145 	 -36.779397399482534 
C 	 56.04234000716269 	 37.90904794527375 	 -36.24718439806951 
N 	 56.305216150873086 	 37.95694338544213 	 -37.44640609393788 
C 	 54.85631450158224 	 36.93029357218131 	 -34.3213151700881 
N 	 55.24916736554195 	 36.97883524688239 	 -35.67602843006414 
H 	 54.06382067229898 	 37.35860013684994 	 -31.830698974511325 
N 	 54.02109571268994 	 35.89390179233856 	 -33.96655424837861 
C 	 54.704408290981576 	 35.7645506055994 	 -36.141852235216525 
C 	 53.99665842577766 	 35.195938307941155 	 -35.14787705806382 
C 	 55.122600120751976 	 35.05071710422882 	 -37.24697492837402 
C 	 53.55016657943818 	 33.88781546646845 	 -35.25319719370387 
H 	 55.69913590438337 	 35.43358991669268 	 -38.02853750974017 
C 	 54.639981880887255 	 33.771791835924546 	 -37.38248880296314 
C 	 53.89578006360673 	 33.16529729350861 	 -36.34252181862279 
H 	 53.06083212524572 	 33.411888496023515 	 -34.438735653219645 
H 	 54.925885413594834 	 33.28997080562463 	 -38.298390363598934 
H 	 53.690274772474154 	 32.137771847549104 	 -36.483510449583804 
