   -0.29611650
    0.08262409
    0.03672492
    0.06275842
   -0.04663525
    0.11790102
   -0.03456599
   -0.01336739
    0.00935555
    0.26927920
   -0.03309577
   -0.06373984
    0.07120528
   -0.41310828
   -0.04503310
    0.05813871
   -0.06806145
    0.08568158
   -0.29935704
    0.06848095
   -0.29754377
    0.03195496
    0.05566817
    0.13024943
    0.04041677
   -0.04695198
   -0.02915348
   -0.02463163
   -0.04606108
    0.07546386
    0.26020333
   -0.44391953
   -0.01684258
    0.00748104
    0.05327972
   -0.02081258
   -0.02596224
    0.05460504
    0.05852274
   -0.30097898
   -0.03058631
   -0.03201128
   -0.01174215
    0.12069038
    0.00641726
   -0.01181132
    0.01118278
    0.04608087
   -0.03911971
   -0.02839195
    0.27242258
   -0.03479984
    0.11963580
   -0.01616140
    0.26784584
   -0.02226736
    0.06727012
    0.04996253
   -0.44480019
    0.05106719
   -0.03287127
    0.05349937
   -0.03212093
   -0.30126300
   -0.02007702
    0.08283680
    0.05747841
   -0.06852326
    0.00298839
   -0.42103013
    0.03090502
    0.08149071
    0.12652940
   -0.02398774
   -0.05589845
   -0.02087207
    0.00446036
    0.08411395
    0.03678977
   -0.06287496
    0.26515719
   -0.42400035
   -0.02410488
    0.05303758
   -0.31798281
   -0.06958080
    0.04770784
    0.03392322
    0.08486442
   -0.28721705
   -0.03481995
    0.06571628
    0.05476928
   -0.02795412
    0.13933332
   -0.01235203
   -0.43211829
   -0.06932245
   -0.01805071
    0.01150952
    0.27065256
    0.01072004
    0.04273373
   -0.02696514
   -0.02193270
    0.05743804
   -0.01684443
   -0.02814197
    0.27207070
   -0.41136887
    0.13797315
   -0.06985833
    0.07064714
   -0.06031948
    0.08480830
   -0.28061051
    0.03351567
    0.06750918
    0.03862441
   -0.28992230
   -0.04514337
    0.27052326
    0.08680941
    0.11745573
   -0.08035835
   -0.03324048
   -0.38539513
   -0.06691836
   -0.01169738
    0.06078368
    0.00439403
   -0.02845383
   -0.03235731
   -0.01206875
    0.05794704
    0.14780722
    0.01104940
   -0.29732218
    0.03273012
    0.08323487
    0.05694926
   -0.06397763
    0.07976929
   -0.30440592
    0.14172604
   -0.28719654
    0.04533791
   -0.02755760
    0.05623204
   -0.02835908
   -0.02377831
    0.03618060
   -0.05420147
   -0.04857914
    0.02586950
   -0.04547924
    0.02355216
    0.04183507
   -0.04704292
    0.05062034
    0.07683710
   -0.03802281
    0.13454584
   -0.44249086
    0.25814252
   -0.03087471
    0.05170601
    0.04090587
   -0.01839313
   -0.01729306
    0.06425051
   -0.43087729
    0.26508933
   -0.03000835
    0.26017421
   -0.40380117
    0.08325903
   -0.02941723
   -0.01856051
    0.05162714
   -0.05205214
   -0.05578142
    0.00528652
    0.02801000
   -0.01568049
   -0.07096610
    0.00930609
   -0.02054058
    0.25836670
   -0.02257063
    0.03389737
    0.06972135
    0.13192382
    0.07458501
   -0.00745686
   -0.42202837
    0.07718937
   -0.05333137
   -0.07288804
    0.05806692
    0.05633943
   -0.03617513
    0.08234305
    0.04285769
   -0.01216923
   -0.04092426
    0.26465305
   -0.02873817
   -0.42370185
    0.00911043
    0.11848005
   -0.01580292
   -0.02607832
    0.04634286
    0.00985500
   -0.29339523
    0.03094703
   -0.03042283
    0.07042428
    0.04449696
   -0.01033950
    0.11695707
   -0.04795999
    0.25965120
   -0.28941486
   -0.07212071
   -0.05629580
    0.07869191
   -0.43194520
   -0.03318615
    0.05670965
    0.08084699
    0.05858763
   -0.28140733
    0.05661523
   -0.40978346
   -0.00682633
    0.00340618
   -0.03195495
    0.00066830
   -0.02728895
    0.12687625
    0.06128290
   -0.00939419
    0.04928410
   -0.03703857
   -0.03450959
    0.27295054
   -0.07600430
    0.13755793
   -0.05135919
   -0.30466960
    0.07525607
    0.03809492
   -0.06279486
    0.04257426
   -0.06043145
    0.06840783
    0.05497339
   -0.29207298
    0.26737041
   -0.04462995
    0.11871882
    0.01320856
    0.00486153
   -0.01622025
   -0.02601373
   -0.01947194
    0.06491691
    0.06278305
    0.08594587
   -0.42315404
   -0.43826877
    0.26648088
   -0.04038386
    0.25340286
   -0.02794160
   -0.02999329
   -0.02121663
    0.05779773
    0.06151242
   -0.01510083
   -0.03455924
    0.12276366
    0.05853311
    0.05584688
   -0.03077232
   -0.45101771
   -0.42478966
    0.07714640
    0.05267415
    0.04801130
   -0.02932389
   -0.02962965
   -0.04858558
   -0.05745819
    0.26279985
    0.04221632
    0.04285962
    0.07992441
    0.07683792
   -0.08243714
    0.05644087
   -0.29546215
   -0.06174068
    0.10582558
   -0.28645691
    0.04413922
   -0.00054963
   -0.01263011
   -0.03616648
   -0.03249398
   -0.03002096
    0.05006307
    0.00883478
    0.17616255
   -0.03963190
    0.26833253
   -0.04032279
    0.13796615
   -0.46018582
   -0.18290546
    0.19600760
   -0.46477364
