           1           2   1.2797338815794537     
           2           3   1.2573275356480129     
           3           5   1.1023364005673235     
           1           6   1.3854064282747172     
           5           6   1.1241960373170521     
           4           7  0.96669383482641447     
           6           8   1.1797895983451876     
           7           8   1.3073928736762337     
           8           9   1.2567529715452157     
           5          10   1.0877649544962047     
           9          11   1.2526258456443351     
          10          11   1.0415173822169610     
           3          12   1.3215661459839585     
          12          13  0.96262927913044605     
           5          14  0.10426800667501442     
          10          14   1.6817180513791015     
          16          17  0.96457527070942961     
          17          18   1.3349909730368836     
          17          20   1.3483478727760743     
          19          20   1.1957960058651400     
          18          21   1.2238850691095762     
          15          22   1.0383615914923259     
          18          22   1.2670668376204790     
          19          24   1.4629027396366132     
          20          25   1.2504092279186898     
          17          26  0.11237241094389998     
          22          26   1.3699383975944668     
          25          26   1.4011078901625602     
          27          28   1.3853047008456487     
          24          29   1.1241185222064849     
          25          29   1.0413828090063071     
          26          30  0.96063749253800901     
          28          31   1.0354461999560043     
          29          31   1.1453569258369933     
          29          32  0.10938225482466285     
          31          32   1.6317237585077189     
          24          33   1.1394790084276676     
           9          34   1.2485820358105746     
          28          34   1.2774679892869825     
          33          34   1.2352410072183362     
          27          35  0.96669518228574558     
          11          36   1.3954403120313370     
          27          36   1.4184222321164037     
           7          37   1.4871923851540774     
          23          37  0.96110088961209084     
          33          37   1.3485469917258721     
          36          38  0.96798348603679296     
          39          42  0.96687131880193455     
          41          42   1.4758142627246733     
          42          43   1.3373882721134858     
          40          44   1.4232952370990941     
          43          44   1.1453750643665594     
          43          45   1.2587513396633505     
          41          46   1.3516223677430759     
          45          47   1.2728193139373638     
          46          47   1.2314514539438184     
          41          48  0.96921384033495839     
          45          49   1.2290999637510556     
          47          50   1.2682176632877045     
          49          51  0.99794502513260652     
          44          52   1.1365209730769641     
          51          52   1.1645241361615690     
          15          53   1.1117779080028867     
          21          53   1.4371892098286536     
          46          53   1.1394101839514037     
          49          54   1.4341073106724895     
          15          55   1.1586623206851310     
          50          55   1.0350220788387359     
          50          56   1.3890686312645646     
          54          56   1.4135367073604430     
          56          57  0.96764483393379863     
          54          58  0.96033152698243640     
          15          59  0.11585593182596945     
          55          59   1.6289830023938956     
          61          63   1.4697970537392964     
          62          63  0.96573721803232815     
          63          65   1.3564150684210223     
          40          66   1.2476188580609231     
          60          68  0.96452900391958996     
          66          68   1.3211569660776075     
          51          70   1.6641935707356126     
          52          70  0.10663559141396725     
          52          71   1.0422521527411168     
          66          71   1.2571033687644619     
          64          72   1.2394360665268853     
          68          72   1.3674581009668856     
          64          73   1.4283860864449116     
          65          73   1.1592921182925000     
          67          74  0.96419655891362988     
          68          75  0.10993300717845549     
          71          75   1.3618641654169175     
          74          76   1.3956134044199329     
          65          77   1.2070614378492621     
          69          77   1.2421048732473283     
          76          77   1.3014334887374031     
          75          78  0.96213855876093712     
          72          79   1.2207165990959485     
          75          79   1.4218314254761626     
          73          80   1.1345946895899139     
          79          80   1.0493479529738778     
          76          81   1.0343246081494821     
          80          81   1.1123342809125367     
          80          82  0.11322365492463385     
          81          82   1.6660252655223273     
          61          83   1.3403806293878202     
          69          83   1.2412903280533707     
          61          84  0.96685746963771968     
           2          86   1.2749189815154398     
          12          86  0.11069132291611086     
          86          87  0.96187744661465924     
          12          88   1.4350379068108399     
          86          89   1.3947858516976770     
          88          89   1.1969926979941699     
          89          90   1.2297476970685739     
          91          92  0.96859595444780666     
          91          94   1.4774771428751665     
          93          94  0.96252671916387023     
          90          95   1.4514287698315107     
          91          96   1.3195427853783059     
          95          96   1.1808297474292924     
          88          98   1.0654071389779338     
          95          98   1.0976624240051969     
          97          98  0.11802718273729955     
          94          99   1.3376317549896399     
          96         100   1.2439595586255983     
          97         101   1.6449388824965978     
          98         101   1.1163859767387361     
          99         102   1.2263489977761666     
         100         102   1.2393086302913661     
         100         104   1.2854416623976488     
         101         104   1.0672995818249997     
         104         105   1.3490689389223265     
         105         106  0.96551344215463530     
         103         107  0.96250964590189614     
         105         107   1.4601828734435944     
         102         108   1.2989805856702588     
         107         108   1.3795566207050638     
         108         109  0.99238122276695862     
         109         110   1.6915398623002138     
          99         111   1.1696904638533914     
         109         112   1.1416614655701212     
         110         112  0.11826443567417166     
         111         112   1.0798484465433777     
         113         114  0.96240652358500289     
         111         116   1.4551459452074569     
         115         116   1.2269981182827343     
         112         117   1.0522812900476279     
         114         117   1.4002904982863214     
         115         117   1.2375087494725170     
         114         119   1.3542231130105264     
         119         121   1.0962876405345936     
         121         122   1.0947424591047319     
         119         123   1.2451673485523633     
         120         123   1.2638060143977545     
         120         124   1.4180808296303584     
         121         124   1.1287834870769509     
         114         125  0.11716030475325959     
         115         125   1.3466157712203157     
         118         125  0.97007320749818848     
         123         125   1.3192976665763978     
         122         126  0.97891006330624053     
         121         127  0.10863676507371374     
         122         127   1.7348185427291833     
         124         129   1.1462085369541981     
         126         131   1.3086130527884863     
         129         131   1.1961537702610752     
         129         132   1.4088466652949707     
         130         132  0.96479374792434680     
         132         133   1.4146826507568024     
         133         134   1.3523713019432009     
         133         135  0.96990418980057080     
         128         136   1.1482074436609546     
         134         136   1.1321185407473151     
         131         137   1.2473750261785070     
         134         137   1.2722372125608847     
         136         138   1.4713310214317483     
         128         139   1.0006925743352340     
         138         140   1.1840810373923170     
         139         140   1.2475796753057022     
         140         142   1.3863915130485707     
         141         142  0.96319733104384087     
         142         143   1.2943716143835127     
         143         144   1.2388358587749653     
         144         145   1.4240974094090035     
         147         148  0.96316443660371553     
         148         150   1.4035989633802364     
         149         150  0.96158318841935553     
          74         151   1.4184705835591191     
         152         153  0.97307114075407730     
         153         154   1.4718637759134015     
         154         155  0.97502046138453635     
         154         156   1.4069675809828301     
         156         157  0.97238052080611270     
         153         159  0.11747884866922581     
         156         159   1.4553634989947273     
         158         159   1.3654966046466928     
         159         160  0.97038164875746369     
          85         161   1.1989272854896209     
         153         161   1.3250822206129564     
         158         161   1.2898136899374724     
         158         162   1.0558971939693695     
          83         163   1.1345989042515892     
          85         163   1.4533007561405180     
         162         163   1.1411865579245528     
         162         164  0.10555362166323758     
         162         165   1.1426092791904514     
         164         165   1.6456506665393360     
          69         166   1.2872598628555685     
         151         166   1.3918744254757969     
         165         166   1.0132407038769471     
         151         167  0.96773651263061611     
         126         169   1.3862153227954908     
         168         169  0.96493118690657342     
         169         170   1.4400550543742028     
         170         171  0.96207059222122726     
         128         172  0.11316089303395341     
         128         173   1.1401655212848893     
         172         173   1.6535147093816551     
         137         174   1.2547531953184399     
         170         174   1.3958631803081130     
         173         174   1.0262353744460571     
         175         176   1.6907538105650000     
         175         178   1.0452137616579200     
         178         179   1.4177299177935454     
         179         180  0.96687945721735291     
         145         181   1.2002705922621921     
         175         181   1.0590892866326256     
         176         181  0.10742890708884928     
         139         182   1.4447468296510309     
         142         182  0.12746896384863193     
         177         182  0.95911271255492658     
         178         183   1.2400733288806858     
         143         184   1.2957063357259375     
         181         184   1.0523777422040492     
         182         184   1.3221066230445897     
         145         185   1.1147888852489776     
         148         185   1.4012932338403401     
         183         185   1.2348440012559887     
         183         187   1.2746361422200883     
         187         188   1.2737258026177634     
         186         189   1.1055843024503706     
         188         189   1.0283784477656801     
         179         190   1.3936723734739758     
         188         190   1.4172453470826178     
         186         191   1.0915059021328111     
         190         192  0.96010039071438213     
         146         193   1.4823919530602294     
         186         193   1.0837593148366527     
         146         194   1.2086999529754698     
         191         194   1.2297483045523259     
         150         195   1.3992074836061610     
         187         195   1.2115868310077818     
         193         195   1.1502412673571654     
         186         196  0.11116447229857135     
         189         196   1.6679855676263413     
         191         198   1.3589960079028112     
         197         198  0.95557347022273276     
         194         199   1.3787173063276541     
         198         199  0.10425875778371585     
         199         200  0.96757772414397836     
         201         202  0.96962018504425740     
         199         203   1.3173730401039969     
         198         204   1.4347993787795807     
         203         204   1.2274406730008136     
         202         205   1.3234030909123566     
         204         206   1.0369519863740659     
         206         207   1.1551568471422973     
         207         208  0.99493774768934828     
         206         209  0.10914509569413060     
         207         209   1.6680588517116823     
         205         210   1.2601705117505408     
         208         210   1.2384913126842085     
         205         211   1.1612006176969751     
         206         211   1.1424714936582809     
         208         212   1.4533253490541624     
         212         213   1.3985285403129053     
         212         214  0.95984584289876285     
         210         215   1.2599028003835433     
         203         216   1.2707596652264712     
         211         216   1.3985140643554768     
         213         218   1.3735776897659551     
         215         218   1.2512472942888950     
         219         220   1.2118766941904391     
         215         221   1.2536912992660765     
         221         222   1.1451604306254171     
         220         223   1.1404999866554653     
         222         223   1.0902166615805287     
         218         224   1.0737095169517263     
         223         224   1.0907458636166443     
         219         225   1.2423353649387143     
         222         225   1.4631422810978447     
         219         226   1.3563473317450980     
         217         227   1.4177096882284554     
         220         227   1.3483115972877826     
         226         227  0.10966326084798543     
         227         228  0.96241980876903299     
         223         229  0.10427475607235873     
         224         229   1.6440595772048439     
         202         230   1.4656554620045188     
         221         230   1.3515888917253438     
         226         231  0.96856761524479573     
         217         232   1.2363579457585439     
         226         232   1.3229180822971645     
         230         233  0.96599337500063653     
         232         234   1.2544606291344444     
         213         235  0.96729443495941858     
         237         238   1.2531555924852869     
         237         239   1.3584405346728803     
         238         240   1.2444938512185426     
         239         241   1.4419630837046844     
         234         242   1.4358315201013334     
         237         242   1.1521002768363391     
         239         243  0.96595950389740748     
         240         244   1.2533677273855290     
         241         244   1.3629972659037759     
         241         245  0.96745397139865807     
         238         246   1.2655848600260053     
         240         247   1.2462626509572501     
         236         248   1.6941545340669522     
         246         248  0.99884048539983239     
         217         249   1.0274204217255731     
         236         249  0.11951136387019401     
         242         249   1.1127457506426004     
         248         249   1.1349014913063626     
         244         250   1.1381429285371978     
         250         251   1.1196040769122149     
         250         252   1.4744453739210097     
         252         253   1.1896883917145311     
         251         254   1.0541473212010466     
         253         254   1.2578833011029031     
         253         255   1.3632509590290942     
         254         257   1.3893027995820859     
         255         257  0.11422218724367170     
         256         257   1.3695007900508440     
         255         258   1.3484696291545886     
         256         258   1.2300226252675139     
         255         259  0.96486250491165526     
         258         260   1.2223311770366345     
         247         261   1.0134855576993100     
         251         261   1.1351474089771953     
         256         262   1.1058766396376583     
         260         263   1.4745366703585749     
         262         263   1.0773200806535912     
         264         265   1.2782798325810323     
         263         266   1.1513287206244409     
         264         266   1.2375803225032334     
         246         267   1.4110554379676896     
         247         268   1.4428698979334760     
         267         268   1.3910013585484018     
         268         269  0.96112481705223318     
         267         270  0.96560810623185056     
         257         271  0.96195232544318043     
         251         272  0.11503124417655146     
         261         272   1.6685575692821082     
         262         273  0.10733724613202203     
         262         274   1.1426547339356610     
         273         274   1.6418531484530561     
         264         275   1.2682024619501664     
         274         275   1.0331724142997150     
         265         277   1.2894374252040985     
         276         277   1.0267511803374849     
         275         278   1.3658899717906872     
         277         279   1.3756029385675326     
         278         279   1.4564307361622741     
         279         280  0.96262345822569662     
         278         281  0.97096593558095534     
         265         282   1.1898809596028710     
         266         283   1.3604108795349628     
         282         284   1.1360363317082010     
         283         285  0.96951290137142154     
         282         287   1.4224848427785812     
         283         287   1.4064272105858617     
         286         287  0.96211119291062341     
         276         288   1.6183123697935400     
         291         293  0.96943624332533251     
         292         294  0.96479168583282082     
         293         294   1.4647529083248259     
         276         295   1.1681498199628182     
         284         295   1.0844251050073979     
         288         295  0.10816708072625512     
         290         296  0.95467300832323254     
         289         297   1.6684017615186779     
         295         298   1.0653633805846594     
         296         298   1.4236460877890809     
         296         299   1.3448823707907291     
         298         300   1.2222525250143088     
         299         301   1.2539769026374512     
         296         302  0.11438251376946128     
         300         302   1.3481851463636216     
         301         302   1.3094823841313901     
         302         303  0.97112593936590752     
         301         304   1.2533085672961188     
         289         305  0.11451897659144454     
         297         305   1.1068419638365585     
         299         305   1.1090161967347643     
         304         306   1.4421096406024974     
         305         306   1.0869140980105141     
         284         307   1.4649615151996396     
         300         307   1.2429116002821470     
         306         310   1.1429875224166861     
         309         310   1.2357657503003501     
         310         311   1.3645526563828341     
         308         312  0.96783220896775279     
         311         312   1.4550788957685670     
         312         313   1.3562829140004742     
         311         314  0.96563220007618333     
         309         315   1.2249125950081374     
         313         315   1.2490779525815634     
         313         316   1.1112397814259611     
         294         317   1.3600837899926594     
         315         317   1.2982683597383753     
         317         318   1.0228174337630229     
         293         319   1.3542455563045601     
         297         319   1.0337473716666152     
         309         319   1.2918897626475534     
         316         321   1.5448499635735768     
         320         321  0.87040459093482059     
         316         322   1.0825774927912561     
         318         322   1.1834196774106835     
         322         323  0.92479703230511079     
         318         324   1.6353799395095838     
         322         324  0.14595902929310403     
