107533 157 1 2 
107534 157 1 3 
107535 176 1 90 
107529 157 2 6 
107530 181 2 93 
107524 157 3 4 
107525 172 3 27 
107517 157 4 5 
107518 176 4 7 
107520 157 5 6 
107521 180 5 8 
107523 172 6 28 
107515 260 7 9 
107516 362 7 11 
107522 262 8 9 
107519 159 9 10 
107513 157 10 14 
107514 157 10 19 
107510 368 11 12 
107511 208 11 13 
107437 157 13 14 
107438 157 13 16 
107512 157 14 15 
107419 157 15 18 
107420 157 15 21 
107429 157 16 17 
107430 172 16 29 
107425 157 17 18 
107426 172 17 30 
107412 208 18 22 
107508 157 19 20 
107509 172 19 31 
107501 157 20 21 
107502 172 20 32 
107495 158 21 23 
107408 362 22 24 
107409 368 22 25 
107427 229 23 24 
107428 233 23 26 
107413 176 24 33 
107505 181 26 34 
107414 157 33 34 
107415 157 33 35 
107418 157 34 38 
107406 157 35 36 
107407 172 35 59 
106818 157 36 37 
106819 176 36 39 
106848 157 37 38 
106849 180 37 40 
106852 172 38 60 
106842 260 39 41 
106843 362 39 43 
106822 262 40 41 
106824 159 41 42 
106830 157 42 46 
106831 157 42 51 
106844 368 43 44 
106845 208 43 45 
106840 157 45 46 
106841 157 45 48 
106825 157 46 47 
106838 157 47 50 
106839 157 47 53 
98827 157 48 49 
98828 172 48 61 
98831 157 49 50 
98832 172 49 62 
98818 208 50 54 
106832 157 51 52 
106833 172 51 63 
106828 157 52 53 
106829 172 52 64 
106823 158 53 55 
98821 362 54 56 
98822 368 54 57 
106799 229 55 56 
106800 228 55 58 
98805 452 56 97 
106798 450 58 98 
9802 157 65 66 
9803 157 65 67 
9804 176 65 101 
9685 157 66 68 
9686 172 66 86 
9800 157 67 69 
9801 181 67 106 
9793 157 68 70 
9794 176 68 76 
9798 157 69 70 
9799 172 69 91 
9797 181 70 80 
9667 368 71 72 
9668 208 71 74 
9669 362 71 76 
108101 157 73 74 
108102 157 73 77 
108103 172 73 92 
108112 157 74 78 
108250 229 75 76 
108251 158 75 79 
108252 233 75 80 
108107 157 77 81 
108108 172 77 94 
108109 157 78 79 
108110 157 78 82 
108115 157 79 83 
108105 157 81 82 
108106 208 81 84 
108104 157 82 85 
108240 157 83 87 
108241 172 83 95 
107564 368 84 89 
107565 362 84 90 
107566 157 85 87 
107567 158 85 88 
107678 172 87 96 
107560 229 88 90 
107561 233 88 93 
10252 368 99 100 
10356 362 100 101 
10357 208 100 103 
9814 229 101 105 
10261 157 102 103 
10262 172 102 104 
10263 157 102 107 
10361 157 103 108 
9791 233 105 106 
9792 158 105 109 
10381 172 107 110 
10382 157 107 111 
10365 157 108 109 
10366 157 108 112 
10360 157 109 113 
10390 157 111 112 
10391 208 111 114 
10379 157 112 116 
10367 157 113 117 
10368 172 113 118 
10407 368 114 115 
10408 362 114 120 
10386 157 116 117 
10387 158 116 119 
10373 172 117 124 
10393 229 119 120 
10394 233 119 123 
10392 176 120 121 
10415 157 121 122 
10416 157 121 125 
10942 172 122 126 
10943 157 122 128 
10410 181 123 125 
10411 157 125 130 
10944 368 127 129 
10947 157 128 131 
10948 176 128 132 
10945 362 129 132 
10946 208 129 134 
10492 157 130 131 
10493 172 130 140 
11059 181 131 138 
10949 229 132 136 
11553 157 133 134 
11554 172 133 135 
11555 157 133 137 
10950 157 134 139 
11064 233 136 138 
11065 158 136 141 
11563 157 137 142 
11564 172 137 143 
11069 157 139 141 
11070 157 139 144 
11068 157 141 145 
11676 157 142 144 
11677 208 142 146 
11083 157 144 148 
11080 157 145 149 
11081 172 145 152 
11671 368 146 147 
11672 362 146 151 
11089 157 148 149 
11090 158 148 150 
11088 172 149 157 
11075 229 150 151 
11076 233 150 155 
11675 176 151 153 
11673 157 153 154 
11674 157 153 156 
11669 172 154 159 
11670 157 154 160 
11082 181 155 156 
11668 157 156 162 
11680 368 158 161 
11681 157 160 163 
11682 176 160 164 
11701 362 161 164 
11702 208 161 166 
11683 157 162 163 
11684 172 162 172 
11698 181 163 169 
11703 229 164 167 
12261 157 165 166 
12262 172 165 168 
12263 157 165 170 
11728 157 166 171 
11712 233 167 169 
11713 158 167 173 
12266 157 170 174 
12267 172 170 177 
11721 157 171 173 
11722 157 171 175 
11714 157 173 176 
12264 157 174 175 
12265 208 174 178 
11729 157 175 179 
11718 157 176 181 
11719 172 176 182 
12268 368 178 180 
12269 362 178 184 
11723 157 179 181 
11724 158 179 183 
11720 172 181 188 
11755 229 183 184 
11756 233 183 186 
12278 176 184 185 
12289 157 185 187 
12290 157 185 189 
11742 181 186 189 
12282 172 187 190 
12283 157 187 191 
12284 157 189 192 
12396 157 191 193 
12397 176 191 197 
12298 157 192 193 
12299 172 192 194 
12395 181 193 199 
12391 368 195 196 
12385 362 196 197 
12386 208 196 200 
12392 229 197 198 
12400 233 198 199 
12401 158 198 202 
12383 157 200 201 
12384 157 200 203 
12896 157 201 204 
12897 172 201 206 
44312 157 202 203 
44313 157 202 205 
44311 157 203 207 
44946 157 204 208 
44947 172 204 212 
44318 157 205 209 
44319 172 205 214 
44324 157 207 208 
44325 157 207 210 
44953 208 208 211 
44320 157 209 210 
44321 172 209 221 
44326 158 210 215 
44948 368 211 213 
44949 362 211 216 
44322 229 215 216 
44323 233 215 218 
44958 176 216 217 
44954 157 217 219 
44955 157 217 220 
44330 181 218 220 
44963 157 219 222 
44964 172 219 227 
44336 157 220 224 
44968 157 222 226 
44969 176 222 228 
44965 368 223 225 
44337 157 224 226 
44338 172 224 237 
44972 362 225 228 
44973 208 225 230 
44979 181 226 232 
44975 229 228 231 
44984 157 229 230 
44985 157 229 233 
44986 172 229 236 
44974 157 230 234 
44970 233 231 232 
44971 158 231 235 
53204 157 233 238 
53205 172 233 245 
44977 157 234 235 
44978 157 234 239 
44976 157 235 240 
45013 157 238 239 
45014 208 238 241 
44999 157 239 242 
44992 157 240 244 
44993 172 240 250 
44990 368 241 243 
44991 362 241 247 
45000 157 242 244 
45001 158 242 246 
44997 172 244 257 
45002 229 246 247 
45003 233 246 251 
45004 176 247 248 
45005 157 248 249 
45006 157 248 252 
45015 157 249 253 
45016 172 249 259 
44998 181 251 252 
45007 157 252 255 
45033 157 253 258 
45034 176 253 260 
53842 368 254 256 
45023 157 255 258 
45024 172 255 270 
45700 362 256 260 
45701 208 256 262 
45026 181 258 264 
45679 229 260 263 
53847 157 261 262 
53848 157 261 265 
53849 172 261 268 
53839 157 262 266 
45035 233 263 264 
45036 158 263 267 
53850 157 265 269 
53851 172 265 276 
45698 157 266 267 
45699 157 266 271 
45680 157 267 272 
53871 157 269 271 
53872 208 269 273 
45687 157 271 274 
45040 157 272 275 
45041 172 272 280 
53865 368 273 277 
53866 362 273 279 
45723 157 274 275 
45724 158 274 278 
45709 172 275 285 
45731 229 278 279 
45732 233 278 282 
45730 176 279 281 
45720 157 281 283 
45721 157 281 284 
45716 181 282 284 
45705 157 283 287 
45706 172 283 289 
45728 157 284 286 
45710 157 286 290 
45711 172 286 296 
78511 157 287 290 
78512 176 287 292 
86407 368 288 291 
78509 181 290 294 
86408 362 291 292 
86409 208 291 295 
78510 229 292 293 
78522 233 293 294 
78523 158 293 298 
78538 157 295 297 
78539 157 295 299 
86393 172 297 300 
86394 157 297 301 
78524 157 298 299 
78525 157 298 302 
78516 157 299 303 
79124 157 301 304 
79125 172 301 308 
78529 157 302 305 
78530 172 302 307 
78531 157 303 304 
78532 157 303 306 
78515 208 304 309 
78533 157 305 306 
78534 172 305 313 
78535 158 306 311 
78551 368 309 310 
78552 362 309 312 
78561 229 311 312 
78562 233 311 314 
78560 176 312 315 
78563 181 314 316 
78556 157 315 316 
78557 157 315 317 
78564 157 316 318 
78542 172 317 319 
78543 157 317 320 
78565 157 318 321 
78566 172 318 322 
78540 157 320 321 
78541 172 320 323 
78555 172 321 324 
114498 157 325 326 
114499 157 325 327 
114500 176 325 414 
114503 157 326 330 
114504 181 326 417 
114496 157 327 328 
114497 172 327 351 
114506 157 328 329 
114507 176 328 331 
113996 157 329 330 
113997 180 329 332 
113995 172 330 352 
113985 260 331 333 
113986 362 331 335 
114010 262 332 333 
113998 159 333 334 
113999 157 334 338 
114000 157 334 343 
113983 368 335 336 
113984 208 335 337 
113906 157 337 338 
113907 157 337 340 
113908 157 338 339 
113900 157 339 342 
113901 157 339 345 
113904 157 340 341 
113905 172 340 353 
113896 157 341 342 
113897 172 341 354 
113898 208 342 346 
114015 157 343 344 
114016 172 343 355 
114008 157 344 345 
114009 172 344 356 
113912 158 345 347 
113894 362 346 348 
113895 368 346 349 
113910 229 347 348 
113911 233 347 350 
113899 176 348 357 
113327 181 350 358 
113305 157 357 358 
113306 157 357 359 
113316 157 358 362 
113300 157 359 360 
113301 172 359 383 
113296 157 360 361 
113297 176 360 363 
113307 157 361 362 
113308 180 361 364 
113317 172 362 384 
113186 260 363 365 
113187 362 363 367 
113309 262 364 365 
113188 159 365 366 
113184 157 366 370 
113185 157 366 375 
113174 368 367 368 
113175 208 367 369 
113171 157 369 370 
113172 157 369 372 
113173 157 370 371 
113189 157 371 374 
113190 157 371 377 
113169 157 372 373 
113170 172 372 385 
113180 157 373 374 
113181 172 373 386 
113163 208 374 378 
112610 157 375 376 
112611 172 375 387 
112626 157 376 377 
112627 172 376 388 
112619 158 377 379 
112616 362 378 380 
112617 368 378 381 
112621 229 379 380 
112622 228 379 382 
112620 452 380 421 
112623 450 382 422 
122860 157 389 390 
122861 157 389 391 
122862 176 389 425 
122838 157 390 392 
122839 172 390 410 
122851 157 391 393 
122852 181 391 430 
122846 157 392 394 
122847 176 392 400 
122849 157 393 394 
122850 172 393 415 
122844 181 394 404 
122739 368 395 396 
122740 208 395 398 
122741 362 395 400 
122716 157 397 398 
122717 157 397 401 
122718 172 397 416 
122723 157 398 402 
122834 229 399 400 
122835 158 399 403 
122836 233 399 404 
122719 157 401 405 
122720 172 401 418 
122724 157 402 403 
122725 157 402 406 
122733 157 403 407 
122721 157 405 406 
122722 208 405 408 
122726 157 406 409 
122731 157 407 411 
122732 172 407 419 
122744 368 408 413 
122745 362 408 414 
122727 157 409 411 
122728 158 409 412 
122734 172 411 420 
122729 229 412 414 
122730 233 412 417 
122828 368 423 424 
122829 362 424 425 
122830 208 424 427 
122863 229 425 429 
123540 157 426 427 
123541 172 426 428 
123542 157 426 431 
123537 157 427 432 
122864 233 429 430 
122865 158 429 433 
123543 172 431 434 
123544 157 431 435 
123562 157 432 433 
123563 157 432 436 
123566 157 433 437 
123545 157 435 436 
123546 208 435 438 
123561 157 436 440 
123570 157 437 441 
123571 172 437 442 
123547 368 438 439 
123548 362 438 444 
123567 157 440 441 
123568 158 440 443 
123569 172 441 448 
123564 229 443 444 
123565 233 443 447 
123549 176 444 445 
123550 157 445 446 
123551 157 445 449 
123684 172 446 450 
123685 157 446 452 
123575 181 447 449 
123579 157 449 454 
123686 368 451 453 
123687 157 452 455 
123688 176 452 456 
123682 362 453 456 
123683 208 453 458 
123700 157 454 455 
123701 172 454 464 
123692 181 455 462 
123681 229 456 460 
123693 157 457 458 
123694 172 457 459 
123695 157 457 461 
123689 157 458 463 
123679 233 460 462 
123680 158 460 465 
123792 157 461 466 
123793 172 461 467 
123690 157 463 465 
123691 157 463 468 
123678 157 465 469 
123790 157 466 468 
123791 208 466 470 
123787 157 468 472 
115363 157 469 473 
115364 172 469 476 
123794 368 470 471 
123795 362 470 475 
115479 157 472 473 
115480 158 472 474 
115478 172 473 481 
115481 229 474 475 
115482 233 474 479 
123796 176 475 477 
123785 157 477 478 
123786 157 477 480 
131165 172 478 483 
131166 157 478 484 
115469 181 479 480 
115468 157 480 486 
131170 368 482 485 
131174 157 484 487 
131175 176 484 488 
131171 362 485 488 
131172 208 485 490 
115516 157 486 487 
115517 172 486 496 
123929 181 487 493 
131173 229 488 491 
131179 157 489 490 
131180 172 489 492 
131181 157 489 494 
131176 157 490 495 
131182 233 491 493 
131183 158 491 497 
131285 157 494 498 
131286 172 494 501 
131177 157 495 497 
131178 157 495 499 
131189 157 497 500 
131283 157 498 499 
131284 208 498 502 
131287 157 499 503 
131197 157 500 505 
131198 172 500 506 
131289 368 502 504 
131290 362 502 508 
131301 157 503 505 
131302 158 503 507 
131315 172 505 512 
131297 229 507 508 
131298 233 507 510 
131275 176 508 509 
123991 157 509 511 
123992 157 509 513 
131299 181 510 513 
123987 172 511 514 
123988 157 511 515 
124019 157 513 516 
124084 157 515 517 
124085 176 515 521 
124011 157 516 517 
124012 172 516 518 
124104 181 517 523 
124088 368 519 520 
124081 362 520 521 
124082 208 520 524 
124083 229 521 522 
124092 233 522 523 
124093 158 522 526 
124065 157 524 525 
124066 157 524 527 
124070 157 525 528 
124071 172 525 530 
124068 157 526 527 
124069 157 526 529 
124067 157 527 531 
124076 157 528 532 
124077 172 528 536 
124100 157 529 533 
124101 172 529 538 
124074 157 531 532 
124075 157 531 534 
124168 208 532 535 
124094 157 533 534 
124095 172 533 545 
124089 158 534 539 
124169 368 535 537 
124170 362 535 540 
124172 229 539 540 
124173 233 539 542 
124171 176 540 541 
124179 157 541 543 
124180 157 541 544 
124181 181 542 544 
124188 157 543 546 
124189 172 543 551 
124658 157 544 548 
124669 157 546 550 
124670 176 546 552 
124685 368 547 549 
124671 157 548 550 
124672 172 548 561 
124667 362 549 552 
124668 208 549 554 
124675 181 550 556 
124679 229 552 555 
90907 157 553 554 
90908 157 553 557 
90909 172 553 560 
124752 157 554 558 
124682 233 555 556 
124683 158 555 559 
90910 157 557 562 
90911 172 557 569 
124765 157 558 559 
124766 157 558 563 
124759 157 559 564 
90914 157 562 563 
90915 208 562 565 
124758 157 563 566 
124776 157 564 568 
124777 172 564 574 
90905 368 565 567 
90906 362 565 571 
124762 157 566 568 
124763 158 566 570 
124764 172 568 581 
125281 229 570 571 
125282 233 570 575 
91436 176 571 572 
91444 157 572 573 
91445 157 572 576 
91450 157 573 577 
91451 172 573 583 
125277 181 575 576 
125268 157 576 579 
91459 157 577 582 
91460 176 577 584 
66379 368 578 580 
125266 157 579 582 
125267 172 579 594 
66382 362 580 584 
66383 208 580 586 
91461 181 582 588 
91441 229 584 587 
66366 157 585 586 
66367 157 585 589 
66368 172 585 592 
66372 157 586 590 
91462 233 587 588 
91463 158 587 591 
66362 157 589 593 
66363 172 589 600 
66380 157 590 591 
66381 157 590 595 
92059 157 591 596 
66857 157 593 595 
66858 208 593 597 
66866 157 595 598 
92057 157 596 599 
92058 172 596 604 
66846 368 597 601 
66847 362 597 603 
66874 157 598 599 
66875 158 598 602 
66888 172 599 609 
66867 229 602 603 
66868 233 602 606 
66850 176 603 605 
66848 157 605 607 
66849 157 605 608 
66880 181 606 608 
66842 157 607 611 
66843 172 607 613 
66861 157 608 610 
67389 157 610 614 
67390 172 610 620 
66851 157 611 614 
66852 176 611 616 
66971 368 612 615 
67369 181 614 618 
66965 362 615 616 
66966 208 615 619 
67370 229 616 617 
67367 233 617 618 
67368 158 617 622 
67448 157 619 621 
67449 157 619 623 
67451 172 621 624 
67452 157 621 625 
67379 157 622 623 
67380 157 622 626 
67450 157 623 627 
67446 157 625 628 
67447 172 625 632 
67381 157 626 629 
67382 172 626 631 
67454 157 627 628 
67455 157 627 630 
67453 208 628 633 
67462 157 629 630 
67463 172 629 637 
67461 158 630 635 
67444 368 633 634 
67445 362 633 636 
67468 229 635 636 
67469 233 635 638 
67467 176 636 639 
68003 181 638 640 
67994 157 639 640 
67995 157 639 641 
68002 157 640 642 
67989 172 641 643 
67990 157 641 644 
68000 157 642 645 
68001 172 642 646 
67987 157 644 645 
67988 172 644 647 
67991 172 645 648 
63976 157 649 650 
63977 157 649 651 
63978 176 649 738 
63970 157 650 654 
63971 181 650 741 
63974 157 651 652 
63975 172 651 675 
63979 157 652 653 
63980 176 652 655 
63981 157 653 654 
63982 180 653 656 
63983 172 654 676 
63986 260 655 657 
63987 362 655 659 
64085 262 656 657 
64102 159 657 658 
31998 157 658 662 
31999 157 658 667 
63993 368 659 660 
63994 208 659 661 
31973 157 661 662 
31974 157 661 664 
31981 157 662 663 
31988 157 663 666 
31989 157 663 669 
31971 157 664 665 
31972 172 664 677 
32002 157 665 666 
32003 172 665 678 
31990 208 666 670 
31994 157 667 668 
31995 172 667 679 
31982 157 668 669 
31983 172 668 680 
31987 158 669 671 
31991 362 670 672 
31992 368 670 673 
31985 229 671 672 
31986 233 671 674 
31984 176 672 681 
31993 181 674 682 
31977 157 681 682 
31978 157 681 683 
31980 157 682 686 
31961 157 683 684 
31962 172 683 707 
32051 157 684 685 
32052 176 684 687 
32060 157 685 686 
32061 180 685 688 
32085 172 686 708 
32071 260 687 689 
32072 362 687 691 
32067 262 688 689 
32068 159 689 690 
32063 157 690 694 
32064 157 690 699 
32482 368 691 692 
32483 208 691 693 
32478 157 693 694 
32479 157 693 696 
32076 157 694 695 
32077 157 695 698 
32078 157 695 701 
32480 157 696 697 
32481 172 696 709 
32488 157 697 698 
32489 172 697 710 
32473 208 698 702 
32065 157 699 700 
32066 172 699 711 
32069 157 700 701 
32070 172 700 712 
32057 158 701 703 
32471 362 702 704 
32472 368 702 705 
32039 229 703 704 
32040 228 703 706 
32464 452 704 745 
6404 450 706 746 
63914 157 713 714 
63915 157 713 715 
63916 176 713 749 
63909 157 714 716 
63910 172 714 734 
63392 157 715 717 
63393 181 715 754 
63907 157 716 718 
63908 176 716 724 
63375 157 717 718 
63376 172 717 739 
63370 181 718 728 
63898 368 719 720 
63899 208 719 722 
63900 362 719 724 
63895 157 721 722 
63896 157 721 725 
63897 172 721 740 
63901 157 722 726 
63911 229 723 724 
63912 158 723 727 
63913 233 723 728 
63881 157 725 729 
63882 172 725 742 
63905 157 726 727 
63906 157 726 730 
63998 157 727 731 
63968 157 729 730 
63969 208 729 732 
64001 157 730 733 
63490 157 731 735 
63491 172 731 743 
63972 368 732 737 
63973 362 732 738 
63999 157 733 735 
64000 158 733 736 
64026 172 735 744 
63984 229 736 738 
63985 233 736 741 
63833 368 747 748 
63917 362 748 749 
63918 208 748 751 
63941 229 749 753 
63830 157 750 751 
63831 172 750 752 
63832 157 750 755 
63823 157 751 756 
63390 233 753 754 
63391 158 753 757 
63834 172 755 758 
63835 157 755 759 
63248 157 756 757 
63249 157 756 760 
63385 157 757 761 
63836 157 759 760 
63837 208 759 762 
63247 157 760 764 
63386 157 761 765 
63387 172 761 766 
63225 368 762 763 
63226 362 762 768 
63245 157 764 765 
63246 158 764 767 
63380 172 765 772 
63275 229 767 768 
63276 233 767 771 
63274 176 768 769 
63282 157 769 770 
63283 157 769 773 
63284 172 770 774 
63285 157 770 776 
63278 181 771 773 
63279 157 773 778 
55975 368 775 777 
63286 157 776 779 
63287 176 776 780 
55415 362 777 780 
55416 208 777 782 
63280 157 778 779 
63281 172 778 788 
63277 181 779 786 
63292 229 780 784 
55986 157 781 782 
55987 172 781 783 
55988 157 781 785 
55419 157 782 787 
63288 233 784 786 
63289 158 784 789 
55444 157 785 790 
55445 172 785 791 
55446 157 787 789 
55447 157 787 792 
63318 157 789 793 
55431 157 790 792 
55432 208 790 794 
55458 157 792 796 
63299 157 793 797 
63300 172 793 800 
55448 368 794 795 
55449 362 794 799 
55451 157 796 797 
55452 158 796 798 
55441 172 797 805 
55437 229 798 799 
55438 233 798 803 
55440 176 799 801 
55454 157 801 802 
55455 157 801 804 
88090 172 802 807 
88091 157 802 808 
55439 181 803 804 
88070 157 804 810 
88549 368 806 809 
88077 157 808 811 
88078 176 808 812 
87941 362 809 812 
87942 208 809 814 
88083 157 810 811 
88084 172 810 820 
88085 181 811 817 
88071 229 812 815 
88538 157 813 814 
88539 172 813 816 
88540 157 813 818 
87936 157 814 819 
88075 233 815 817 
88076 158 815 821 
88547 157 818 822 
88548 172 818 825 
87961 157 819 821 
87962 157 819 823 
88072 157 821 824 
88569 157 822 823 
88570 208 822 826 
87973 157 823 827 
88093 157 824 829 
88094 172 824 830 
88567 368 826 828 
88568 362 826 832 
88096 157 827 829 
88097 158 827 831 
88100 172 829 836 
87990 229 831 832 
87991 233 831 834 
87995 176 832 833 
87963 157 833 835 
87964 157 833 837 
88098 181 834 837 
88565 172 835 838 
88566 157 835 839 
87992 157 837 840 
88590 157 839 841 
88591 176 839 845 
88110 157 840 841 
88111 172 840 842 
88027 181 841 847 
88579 368 843 844 
88581 362 844 845 
88582 208 844 848 
88580 229 845 846 
88575 233 846 847 
88576 158 846 850 
88583 157 848 849 
88584 157 848 851 
88585 157 849 852 
88586 172 849 854 
88710 157 850 851 
88711 157 850 853 
88587 157 851 855 
88588 157 852 856 
88589 172 852 860 
88715 157 853 857 
88716 172 853 862 
88596 157 855 856 
88597 157 855 858 
88599 208 856 859 
88740 157 857 858 
88741 172 857 869 
88751 158 858 863 
88615 368 859 861 
88616 362 859 864 
88754 229 863 864 
88755 233 863 866 
88746 176 864 865 
88752 157 865 867 
88753 157 865 868 
88757 181 866 868 
88747 157 867 870 
88748 172 867 875 
88756 157 868 872 
88768 157 870 874 
88769 176 870 876 
89168 368 871 873 
88758 157 872 874 
88759 172 872 885 
89276 362 873 876 
89277 208 873 878 
88767 181 874 880 
89286 229 876 879 
89300 157 877 878 
89301 157 877 881 
89302 172 877 884 
89275 157 878 882 
88772 233 879 880 
88773 158 879 883 
89281 157 881 886 
89282 172 881 893 
89296 157 882 883 
89297 157 882 887 
89268 157 883 888 
89292 157 886 887 
89293 208 886 889 
89285 157 887 890 
88774 157 888 892 
88775 172 888 898 
89294 368 889 891 
89295 362 889 895 
89289 157 890 892 
89290 158 890 894 
89274 172 892 905 
122583 229 894 895 
122584 233 894 899 
122592 176 895 896 
122596 157 896 897 
122597 157 896 900 
122594 157 897 901 
122595 172 897 907 
122598 181 899 900 
122599 157 900 903 
122600 157 901 906 
122601 176 901 908 
123150 368 902 904 
122602 157 903 906 
122603 172 903 918 
123148 362 904 908 
123149 208 904 910 
122604 181 906 912 
122593 229 908 911 
123173 157 909 910 
123174 157 909 913 
123175 172 909 916 
123164 157 910 914 
122605 233 911 912 
122606 158 911 915 
123183 157 913 917 
123184 172 913 924 
123191 157 914 915 
123192 157 914 919 
122617 157 915 920 
123185 157 917 919 
123186 208 917 921 
123190 157 919 922 
122624 157 920 923 
122625 172 920 928 
123187 368 921 925 
123188 362 921 927 
123179 157 922 923 
123180 158 922 926 
123195 172 923 933 
123181 229 926 927 
123182 233 926 930 
123189 176 927 929 
123193 157 929 931 
123194 157 929 932 
130792 181 930 932 
123205 157 931 935 
123206 172 931 937 
130793 157 932 934 
130808 157 934 938 
130809 172 934 944 
123228 157 935 938 
123229 176 935 940 
123828 368 936 939 
130812 181 938 942 
123826 362 939 940 
123827 208 939 943 
130819 229 940 941 
130810 233 941 942 
130811 158 941 946 
123822 157 943 945 
123823 157 943 947 
123832 172 945 948 
123833 157 945 949 
130802 157 946 947 
130803 157 946 950 
131213 157 947 951 
123840 157 949 952 
123841 172 949 956 
130806 157 950 953 
130807 172 950 955 
131238 157 951 952 
131239 157 951 954 
131263 208 952 957 
130822 157 953 954 
130823 172 953 961 
131240 158 954 959 
131261 368 957 958 
131262 362 957 960 
131244 229 959 960 
131245 233 959 962 
131256 176 960 963 
131243 181 962 964 
131249 157 963 964 
131250 157 963 965 
131246 157 964 966 
131251 172 965 967 
131252 157 965 968 
131247 157 966 969 
131248 172 966 970 
131257 157 968 969 
131258 172 968 971 
131268 172 969 972 
92925 157 973 974 
92926 157 973 975 
92927 176 973 1062 
92909 157 974 978 
92910 181 974 1065 
92928 157 975 976 
92929 172 975 999 
92936 157 976 977 
92937 176 976 979 
92920 157 977 978 
92921 180 977 980 
92831 172 978 1000 
92932 260 979 981 
92933 362 979 983 
92828 262 980 981 
92829 159 981 982 
92826 157 982 986 
92827 157 982 991 
92943 368 983 984 
92944 208 983 985 
92946 157 985 986 
92947 157 985 988 
92830 157 986 987 
92848 157 987 990 
92849 157 987 993 
92952 157 988 989 
92953 172 988 1001 
92856 157 989 990 
92857 172 989 1002 
92855 208 990 994 
92824 157 991 992 
92825 172 991 1003 
92814 157 992 993 
92815 172 992 1004 
92847 158 993 995 
92853 362 994 996 
92854 368 994 997 
92843 229 995 996 
92844 233 995 998 
92852 176 996 1005 
92354 181 998 1006 
92845 157 1005 1006 
92846 157 1005 1007 
92362 157 1006 1010 
92850 157 1007 1008 
92851 172 1007 1031 
92840 157 1008 1009 
92841 176 1008 1011 
92332 157 1009 1010 
92333 180 1009 1012 
92337 172 1010 1032 
92722 260 1011 1013 
92723 362 1011 1015 
92220 262 1012 1013 
92227 159 1013 1014 
92228 157 1014 1018 
92229 157 1014 1023 
92743 368 1015 1016 
92744 208 1015 1017 
92751 157 1017 1018 
92752 157 1017 1020 
92742 157 1018 1019 
92748 157 1019 1022 
92749 157 1019 1025 
92753 157 1020 1021 
92754 172 1020 1033 
92755 157 1021 1022 
92756 172 1021 1034 
92750 208 1022 1026 
92221 157 1023 1024 
92222 172 1023 1035 
92225 157 1024 1025 
92226 172 1024 1036 
92242 158 1025 1027 
92666 362 1026 1028 
92667 368 1026 1029 
92147 229 1027 1028 
92148 228 1027 1030 
92659 452 1028 1069 
92124 450 1030 1070 
60624 157 1037 1038 
60625 157 1037 1039 
60626 176 1037 1073 
60620 157 1038 1040 
60621 172 1038 1058 
60614 157 1039 1041 
60615 181 1039 1078 
60616 157 1040 1042 
60617 176 1040 1048 
60611 157 1041 1042 
60612 172 1041 1063 
60613 181 1042 1052 
93545 368 1043 1044 
93546 208 1043 1046 
93547 362 1043 1048 
93540 157 1045 1046 
93541 157 1045 1049 
93542 172 1045 1064 
93543 157 1046 1050 
93524 229 1047 1048 
93525 158 1047 1051 
93526 233 1047 1052 
93550 157 1049 1053 
93551 172 1049 1066 
93538 157 1050 1051 
93539 157 1050 1054 
93544 157 1051 1055 
93548 157 1053 1054 
93549 208 1053 1056 
93537 157 1054 1057 
93535 157 1055 1059 
93536 172 1055 1067 
93556 368 1056 1061 
93557 362 1056 1062 
93553 157 1057 1059 
93554 158 1057 1060 
93555 172 1059 1068 
93558 229 1060 1062 
93559 233 1060 1065 
61343 368 1071 1072 
61240 362 1072 1073 
61241 208 1072 1075 
61239 229 1073 1077 
61354 157 1074 1075 
61355 172 1074 1076 
61356 157 1074 1079 
61348 157 1075 1080 
61237 233 1077 1078 
61238 158 1077 1081 
61328 172 1079 1082 
61329 157 1079 1083 
61225 157 1080 1081 
61226 157 1080 1084 
61229 157 1081 1085 
61330 157 1083 1084 
61331 208 1083 1086 
61221 157 1084 1088 
61222 157 1085 1089 
61223 172 1085 1090 
61332 368 1086 1087 
61333 362 1086 1092 
61219 157 1088 1089 
61220 158 1088 1091 
61218 172 1089 1096 
61216 229 1091 1092 
61217 233 1091 1095 
61224 176 1092 1093 
61213 157 1093 1094 
61214 157 1093 1097 
61303 172 1094 1098 
61304 157 1094 1100 
61215 181 1095 1097 
61212 157 1097 1102 
61310 368 1099 1101 
61201 157 1100 1103 
61202 176 1100 1104 
61311 362 1101 1104 
61312 208 1101 1106 
61196 157 1102 1103 
61197 172 1102 1112 
61195 181 1103 1110 
61205 229 1104 1108 
61306 157 1105 1106 
61307 172 1105 1107 
61308 157 1105 1109 
61309 157 1106 1111 
61193 233 1108 1110 
61194 158 1108 1113 
61293 157 1109 1114 
61294 172 1109 1115 
61203 157 1111 1113 
61204 157 1111 1116 
61188 157 1113 1117 
61291 157 1114 1116 
61292 208 1114 1118 
61182 157 1116 1120 
61183 157 1117 1121 
61184 172 1117 1124 
61289 368 1118 1119 
61290 362 1118 1123 
61178 157 1120 1121 
61179 158 1120 1122 
61180 172 1121 1129 
61176 229 1122 1123 
61177 233 1122 1127 
61181 176 1123 1125 
61167 157 1125 1126 
61168 157 1125 1128 
61157 172 1126 1131 
61158 157 1126 1132 
61175 181 1127 1128 
61166 157 1128 1134 
61272 368 1130 1133 
61149 157 1132 1135 
61150 176 1132 1136 
61263 362 1133 1136 
61264 208 1133 1138 
61151 157 1134 1135 
61152 172 1134 1144 
61147 181 1135 1141 
61148 229 1136 1139 
60648 157 1137 1138 
60649 172 1137 1140 
60650 157 1137 1142 
61153 157 1138 1143 
61145 233 1139 1141 
61146 158 1139 1145 
60662 157 1142 1146 
60663 172 1142 1149 
61140 157 1143 1145 
61141 157 1143 1147 
61144 157 1145 1148 
28836 157 1146 1147 
28837 208 1146 1150 
29395 157 1147 1151 
61142 157 1148 1153 
61143 172 1148 1154 
28826 368 1150 1152 
28827 362 1150 1156 
29376 157 1151 1153 
29377 158 1151 1155 
29380 172 1153 1160 
28831 229 1155 1156 
28832 233 1155 1158 
28823 176 1156 1157 
28821 157 1157 1159 
28822 157 1157 1161 
28833 181 1158 1161 
28824 172 1159 1162 
28825 157 1159 1163 
28820 157 1161 1164 
28818 157 1163 1165 
28819 176 1163 1169 
28816 157 1164 1165 
28817 172 1164 1166 
28812 181 1165 1171 
28839 368 1167 1168 
28797 362 1168 1169 
28798 208 1168 1172 
28799 229 1169 1170 
28793 233 1170 1171 
28794 158 1170 1174 
28212 157 1172 1173 
28213 157 1172 1175 
28228 157 1173 1176 
28229 172 1173 1178 
28789 157 1174 1175 
28790 157 1174 1177 
28780 157 1175 1179 
28226 157 1176 1180 
28227 172 1176 1184 
28781 157 1177 1181 
28782 172 1177 1186 
28221 157 1179 1180 
28222 157 1179 1182 
28225 208 1180 1183 
28689 157 1181 1182 
28690 172 1181 1193 
28214 158 1182 1187 
28223 368 1183 1185 
28224 362 1183 1188 
28219 229 1187 1188 
28220 233 1187 1190 
28218 176 1188 1189 
28209 157 1189 1191 
28210 157 1189 1192 
28073 181 1190 1192 
28202 157 1191 1194 
28203 172 1191 1199 
28076 157 1192 1196 
28185 157 1194 1198 
28186 176 1194 1200 
27603 368 1195 1197 
28068 157 1196 1198 
28069 172 1196 1209 
28177 362 1197 1200 
28178 208 1197 1202 
28070 181 1198 1204 
28077 229 1200 1203 
27600 157 1201 1202 
27601 157 1201 1205 
27602 172 1201 1208 
27599 157 1202 1206 
28071 233 1203 1204 
28072 158 1203 1207 
27591 157 1205 1210 
27592 172 1205 1217 
27484 157 1206 1207 
27485 157 1206 1211 
28064 157 1207 1212 
27453 157 1210 1211 
27454 208 1210 1213 
27452 157 1211 1214 
28054 157 1212 1216 
28055 172 1212 1222 
27450 368 1213 1215 
27451 362 1213 1219 
27443 157 1214 1216 
27444 158 1214 1218 
28026 172 1216 1229 
27437 229 1218 1219 
27438 233 1218 1223 
27434 176 1219 1220 
27439 157 1220 1221 
27440 157 1220 1224 
27441 157 1221 1225 
27442 172 1221 1231 
27436 181 1223 1224 
27435 157 1224 1227 
27425 157 1225 1230 
27426 176 1225 1232 
26890 368 1226 1228 
27432 157 1227 1230 
27433 172 1227 1242 
26868 362 1228 1232 
26869 208 1228 1234 
27421 181 1230 1236 
27416 229 1232 1235 
26883 157 1233 1234 
26884 157 1233 1237 
26885 172 1233 1240 
26875 157 1234 1238 
27412 233 1235 1236 
27413 158 1235 1239 
26878 157 1237 1241 
26879 172 1237 1248 
26873 157 1238 1239 
26874 157 1238 1243 
27417 157 1239 1244 
26881 157 1241 1243 
26882 208 1241 1245 
26880 157 1243 1246 
27414 157 1244 1247 
27415 172 1244 1252 
26876 368 1245 1249 
26877 362 1245 1251 
26886 157 1246 1247 
26887 158 1246 1250 
27297 172 1247 1257 
26744 229 1250 1251 
26745 233 1250 1254 
26867 176 1251 1253 
125546 157 1253 1255 
125547 157 1253 1256 
125543 181 1254 1256 
125544 157 1255 1259 
125545 172 1255 1261 
125542 157 1256 1258 
125540 157 1258 1262 
125541 172 1258 1268 
125537 157 1259 1262 
125538 176 1259 1264 
125069 368 1260 1263 
125539 181 1262 1266 
125062 362 1263 1264 
125063 208 1263 1267 
125076 229 1264 1265 
125533 233 1265 1266 
125534 158 1265 1270 
125057 157 1267 1269 
125058 157 1267 1271 
125059 172 1269 1272 
125060 157 1269 1273 
125070 157 1270 1271 
125071 157 1270 1274 
125056 157 1271 1275 
125065 157 1273 1276 
125066 172 1273 1280 
125077 157 1274 1277 
125078 172 1274 1279 
125054 157 1275 1276 
125055 157 1275 1278 
125061 208 1276 1281 
125038 157 1277 1278 
125039 172 1277 1285 
125048 158 1278 1283 
125052 368 1281 1282 
125053 362 1281 1284 
125016 229 1283 1284 
125017 233 1283 1286 
125018 176 1284 1287 
124913 181 1286 1288 
124916 157 1287 1288 
124917 157 1287 1289 
124910 157 1288 1290 
124417 172 1289 1291 
124418 157 1289 1292 
124911 157 1290 1293 
124912 172 1290 1294 
124448 157 1292 1293 
124449 172 1292 1295 
124915 172 1293 1296 
20024 157 1297 1298 
20025 157 1297 1299 
20026 176 1297 1386 
20021 157 1298 1302 
20022 181 1298 1389 
20144 157 1299 1300 
20145 172 1299 1323 
20146 157 1300 1301 
20147 176 1300 1303 
20028 157 1301 1302 
20029 180 1301 1304 
20027 172 1302 1324 
20150 260 1303 1305 
20151 362 1303 1307 
20036 262 1304 1305 
20152 159 1305 1306 
20748 157 1306 1310 
20749 157 1306 1315 
20148 368 1307 1308 
20149 208 1307 1309 
20157 157 1309 1310 
20158 157 1309 1312 
20733 157 1310 1311 
20738 157 1311 1314 
20739 157 1311 1317 
20745 157 1312 1313 
20746 172 1312 1325 
20736 157 1313 1314 
20737 172 1313 1326 
20731 208 1314 1318 
20752 157 1315 1316 
20753 172 1315 1327 
20758 157 1316 1317 
20759 172 1316 1328 
20754 158 1317 1319 
20740 362 1318 1320 
20741 368 1318 1321 
20756 229 1319 1320 
20757 233 1319 1322 
20770 176 1320 1329 
20755 181 1322 1330 
20772 157 1329 1330 
20773 157 1329 1331 
20766 157 1330 1334 
20867 157 1331 1332 
20868 172 1331 1355 
21497 157 1332 1333 
21498 176 1332 1335 
21503 157 1333 1334 
21504 180 1333 1336 
20769 172 1334 1356 
21510 260 1335 1337 
21511 362 1335 1339 
21512 262 1336 1337 
21515 159 1337 1338 
21521 157 1338 1342 
21522 157 1338 1347 
21513 368 1339 1340 
21514 208 1339 1341 
21523 157 1341 1342 
21524 157 1341 1344 
21516 157 1342 1343 
21525 157 1343 1346 
21526 157 1343 1349 
21530 157 1344 1345 
21531 172 1344 1357 
21635 157 1345 1346 
21636 172 1345 1358 
21628 208 1346 1350 
21528 157 1347 1348 
21529 172 1347 1359 
21538 157 1348 1349 
21539 172 1348 1360 
21527 158 1349 1351 
21633 362 1350 1352 
21634 368 1350 1353 
21534 229 1351 1352 
21535 228 1351 1354 
21625 452 1352 1393 
22150 450 1354 1394 
11171 157 1361 1362 
11172 157 1361 1363 
11173 176 1361 1397 
18776 157 1362 1364 
18777 172 1362 1382 
11180 157 1363 1365 
11181 181 1363 1402 
18770 157 1364 1366 
18771 176 1364 1372 
11188 157 1365 1366 
11189 172 1365 1387 
11760 181 1366 1376 
19397 368 1367 1368 
19398 208 1367 1370 
19399 362 1367 1372 
19388 157 1369 1370 
19389 157 1369 1373 
19390 172 1369 1388 
19381 157 1370 1374 
19385 229 1371 1372 
19386 158 1371 1375 
19387 233 1371 1376 
19395 157 1373 1377 
19396 172 1373 1390 
19376 157 1374 1375 
19377 157 1374 1378 
19382 157 1375 1379 
19391 157 1377 1378 
19392 208 1377 1380 
19375 157 1378 1381 
19383 157 1379 1383 
19384 172 1379 1391 
19403 368 1380 1385 
19404 362 1380 1386 
19378 157 1381 1383 
19379 158 1381 1384 
19380 172 1383 1392 
20003 229 1384 1386 
20004 233 1384 1389 
18775 368 1395 1396 
18766 362 1396 1397 
18767 208 1396 1399 
11174 229 1397 1401 
18197 157 1398 1399 
18198 172 1398 1400 
18199 157 1398 1403 
11166 157 1399 1404 
11182 233 1401 1402 
11183 158 1401 1405 
10596 172 1403 1406 
10597 157 1403 1407 
10606 157 1404 1405 
10607 157 1404 1408 
11179 157 1405 1409 
10589 157 1407 1408 
10590 208 1407 1410 
10588 157 1408 1412 
11175 157 1409 1413 
11176 172 1409 1414 
10583 368 1410 1411 
10584 362 1410 1416 
10586 157 1412 1413 
10587 158 1412 1415 
10605 172 1413 1420 
10581 229 1415 1416 
10582 233 1415 1419 
10585 176 1416 1417 
10591 157 1417 1418 
10592 157 1417 1421 
10030 172 1418 1422 
10031 157 1418 1424 
10577 181 1419 1421 
10576 157 1421 1426 
10047 368 1423 1425 
10042 157 1424 1427 
10043 176 1424 1428 
10045 362 1425 1428 
10046 208 1425 1430 
10481 157 1426 1427 
10482 172 1426 1436 
9906 181 1427 1434 
10038 229 1428 1432 
10039 157 1429 1430 
10040 172 1429 1431 
10041 157 1429 1433 
10044 157 1430 1435 
9921 233 1432 1434 
9922 158 1432 1437 
9431 157 1433 1438 
9432 172 1433 1439 
9923 157 1435 1437 
9924 157 1435 1440 
9918 157 1437 1441 
9445 157 1438 1440 
9446 208 1438 1442 
9925 157 1440 1444 
9919 157 1441 1445 
9920 172 1441 1448 
9443 368 1442 1443 
9444 362 1442 1447 
9932 157 1444 1445 
9933 158 1444 1446 
9926 172 1445 1453 
9353 229 1446 1447 
9354 233 1446 1451 
9347 176 1447 1449 
9345 157 1449 1450 
9346 157 1449 1452 
9348 172 1450 1455 
9349 157 1450 1456 
9358 181 1451 1452 
9344 157 1452 1458 
9361 368 1454 1457 
9350 157 1456 1459 
9351 176 1456 1460 
9356 362 1457 1460 
9357 208 1457 1462 
9342 157 1458 1459 
9343 172 1458 1468 
9352 181 1459 1465 
9355 229 1460 1463 
8910 157 1461 1462 
8911 172 1461 1464 
8912 157 1461 1466 
9381 157 1462 1467 
9364 233 1463 1465 
9365 158 1463 1469 
8919 157 1466 1470 
8920 172 1466 1473 
9366 157 1467 1469 
9367 157 1467 1471 
9368 157 1469 1472 
8848 157 1470 1471 
8849 208 1470 1474 
9380 157 1471 1475 
9370 157 1472 1477 
9371 172 1472 1478 
8913 368 1474 1476 
8914 362 1474 1480 
9378 157 1475 1477 
9379 158 1475 1479 
9369 172 1477 1484 
9382 229 1479 1480 
9383 233 1479 1482 
8847 176 1480 1481 
9391 157 1481 1483 
9392 157 1481 1485 
9396 181 1482 1485 
8939 172 1483 1486 
8940 157 1483 1487 
9399 157 1485 1488 
8935 157 1487 1489 
8936 176 1487 1493 
9397 157 1488 1489 
9398 172 1488 1490 
9390 181 1489 1495 
8941 368 1491 1492 
8937 362 1492 1493 
8938 208 1492 1496 
8942 229 1493 1494 
9510 233 1494 1495 
9511 158 1494 1498 
8953 157 1496 1497 
8954 157 1496 1499 
8960 157 1497 1500 
8961 172 1497 1502 
9517 157 1498 1499 
9518 157 1498 1501 
8952 157 1499 1503 
8957 157 1500 1504 
8958 172 1500 1508 
9519 157 1501 1505 
9520 172 1501 1510 
8945 157 1503 1504 
8946 157 1503 1506 
8959 208 1504 1507 
9523 157 1505 1506 
9524 172 1505 1517 
9544 158 1506 1511 
8948 368 1507 1509 
8949 362 1507 1512 
8950 229 1511 1512 
8951 233 1511 1514 
8947 176 1512 1513 
41405 157 1513 1515 
41406 157 1513 1516 
9541 181 1514 1516 
41408 157 1515 1518 
41409 172 1515 1523 
41827 157 1516 1520 
41403 157 1518 1522 
41404 176 1518 1524 
49241 368 1519 1521 
41819 157 1520 1522 
41820 172 1520 1533 
41397 362 1521 1524 
41398 208 1521 1526 
41810 181 1522 1528 
41407 229 1524 1527 
49248 157 1525 1526 
49249 157 1525 1529 
49250 172 1525 1532 
49251 157 1526 1530 
41828 233 1527 1528 
41829 158 1527 1531 
49268 157 1529 1534 
49269 172 1529 1541 
49256 157 1530 1531 
49257 157 1530 1535 
41811 157 1531 1536 
49272 157 1534 1535 
49273 208 1534 1537 
49274 157 1535 1538 
41840 157 1536 1540 
41841 172 1536 1546 
49266 368 1537 1539 
49267 362 1537 1543 
49691 157 1538 1540 
49692 158 1538 1542 
41844 172 1540 1553 
49684 229 1542 1543 
49685 233 1542 1547 
49263 176 1543 1544 
49695 157 1544 1545 
49696 157 1544 1548 
49261 157 1545 1549 
49262 172 1545 1555 
49686 181 1547 1548 
49683 157 1548 1551 
49697 157 1549 1554 
49698 176 1549 1556 
49308 368 1550 1552 
49689 157 1551 1554 
49690 172 1551 1566 
49306 362 1552 1556 
49307 208 1552 1558 
49699 181 1554 1560 
49714 229 1556 1559 
49392 157 1557 1558 
49393 157 1557 1561 
49394 172 1557 1564 
49387 157 1558 1562 
49700 233 1559 1560 
49701 158 1559 1563 
49390 157 1561 1565 
49391 172 1561 1572 
49827 157 1562 1563 
49828 157 1562 1567 
49704 157 1563 1568 
49823 157 1565 1567 
49824 208 1565 1569 
49829 157 1567 1570 
49705 157 1568 1571 
49706 172 1568 1576 
49883 368 1569 1573 
49884 362 1569 1575 
49852 157 1570 1571 
49853 158 1570 1574 
49711 172 1571 1581 
49864 229 1574 1575 
49865 233 1574 1578 
49872 176 1575 1577 
49870 157 1577 1579 
49871 157 1577 1580 
49866 181 1578 1580 
49867 157 1579 1583 
49868 172 1579 1585 
49869 157 1580 1582 
49873 157 1582 1586 
49874 172 1582 1592 
49876 157 1583 1586 
49877 176 1583 1588 
49411 368 1584 1587 
49875 181 1586 1590 
49888 362 1587 1588 
49889 208 1587 1591 
49882 229 1588 1589 
49886 233 1589 1590 
49887 158 1589 1594 
49910 157 1591 1593 
49911 157 1591 1595 
49924 172 1593 1596 
49925 157 1593 1597 
49900 157 1594 1595 
49901 157 1594 1598 
49914 157 1595 1599 
50065 157 1597 1600 
50066 172 1597 1604 
49912 157 1598 1601 
49913 172 1598 1603 
50038 157 1599 1600 
50039 157 1599 1602 
50056 208 1600 1605 
49915 157 1601 1602 
49916 172 1601 1609 
50040 158 1602 1607 
50042 368 1605 1606 
50043 362 1605 1608 
50057 229 1607 1608 
50058 233 1607 1610 
50072 176 1608 1611 
50069 181 1610 1612 
82577 157 1611 1612 
82578 157 1611 1613 
82579 157 1612 1614 
82573 172 1613 1615 
82574 157 1613 1616 
82581 157 1614 1617 
82582 172 1614 1618 
82575 157 1616 1617 
82576 172 1616 1619 
82580 172 1617 1620 
88627 157 1621 1622 
88628 157 1621 1623 
88629 176 1621 1710 
88483 157 1622 1626 
88484 181 1622 1713 
88625 157 1623 1624 
88626 172 1623 1647 
88602 157 1624 1625 
88603 176 1624 1627 
88485 157 1625 1626 
88486 180 1625 1628 
88481 172 1626 1648 
88630 260 1627 1629 
88631 362 1627 1631 
88482 262 1628 1629 
88632 159 1629 1630 
88633 157 1630 1634 
88634 157 1630 1639 
88651 368 1631 1632 
88652 208 1631 1633 
88647 157 1633 1634 
88648 157 1633 1636 
88642 157 1634 1635 
88640 157 1635 1638 
88641 157 1635 1641 
88649 157 1636 1637 
88650 172 1636 1649 
88637 157 1637 1638 
88638 172 1637 1650 
88639 208 1638 1642 
88525 157 1639 1640 
88526 172 1639 1651 
89091 157 1640 1641 
89092 172 1640 1652 
88635 158 1641 1643 
88653 362 1642 1644 
88654 368 1642 1645 
89187 229 1643 1644 
89188 233 1643 1646 
89178 176 1644 1653 
89179 181 1646 1654 
122475 157 1653 1654 
122476 157 1653 1655 
89180 157 1654 1658 
122479 157 1655 1656 
122480 172 1655 1679 
122481 157 1656 1657 
122482 176 1656 1659 
122472 157 1657 1658 
122473 180 1657 1660 
122469 172 1658 1680 
122485 260 1659 1661 
122486 362 1659 1663 
122370 262 1660 1661 
122474 159 1661 1662 
122470 157 1662 1666 
122471 157 1662 1671 
122483 368 1663 1664 
122484 208 1663 1665 
122497 157 1665 1666 
122498 157 1665 1668 
122506 157 1666 1667 
122504 157 1667 1670 
122505 157 1667 1673 
122509 157 1668 1669 
122510 172 1668 1681 
122512 157 1669 1670 
122513 172 1669 1682 
122511 208 1670 1674 
122367 157 1671 1672 
122368 172 1671 1683 
122376 157 1672 1673 
122377 172 1672 1684 
122378 158 1673 1675 
122507 362 1674 1676 
122508 368 1674 1677 
122384 229 1675 1676 
122385 228 1675 1678 
122379 452 1676 1717 
122967 450 1678 1718 
87965 157 1685 1686 
87966 157 1685 1687 
87967 176 1685 1721 
87997 157 1686 1688 
87998 172 1686 1706 
87970 157 1687 1689 
87971 181 1687 1726 
88012 157 1688 1690 
88013 176 1688 1696 
87861 157 1689 1690 
87862 172 1689 1711 
87996 181 1690 1700 
88005 368 1691 1692 
88006 208 1691 1694 
88007 362 1691 1696 
88023 157 1693 1694 
88024 157 1693 1697 
88025 172 1693 1712 
88014 157 1694 1698 
88000 229 1695 1696 
88001 158 1695 1699 
88002 233 1695 1700 
88038 157 1697 1701 
88039 172 1697 1714 
88003 157 1698 1699 
88004 157 1698 1702 
87884 157 1699 1703 
88040 157 1701 1702 
88041 208 1701 1704 
88026 157 1702 1705 
87881 157 1703 1707 
87882 172 1703 1715 
88043 368 1704 1709 
88044 362 1704 1710 
87885 157 1705 1707 
87886 158 1705 1708 
87883 172 1707 1716 
88034 229 1708 1710 
88035 233 1708 1713 
87383 368 1719 1720 
87379 362 1720 1721 
87380 208 1720 1723 
87382 229 1721 1725 
87374 157 1722 1723 
87375 172 1722 1724 
87376 157 1722 1727 
87371 157 1723 1728 
87386 233 1725 1726 
87387 158 1725 1729 
87377 172 1727 1730 
87378 157 1727 1731 
87372 157 1728 1729 
87373 157 1728 1732 
87381 157 1729 1733 
87366 157 1731 1732 
87367 208 1731 1734 
87368 157 1732 1736 
87384 157 1733 1737 
87385 172 1733 1738 
87355 368 1734 1735 
87356 362 1734 1740 
87357 157 1736 1737 
87358 158 1736 1739 
87359 172 1737 1744 
87352 229 1739 1740 
87353 233 1739 1743 
87354 176 1740 1741 
87348 157 1741 1742 
87349 157 1741 1745 
87350 172 1742 1746 
87351 157 1742 1748 
87346 181 1743 1745 
87347 157 1745 1750 
87460 368 1747 1749 
87342 157 1748 1751 
87343 176 1748 1752 
54897 362 1749 1752 
54898 208 1749 1754 
87360 157 1750 1751 
87361 172 1750 1760 
87364 181 1751 1758 
54876 229 1752 1756 
54885 157 1753 1754 
54886 172 1753 1755 
54887 157 1753 1757 
54896 157 1754 1759 
54781 233 1756 1758 
54782 158 1756 1761 
54883 157 1757 1762 
54884 172 1757 1763 
54890 157 1759 1761 
54891 157 1759 1764 
54877 157 1761 1765 
54892 157 1762 1764 
54893 208 1762 1766 
54894 157 1764 1768 
54783 157 1765 1769 
54784 172 1765 1772 
54879 368 1766 1767 
54880 362 1766 1771 
54888 157 1768 1769 
54889 158 1768 1770 
54878 172 1769 1777 
54866 229 1770 1771 
54867 233 1770 1775 
54865 176 1771 1773 
54858 157 1773 1774 
54859 157 1773 1776 
54861 172 1774 1779 
54862 157 1774 1780 
54860 181 1775 1776 
54857 157 1776 1782 
62627 368 1778 1781 
54852 157 1780 1783 
54853 176 1780 1784 
62625 362 1781 1784 
62626 208 1781 1786 
54854 157 1782 1783 
54855 172 1782 1792 
54856 181 1783 1789 
62636 229 1784 1787 
62621 157 1785 1786 
62622 172 1785 1788 
62623 157 1785 1790 
62624 157 1786 1791 
54848 233 1787 1789 
54849 158 1787 1793 
62607 157 1790 1794 
62608 172 1790 1797 
62609 157 1791 1793 
62610 157 1791 1795 
62612 157 1793 1796 
62598 157 1794 1795 
62599 208 1794 1798 
62604 157 1795 1799 
62619 157 1796 1801 
62620 172 1796 1802 
62605 368 1798 1800 
62606 362 1798 1804 
62602 157 1799 1801 
62603 158 1799 1803 
62611 172 1801 1808 
62600 229 1803 1804 
62601 233 1803 1806 
62597 176 1804 1805 
62595 157 1805 1807 
62596 157 1805 1809 
63229 181 1806 1809 
62589 172 1807 1810 
62590 157 1807 1811 
63224 157 1809 1812 
62585 157 1811 1813 
62586 176 1811 1817 
63212 157 1812 1813 
63213 172 1812 1814 
63209 181 1813 1819 
62708 368 1815 1816 
62700 362 1816 1817 
62701 208 1816 1820 
62699 229 1817 1818 
63218 233 1818 1819 
63219 158 1818 1822 
62702 157 1820 1821 
62703 157 1820 1823 
62704 157 1821 1824 
62705 172 1821 1826 
63347 157 1822 1823 
63348 157 1822 1825 
63344 157 1823 1827 
62706 157 1824 1828 
62707 172 1824 1832 
63349 157 1825 1829 
63350 172 1825 1834 
63345 157 1827 1828 
63346 157 1827 1830 
62709 208 1828 1831 
63336 157 1829 1830 
63337 172 1829 1841 
63335 158 1830 1835 
63319 368 1831 1833 
63320 362 1831 1836 
63322 229 1835 1836 
63323 233 1835 1838 
63321 176 1836 1837 
63332 157 1837 1839 
63333 157 1837 1840 
63324 181 1838 1840 
63456 157 1839 1842 
63457 172 1839 1847 
63325 157 1840 1844 
63465 157 1842 1846 
63466 176 1842 1848 
63461 368 1843 1845 
63326 157 1844 1846 
63327 172 1844 1857 
63476 362 1845 1848 
63477 208 1845 1850 
63334 181 1846 1852 
63464 229 1848 1851 
31419 157 1849 1850 
31420 157 1849 1853 
31421 172 1849 1856 
31393 157 1850 1854 
31388 233 1851 1852 
31389 158 1851 1855 
31414 157 1853 1858 
31415 172 1853 1865 
31402 157 1854 1855 
31403 157 1854 1859 
31400 157 1855 1860 
31412 157 1858 1859 
31413 208 1858 1861 
31409 157 1859 1862 
31404 157 1860 1864 
31405 172 1860 1870 
31417 368 1861 1863 
31418 362 1861 1867 
31407 157 1862 1864 
31408 158 1862 1866 
31406 172 1864 1877 
31410 229 1866 1867 
31411 233 1866 1871 
31416 176 1867 1868 
31515 157 1868 1869 
31516 157 1868 1872 
31506 157 1869 1873 
31507 172 1869 1879 
31401 181 1871 1872 
31390 157 1872 1875 
31500 157 1873 1878 
31501 176 1873 1880 
31499 368 1874 1876 
31478 157 1875 1878 
31479 172 1875 1890 
31495 362 1876 1880 
31496 208 1876 1882 
31498 181 1878 1884 
31497 229 1880 1883 
31502 157 1881 1882 
31503 157 1881 1885 
31504 172 1881 1888 
31489 157 1882 1886 
31492 233 1883 1884 
31493 158 1883 1887 
31611 157 1885 1889 
31612 172 1885 1896 
31490 157 1886 1887 
31491 157 1886 1891 
31494 157 1887 1892 
31618 157 1889 1891 
31619 208 1889 1893 
31505 157 1891 1894 
31476 157 1892 1895 
31477 172 1892 1900 
31599 368 1893 1897 
31600 362 1893 1899 
31480 157 1894 1895 
31481 158 1894 1898 
31475 172 1895 1905 
31596 229 1898 1899 
31597 233 1898 1902 
31598 176 1899 1901 
31588 157 1901 1903 
31589 157 1901 1904 
31567 181 1902 1904 
31594 157 1903 1907 
31595 172 1903 1909 
31591 157 1904 1906 
32042 157 1906 1910 
32043 172 1906 1916 
31579 157 1907 1910 
31580 176 1907 1912 
5837 368 1908 1911 
31585 181 1910 1914 
5845 362 1911 1912 
5846 208 1911 1915 
31601 229 1912 1913 
5835 233 1913 1914 
5836 158 1913 1918 
5851 157 1915 1917 
5852 157 1915 1919 
5847 172 1917 1920 
5848 157 1917 1921 
5861 157 1918 1919 
5862 157 1918 1922 
5844 157 1919 1923 
5849 157 1921 1924 
5850 172 1921 1928 
6407 157 1922 1925 
6408 172 1922 1927 
5856 157 1923 1924 
5857 157 1923 1926 
5853 208 1924 1929 
6393 157 1925 1926 
6394 172 1925 1933 
5840 158 1926 1931 
5841 368 1929 1930 
5842 362 1929 1932 
5828 229 1931 1932 
5829 233 1931 1934 
5832 176 1932 1935 
6390 181 1934 1936 
5957 157 1935 1936 
5958 157 1935 1937 
6472 157 1936 1938 
5953 172 1937 1939 
5954 157 1937 1940 
6470 157 1938 1941 
6471 172 1938 1942 
5955 157 1940 1941 
5956 172 1940 1943 
6473 172 1941 1944 
111459 157 1945 1946 
111460 157 1945 1947 
111461 176 1945 2034 
111563 157 1946 1950 
111564 181 1946 2037 
111457 157 1947 1948 
111458 172 1947 1971 
111477 157 1948 1949 
111478 176 1948 1951 
111585 157 1949 1950 
111586 180 1949 1952 
111581 172 1950 1972 
111472 260 1951 1953 
111473 362 1951 1955 
111587 262 1952 1953 
111479 159 1953 1954 
111483 157 1954 1958 
111484 157 1954 1963 
111470 368 1955 1956 
111471 208 1955 1957 
111474 157 1957 1958 
111475 157 1957 1960 
111476 157 1958 1959 
112089 157 1959 1962 
112090 157 1959 1965 
111480 157 1960 1961 
111481 172 1960 1973 
111487 157 1961 1962 
111488 172 1961 1974 
112059 208 1962 1966 
112091 157 1963 1964 
112092 172 1963 1975 
112087 157 1964 1965 
112088 172 1964 1976 
112072 158 1965 1967 
112100 362 1966 1968 
112101 368 1966 1969 
112079 229 1967 1968 
112080 233 1967 1970 
112081 176 1968 1977 
112086 181 1970 1978 
112107 157 1977 1978 
112108 157 1977 1979 
112078 157 1978 1982 
112109 157 1979 1980 
112110 172 1979 2003 
112104 157 1980 1981 
112105 176 1980 1983 
112631 157 1981 1982 
112632 180 1981 1984 
112612 172 1982 2004 
112633 260 1983 1985 
112634 362 1983 1987 
112650 262 1984 1985 
112646 159 1985 1986 
112651 157 1986 1990 
112652 157 1986 1995 
112776 368 1987 1988 
112777 208 1987 1989 
112778 157 1989 1990 
112779 157 1989 1992 
112654 157 1990 1991 
112655 157 1991 1994 
112656 157 1991 1997 
112788 157 1992 1993 
112789 172 1992 2005 
112802 157 1993 1994 
112803 172 1993 2006 
112792 208 1994 1998 
112644 157 1995 1996 
112645 172 1995 2007 
112648 157 1996 1997 
112649 172 1996 2008 
112653 158 1997 1999 
112800 362 1998 2000 
112801 368 1998 2001 
113191 229 1999 2000 
113192 228 1999 2002 
113230 452 2000 2041 
113215 450 2002 2042 
110586 157 2009 2010 
110587 157 2009 2011 
110588 176 2009 2045 
110583 157 2010 2012 
110584 172 2010 2030 
110592 157 2011 2013 
110593 181 2011 2050 
110578 157 2012 2014 
110579 176 2012 2020 
111125 157 2013 2014 
111126 172 2013 2035 
111127 181 2014 2024 
110482 368 2015 2016 
110483 208 2015 2018 
110484 362 2015 2020 
111023 157 2017 2018 
111024 157 2017 2021 
111025 172 2017 2036 
111026 157 2018 2022 
110998 229 2019 2020 
110999 158 2019 2023 
111000 233 2019 2024 
111015 157 2021 2025 
111016 172 2021 2038 
111013 157 2022 2023 
111014 157 2022 2026 
110997 157 2023 2027 
111011 157 2025 2026 
111012 208 2025 2028 
111010 157 2026 2029 
110988 157 2027 2031 
110989 172 2027 2039 
111008 368 2028 2033 
111009 362 2028 2034 
110993 157 2029 2031 
110994 158 2029 2032 
110987 172 2031 2040 
110995 229 2032 2034 
110996 233 2032 2037 
110591 368 2043 2044 
110589 362 2044 2045 
110590 208 2044 2047 
110585 229 2045 2049 
110608 157 2046 2047 
110609 172 2046 2048 
110610 157 2046 2051 
110598 157 2047 2052 
110581 233 2049 2050 
110582 158 2049 2053 
110611 172 2051 2054 
110612 157 2051 2055 
110596 157 2052 2053 
110597 157 2052 2056 
110580 157 2053 2057 
110604 157 2055 2056 
110605 208 2055 2058 
110601 157 2056 2060 
111111 157 2057 2061 
111112 172 2057 2062 
110594 368 2058 2059 
110595 362 2058 2064 
118781 157 2060 2061 
118782 158 2060 2063 
119373 172 2061 2068 
118777 229 2063 2064 
118778 233 2063 2067 
118774 176 2064 2065 
118775 157 2065 2066 
118776 157 2065 2069 
118779 172 2066 2070 
118780 157 2066 2072 
119370 181 2067 2069 
119374 157 2069 2074 
118794 368 2071 2073 
118787 157 2072 2075 
118788 176 2072 2076 
118795 362 2073 2076 
118796 208 2073 2078 
119368 157 2074 2075 
119369 172 2074 2084 
118763 181 2075 2082 
118797 229 2076 2080 
118791 157 2077 2078 
118792 172 2077 2079 
118793 157 2077 2081 
118798 157 2078 2083 
118783 233 2080 2082 
118784 158 2080 2085 
118804 157 2081 2086 
118805 172 2081 2087 
118802 157 2083 2085 
118803 157 2083 2088 
118801 157 2085 2089 
118919 157 2086 2088 
118920 208 2086 2090 
118916 157 2088 2092 
119508 157 2089 2093 
119509 172 2089 2096 
118924 368 2090 2091 
118925 362 2090 2095 
118917 157 2092 2093 
118918 158 2092 2094 
118934 172 2093 2101 
118921 229 2094 2095 
118922 233 2094 2099 
118926 176 2095 2097 
118927 157 2097 2098 
118928 157 2097 2100 
118932 172 2098 2103 
118933 157 2098 2104 
118923 181 2099 2100 
118929 157 2100 2106 
118429 368 2102 2105 
119070 157 2104 2107 
119071 176 2104 2108 
118442 362 2105 2108 
118443 208 2105 2110 
119040 157 2106 2107 
119041 172 2106 2116 
119067 181 2107 2113 
119072 229 2108 2111 
118430 157 2109 2110 
118431 172 2109 2112 
118432 157 2109 2114 
118433 157 2110 2115 
119078 233 2111 2113 
119079 158 2111 2117 
118434 157 2114 2118 
118435 172 2114 2121 
118444 157 2115 2117 
118445 157 2115 2119 
119077 157 2117 2120 
118439 157 2118 2119 
118440 208 2118 2122 
118436 157 2119 2123 
119080 157 2120 2125 
119081 172 2120 2126 
118541 368 2122 2124 
118542 362 2122 2128 
119083 157 2123 2125 
119084 158 2123 2127 
119082 172 2125 2132 
118554 229 2127 2128 
118555 233 2127 2130 
118545 176 2128 2129 
118543 157 2129 2131 
118544 157 2129 2133 
119196 181 2130 2133 
118546 172 2131 2134 
118547 157 2131 2135 
118548 157 2133 2136 
118549 157 2135 2137 
118550 176 2135 2141 
118552 157 2136 2137 
118553 172 2136 2138 
118556 181 2137 2143 
118551 368 2139 2140 
118558 362 2140 2141 
118559 208 2140 2144 
118557 229 2141 2142 
118707 233 2142 2143 
118708 158 2142 2146 
118704 157 2144 2145 
118705 157 2144 2147 
118129 157 2145 2148 
118130 172 2145 2150 
118709 157 2146 2147 
118710 157 2146 2149 
118706 157 2147 2151 
118138 157 2148 2152 
118139 172 2148 2156 
118702 157 2149 2153 
118703 172 2149 2158 
118700 157 2151 2152 
118701 157 2151 2154 
118142 208 2152 2155 
118694 157 2153 2154 
118695 172 2153 2165 
118693 158 2154 2159 
118100 368 2155 2157 
118101 362 2155 2160 
118716 229 2159 2160 
118717 233 2159 2162 
118688 176 2160 2161 
126881 157 2161 2163 
126882 157 2161 2164 
126874 181 2162 2164 
126401 157 2163 2166 
126402 172 2163 2171 
126873 157 2164 2168 
126403 157 2166 2170 
126404 176 2166 2172 
126399 368 2167 2169 
126866 157 2168 2170 
126867 172 2168 2181 
126397 362 2169 2172 
126398 208 2169 2174 
126875 181 2170 2176 
126400 229 2172 2175 
126393 157 2173 2174 
126394 157 2173 2177 
126395 172 2173 2180 
126396 157 2174 2178 
126390 233 2175 2176 
126391 158 2175 2179 
126377 157 2177 2182 
126378 172 2177 2189 
126388 157 2178 2179 
126389 157 2178 2183 
126392 157 2179 2184 
126369 157 2182 2183 
126370 208 2182 2185 
126371 157 2183 2186 
126347 157 2184 2188 
126348 172 2184 2194 
126364 368 2185 2187 
126365 362 2185 2191 
126366 157 2186 2188 
126367 158 2186 2190 
126353 172 2188 2201 
126373 229 2190 2191 
126374 233 2190 2195 
126368 176 2191 2192 
126375 157 2192 2193 
126376 157 2192 2196 
126379 157 2193 2197 
126380 172 2193 2203 
126381 181 2195 2196 
126469 157 2196 2199 
126465 157 2197 2202 
126466 176 2197 2204 
126023 368 2198 2200 
126470 157 2199 2202 
126471 172 2199 2214 
126006 362 2200 2204 
126007 208 2200 2206 
126462 181 2202 2208 
126018 229 2204 2207 
125993 157 2205 2206 
125994 157 2205 2209 
125995 172 2205 2212 
125996 157 2206 2210 
126458 233 2207 2208 
126459 158 2207 2211 
126000 157 2209 2213 
126001 172 2209 2220 
126002 157 2210 2211 
126003 157 2210 2215 
126017 157 2211 2216 
125997 157 2213 2215 
125998 208 2213 2217 
125999 157 2215 2218 
126456 157 2216 2219 
126457 172 2216 2224 
126008 368 2217 2221 
126009 362 2217 2223 
126004 157 2218 2219 
126005 158 2218 2222 
126016 172 2219 2229 
125987 229 2222 2223 
125988 233 2222 2226 
125986 176 2223 2225 
125971 157 2225 2227 
125972 157 2225 2228 
125975 181 2226 2228 
125978 157 2227 2231 
125979 172 2227 2233 
125980 157 2228 2230 
126080 157 2230 2234 
126081 172 2230 2240 
126087 157 2231 2234 
126088 176 2231 2236 
125554 368 2232 2235 
126082 181 2234 2238 
125559 362 2235 2236 
125560 208 2235 2239 
125569 229 2236 2237 
125579 233 2237 2238 
125580 158 2237 2242 
125561 157 2239 2241 
125562 157 2239 2243 
125557 172 2241 2244 
125558 157 2241 2245 
125567 157 2242 2243 
125568 157 2242 2246 
125563 157 2243 2247 
125555 157 2245 2248 
125556 172 2245 2252 
125550 157 2246 2249 
125551 172 2246 2251 
125565 157 2247 2248 
125566 157 2247 2250 
125564 208 2248 2253 
125575 157 2249 2250 
125576 172 2249 2257 
125574 158 2250 2255 
125572 368 2253 2254 
125573 362 2253 2256 
125676 229 2255 2256 
125677 233 2255 2258 
125669 176 2256 2259 
125672 181 2258 2260 
125670 157 2259 2260 
125671 157 2259 2261 
125673 157 2260 2262 
125191 172 2261 2263 
125192 157 2261 2264 
125658 157 2262 2265 
125659 172 2262 2266 
125184 157 2264 2265 
125185 172 2264 2267 
125660 172 2265 2268 
47108 157 2269 2270 
47109 157 2269 2271 
47110 176 2269 2358 
47123 157 2270 2274 
47124 181 2270 2361 
47095 157 2271 2272 
47096 172 2271 2295 
47093 157 2272 2273 
47094 176 2272 2275 
47106 157 2273 2274 
47107 180 2273 2276 
47120 172 2274 2296 
47091 260 2275 2277 
47092 362 2275 2279 
47100 262 2276 2277 
47097 159 2277 2278 
47111 157 2278 2282 
47112 157 2278 2287 
47089 368 2279 2280 
47090 208 2279 2281 
47098 157 2281 2282 
47099 157 2281 2284 
47115 157 2282 2283 
47211 157 2283 2286 
47212 157 2283 2289 
47083 157 2284 2285 
47084 172 2284 2297 
47191 157 2285 2286 
47192 172 2285 2298 
47200 208 2286 2290 
47209 157 2287 2288 
47210 172 2287 2299 
47233 157 2288 2289 
47234 172 2288 2300 
47219 158 2289 2291 
47193 362 2290 2292 
47194 368 2290 2293 
47207 229 2291 2292 
47208 233 2291 2294 
47195 176 2292 2301 
47239 181 2294 2302 
47196 157 2301 2302 
47197 157 2301 2303 
47201 157 2302 2306 
47198 157 2303 2304 
47199 172 2303 2327 
47292 157 2304 2305 
47293 176 2304 2307 
47322 157 2305 2306 
47323 180 2305 2308 
47781 172 2306 2328 
47303 260 2307 2309 
47304 362 2307 2311 
47884 262 2308 2309 
47316 159 2309 2310 
47317 157 2310 2314 
47318 157 2310 2319 
47296 368 2311 2312 
47297 208 2311 2313 
47298 157 2313 2314 
47299 157 2313 2316 
47305 157 2314 2315 
47308 157 2315 2318 
47309 157 2315 2321 
47294 157 2316 2317 
47295 172 2316 2329 
47306 157 2317 2318 
47307 172 2317 2330 
47402 208 2318 2322 
47887 157 2319 2320 
47888 172 2319 2331 
47891 157 2320 2321 
47892 172 2320 2332 
47967 158 2321 2323 
47403 362 2322 2324 
47404 368 2322 2325 
47965 229 2323 2324 
47966 228 2323 2326 
47406 452 2324 2365 
47974 450 2326 2366 
79237 157 2333 2334 
79238 157 2333 2335 
79239 176 2333 2369 
79250 157 2334 2336 
79251 172 2334 2354 
79234 157 2335 2337 
79235 181 2335 2374 
79253 157 2336 2338 
79254 176 2336 2344 
79826 157 2337 2338 
79827 172 2337 2359 
79233 181 2338 2348 
46409 368 2339 2340 
46410 208 2339 2342 
46411 362 2339 2344 
46412 157 2341 2342 
46413 157 2341 2345 
46414 172 2341 2360 
46415 157 2342 2346 
47027 229 2343 2344 
47028 158 2343 2347 
47029 233 2343 2348 
46407 157 2345 2349 
46408 172 2345 2362 
46422 157 2346 2347 
46423 157 2346 2350 
47020 157 2347 2351 
46401 157 2349 2350 
46402 208 2349 2352 
47021 157 2350 2353 
47017 157 2351 2355 
47018 172 2351 2363 
47025 368 2352 2357 
47026 362 2352 2358 
47023 157 2353 2355 
47024 158 2353 2356 
47022 172 2355 2364 
47128 229 2356 2358 
47129 233 2356 2361 
71606 368 2367 2368 
71607 362 2368 2369 
71608 208 2368 2371 
71605 229 2369 2373 
71618 157 2370 2371 
71619 172 2370 2372 
71620 157 2370 2375 
71621 157 2371 2376 
71603 233 2373 2374 
71604 158 2373 2377 
71611 172 2375 2378 
71612 157 2375 2379 
71626 157 2376 2377 
71627 157 2376 2380 
71628 157 2377 2381 
71630 157 2379 2380 
71631 208 2379 2382 
71632 157 2380 2384 
71640 157 2381 2385 
71641 172 2381 2386 
71653 368 2382 2383 
71654 362 2382 2388 
71647 157 2384 2385 
71648 158 2384 2387 
71643 172 2385 2392 
71651 229 2387 2388 
71652 233 2387 2391 
71650 176 2388 2389 
71645 157 2389 2390 
71646 157 2389 2393 
71524 172 2390 2394 
71525 157 2390 2396 
71644 181 2391 2393 
71649 157 2393 2398 
70908 368 2395 2397 
71499 157 2396 2399 
71500 176 2396 2400 
70909 362 2397 2400 
70910 208 2397 2402 
71655 157 2398 2399 
71656 172 2398 2408 
71526 181 2399 2406 
70918 229 2400 2404 
70915 157 2401 2402 
70916 172 2401 2403 
70917 157 2401 2405 
70933 157 2402 2407 
71538 233 2404 2406 
71539 158 2404 2409 
70924 157 2405 2410 
70925 172 2405 2411 
70935 157 2407 2409 
70936 157 2407 2412 
71536 157 2409 2413 
70926 157 2410 2412 
70927 208 2410 2414 
70934 157 2412 2416 
71544 157 2413 2417 
71545 172 2413 2420 
70804 368 2414 2415 
70805 362 2414 2419 
70946 157 2416 2417 
70947 158 2416 2418 
71537 172 2417 2425 
70937 229 2418 2419 
70938 233 2418 2423 
70919 176 2419 2421 
70801 157 2421 2422 
70802 157 2421 2424 
70824 172 2422 2427 
70825 157 2422 2428 
70948 181 2423 2424 
70839 157 2424 2430 
70823 368 2426 2429 
70818 157 2428 2431 
70819 176 2428 2432 
70816 362 2429 2432 
70817 208 2429 2434 
70835 157 2430 2431 
70836 172 2430 2440 
70826 181 2431 2437 
70813 229 2432 2435 
70830 157 2433 2434 
70831 172 2433 2436 
70832 157 2433 2438 
70812 157 2434 2439 
70814 233 2435 2437 
70815 158 2435 2441 
70159 157 2438 2442 
70160 172 2438 2445 
70820 157 2439 2441 
70821 157 2439 2443 
70822 157 2441 2444 
70808 157 2442 2443 
70809 208 2442 2446 
70829 157 2443 2447 
70833 157 2444 2449 
70834 172 2444 2450 
70741 368 2446 2448 
70742 362 2446 2452 
70846 157 2447 2449 
70847 158 2447 2451 
70848 172 2449 2456 
70844 229 2451 2452 
70845 233 2451 2454 
70737 176 2452 2453 
70716 157 2453 2455 
70717 157 2453 2457 
70843 181 2454 2457 
70188 172 2455 2458 
70189 157 2455 2459 
70739 157 2457 2460 
70199 157 2459 2461 
70200 176 2459 2465 
70735 157 2460 2461 
70736 172 2460 2462 
70738 181 2461 2467 
70192 368 2463 2464 
70201 362 2464 2465 
70202 208 2464 2468 
70183 229 2465 2466 
103061 233 2466 2467 
103062 158 2466 2470 
103053 157 2468 2469 
103054 157 2468 2471 
103055 157 2469 2472 
103056 172 2469 2474 
103051 157 2470 2471 
103052 157 2470 2473 
103050 157 2471 2475 
103042 157 2472 2476 
103043 172 2472 2480 
103065 157 2473 2477 
103066 172 2473 2482 
103047 157 2475 2476 
103048 157 2475 2478 
103046 208 2476 2479 
103040 157 2477 2478 
103041 172 2477 2489 
103049 158 2478 2483 
103044 368 2479 2481 
103045 362 2479 2484 
103063 229 2483 2484 
103064 233 2483 2486 
103060 176 2484 2485 
103073 157 2485 2487 
103074 157 2485 2488 
103080 181 2486 2488 
102975 157 2487 2490 
102976 172 2487 2495 
103079 157 2488 2492 
102968 157 2490 2494 
102969 176 2490 2496 
102408 368 2491 2493 
102978 157 2492 2494 
102979 172 2492 2505 
102415 362 2493 2496 
102416 208 2493 2498 
102977 181 2494 2500 
102959 229 2496 2499 
102412 157 2497 2498 
102413 157 2497 2501 
102414 172 2497 2504 
102409 157 2498 2502 
102966 233 2499 2500 
102967 158 2499 2503 
102427 157 2501 2506 
102428 172 2501 2513 
102423 157 2502 2503 
102424 157 2502 2507 
102974 157 2503 2508 
102429 157 2506 2507 
102430 208 2506 2509 
102443 157 2507 2510 
102992 157 2508 2512 
102993 172 2508 2518 
102431 368 2509 2511 
102432 362 2509 2515 
102982 157 2510 2512 
102983 158 2510 2514 
102991 172 2512 2525 
102452 229 2514 2515 
102453 233 2514 2519 
102433 176 2515 2516 
102439 157 2516 2517 
102440 157 2516 2520 
102454 157 2517 2521 
102455 172 2517 2527 
102988 181 2519 2520 
102448 157 2520 2523 
102457 157 2521 2526 
102458 176 2521 2528 
102464 368 2522 2524 
103000 157 2523 2526 
103001 172 2523 2538 
102462 362 2524 2528 
102463 208 2524 2530 
102468 181 2526 2532 
102459 229 2528 2531 
102469 157 2529 2530 
102470 157 2529 2533 
102471 172 2529 2536 
102456 157 2530 2534 
102460 233 2531 2532 
102461 158 2531 2535 
101911 157 2533 2537 
101912 172 2533 2544 
102466 157 2534 2535 
102467 157 2534 2539 
102465 157 2535 2540 
102491 157 2537 2539 
102492 208 2537 2541 
102478 157 2539 2542 
102472 157 2540 2543 
102473 172 2540 2548 
102498 368 2541 2545 
102499 362 2541 2547 
102480 157 2542 2543 
102481 158 2542 2546 
102479 172 2543 2553 
102482 229 2546 2547 
102483 233 2546 2550 
102477 176 2547 2549 
102487 157 2549 2551 
102488 157 2549 2552 
102484 181 2550 2552 
102496 157 2551 2555 
102497 172 2551 2557 
102485 157 2552 2554 
4265 157 2554 2558 
4266 172 2554 2564 
4263 157 2555 2558 
4264 176 2555 2560 
3680 368 2556 2559 
4246 181 2558 2562 
3682 362 2559 2560 
3683 208 2559 2563 
3699 229 2560 2561 
4254 233 2561 2562 
4255 158 2561 2566 
3686 157 2563 2565 
3687 157 2563 2567 
3684 172 2565 2568 
3685 157 2565 2569 
3675 157 2566 2567 
3676 157 2566 2570 
3693 157 2567 2571 
3688 157 2569 2572 
3689 172 2569 2576 
4336 157 2570 2573 
4337 172 2570 2575 
3694 157 2571 2572 
3695 157 2571 2574 
3696 208 2572 2577 
4338 157 2573 2574 
4339 172 2573 2581 
3823 158 2574 2579 
3726 368 2577 2578 
3727 362 2577 2580 
3824 229 2579 2580 
3825 233 2579 2582 
3728 176 2580 2583 
3822 181 2582 2584 
3830 157 2583 2584 
3831 157 2583 2585 
3838 157 2584 2586 
3828 172 2585 2587 
3829 157 2585 2588 
3839 157 2586 2589 
3840 172 2586 2590 
3847 157 2588 2589 
3848 172 2588 2591 
3849 172 2589 2592 
66341 157 2593 2594 
66342 157 2593 2595 
66343 176 2593 2682 
66349 157 2594 2598 
66350 181 2594 2685 
66339 157 2595 2596 
66340 172 2595 2619 
66356 157 2596 2597 
66357 176 2596 2599 
65891 157 2597 2598 
65892 180 2597 2600 
65884 172 2598 2620 
66360 260 2599 2601 
66361 362 2599 2603 
65887 262 2600 2601 
65890 159 2601 2602 
65901 157 2602 2606 
65902 157 2602 2611 
66364 368 2603 2604 
66365 208 2603 2605 
65896 157 2605 2606 
65897 157 2605 2608 
65904 157 2606 2607 
65910 157 2607 2610 
65911 157 2607 2613 
66375 157 2608 2609 
66376 172 2608 2621 
65919 157 2609 2610 
65920 172 2609 2622 
65916 208 2610 2614 
65899 157 2611 2612 
65900 172 2611 2623 
65908 157 2612 2613 
65909 172 2612 2624 
65915 158 2613 2615 
65905 362 2614 2616 
65906 368 2614 2617 
65913 229 2615 2616 
65914 233 2615 2618 
65907 176 2616 2625 
65912 181 2618 2626 
65917 157 2625 2626 
65918 157 2625 2627 
65903 157 2626 2630 
98499 157 2627 2628 
98500 172 2627 2651 
98503 157 2628 2629 
98504 176 2628 2631 
98041 157 2629 2630 
98042 180 2629 2632 
65520 172 2630 2652 
98493 260 2631 2633 
98494 362 2631 2635 
98046 262 2632 2633 
98043 159 2633 2634 
124259 157 2634 2638 
124260 157 2634 2643 
98505 368 2635 2636 
98506 208 2635 2637 
124750 157 2637 2638 
124751 157 2637 2640 
124275 157 2638 2639 
124272 157 2639 2642 
124273 157 2639 2645 
124785 157 2640 2641 
124786 172 2640 2653 
124791 157 2641 2642 
124792 172 2641 2654 
124288 208 2642 2646 
124268 157 2643 2644 
124269 172 2643 2655 
124261 157 2644 2645 
124262 172 2644 2656 
124274 158 2645 2647 
124286 362 2646 2648 
124287 368 2646 2649 
124280 229 2647 2648 
124281 228 2647 2650 
124285 452 2648 2689 
124282 450 2650 2690 
66802 157 2657 2658 
66803 157 2657 2659 
66804 176 2657 2693 
66805 157 2658 2660 
66806 172 2658 2678 
66299 157 2659 2661 
66300 181 2659 2698 
66301 157 2660 2662 
66302 176 2660 2668 
66293 157 2661 2662 
66294 172 2661 2683 
66292 181 2662 2672 
66824 368 2663 2664 
66825 208 2663 2666 
66826 362 2663 2668 
66827 157 2665 2666 
66828 157 2665 2669 
66829 172 2665 2684 
66335 157 2666 2670 
66319 229 2667 2668 
66320 158 2667 2671 
66321 233 2667 2672 
66324 157 2669 2673 
66325 172 2669 2686 
66313 157 2670 2671 
66314 157 2670 2674 
66310 157 2671 2675 
66317 157 2673 2674 
66318 208 2673 2676 
66311 157 2674 2677 
66305 157 2675 2679 
66306 172 2675 2687 
66345 368 2676 2681 
66346 362 2676 2682 
66308 157 2677 2679 
66309 158 2677 2680 
66307 172 2679 2688 
66315 229 2680 2682 
66316 233 2680 2685 
66923 368 2691 2692 
66921 362 2692 2693 
66922 208 2692 2695 
66807 229 2693 2697 
66932 157 2694 2695 
66933 172 2694 2696 
66934 157 2694 2699 
66935 157 2695 2700 
66800 233 2697 2698 
66801 158 2697 2701 
66949 172 2699 2702 
66950 157 2699 2703 
66927 157 2700 2701 
66928 157 2700 2704 
66784 157 2701 2705 
66895 157 2703 2704 
66896 208 2703 2706 
66911 157 2704 2708 
66781 157 2705 2709 
66782 172 2705 2710 
66891 368 2706 2707 
66892 362 2706 2712 
66903 157 2708 2709 
66904 158 2708 2711 
66783 172 2709 2716 
66898 229 2711 2712 
66899 233 2711 2715 
66894 176 2712 2713 
66917 157 2713 2714 
66918 157 2713 2717 
66889 172 2714 2718 
66890 157 2714 2720 
66906 181 2715 2717 
66897 157 2717 2722 
35161 368 2719 2721 
34695 157 2720 2723 
34696 176 2720 2724 
35175 362 2721 2724 
35176 208 2721 2726 
34713 157 2722 2723 
34714 172 2722 2732 
34703 181 2723 2730 
35174 229 2724 2728 
35179 157 2725 2726 
35180 172 2725 2727 
35181 157 2725 2729 
35173 157 2726 2731 
35168 233 2728 2730 
35169 158 2728 2733 
35185 157 2729 2734 
35186 172 2729 2735 
35171 157 2731 2733 
35172 157 2731 2736 
35182 157 2733 2737 
35177 157 2734 2736 
35178 208 2734 2738 
35170 157 2736 2740 
35183 157 2737 2741 
35184 172 2737 2744 
35155 368 2738 2739 
35156 362 2738 2743 
35157 157 2740 2741 
35158 158 2740 2742 
35159 172 2741 2749 
35144 229 2742 2743 
35145 233 2742 2747 
35146 176 2743 2745 
35147 157 2745 2746 
35148 157 2745 2748 
35153 172 2746 2751 
35154 157 2746 2752 
35143 181 2747 2748 
35142 157 2748 2754 
35888 368 2750 2753 
35151 157 2752 2755 
35152 176 2752 2756 
35878 362 2753 2756 
35879 208 2753 2758 
35140 157 2754 2755 
35141 172 2754 2764 
35139 181 2755 2761 
35266 229 2756 2759 
35870 157 2757 2758 
35871 172 2757 2760 
35872 157 2757 2762 
35863 157 2758 2763 
35127 233 2759 2761 
35128 158 2759 2765 
35868 157 2762 2766 
35869 172 2762 2769 
35264 157 2763 2765 
35265 157 2763 2767 
35239 157 2765 2768 
35866 157 2766 2767 
35867 208 2766 2770 
35862 157 2767 2771 
35125 157 2768 2773 
35126 172 2768 2774 
35864 368 2770 2772 
35865 362 2770 2776 
35256 157 2771 2773 
35257 158 2771 2775 
35240 172 2773 2780 
35262 229 2775 2776 
35263 233 2775 2778 
35852 176 2776 2777 
35827 157 2777 2779 
35828 157 2777 2781 
35232 181 2778 2781 
35833 172 2779 2782 
35834 157 2779 2783 
35235 157 2781 2784 
35829 157 2783 2785 
35830 176 2783 2789 
35233 157 2784 2785 
35234 172 2784 2786 
35236 181 2785 2791 
35956 368 2787 2788 
35942 362 2788 2789 
35943 208 2788 2792 
35839 229 2789 2790 
35822 233 2790 2791 
35823 158 2790 2794 
35951 157 2792 2793 
35952 157 2792 2795 
35949 157 2793 2796 
35950 172 2793 2798 
35796 157 2794 2795 
35797 157 2794 2797 
35912 157 2795 2799 
35932 157 2796 2800 
35933 172 2796 2804 
35790 157 2797 2801 
35791 172 2797 2806 
35919 157 2799 2800 
35920 157 2799 2802 
35923 208 2800 2803 
35788 157 2801 2802 
35789 172 2801 2813 
35911 158 2802 2807 
35921 368 2803 2805 
35922 362 2803 2808 
35916 229 2807 2808 
35917 233 2807 2810 
35918 176 2808 2809 
35913 157 2809 2811 
35914 157 2809 2812 
35329 181 2810 2812 
2943 157 2811 2814 
2944 172 2811 2819 
2353 157 2812 2816 
2945 157 2814 2818 
2946 176 2814 2820 
3072 368 2815 2817 
2343 157 2816 2818 
2344 172 2816 2829 
2941 362 2817 2820 
2942 208 2817 2822 
2352 181 2818 2824 
2938 229 2820 2823 
3061 157 2821 2822 
3062 157 2821 2825 
3063 172 2821 2828 
2474 157 2822 2826 
2350 233 2823 2824 
2351 158 2823 2827 
2483 157 2825 2830 
2484 172 2825 2837 
2348 157 2826 2827 
2349 157 2826 2831 
2347 157 2827 2832 
2466 157 2830 2831 
2467 208 2830 2833 
2437 157 2831 2834 
2329 157 2832 2836 
2330 172 2832 2842 
2464 368 2833 2835 
2465 362 2833 2839 
2318 157 2834 2836 
2319 158 2834 2838 
2316 172 2836 2849 
2320 229 2838 2839 
2321 233 2838 2843 
2463 176 2839 2840 
2457 157 2840 2841 
2458 157 2840 2844 
2455 157 2841 2845 
2456 172 2841 2851 
2317 181 2843 2844 
2438 157 2844 2847 
2433 157 2845 2850 
2434 176 2845 2852 
2432 368 2846 2848 
2325 157 2847 2850 
2326 172 2847 2862 
2427 362 2848 2852 
2428 208 2848 2854 
2431 181 2850 2856 
2429 229 2852 2855 
10180 157 2853 2854 
10181 157 2853 2857 
10182 172 2853 2860 
2418 157 2854 2858 
2421 233 2855 2856 
2422 158 2855 2859 
10187 157 2857 2861 
10188 172 2857 2868 
2424 157 2858 2859 
2425 157 2858 2863 
2423 157 2859 2864 
10205 157 2861 2863 
10206 208 2861 2865 
2426 157 2863 2866 
2419 157 2864 2867 
2420 172 2864 2872 
10185 368 2865 2869 
10186 362 2865 2871 
2416 157 2866 2867 
2417 158 2866 2870 
2430 172 2867 2877 
2402 229 2870 2871 
2403 233 2870 2874 
10179 176 2871 2873 
9600 157 2873 2875 
9601 157 2873 2876 
1815 181 2874 2876 
9598 157 2875 2879 
9599 172 2875 2881 
1818 157 2876 2878 
1831 157 2878 2882 
1832 172 2878 2888 
9579 157 2879 2882 
9580 176 2879 2884 
9597 368 2880 2883 
9581 181 2882 2886 
9592 362 2883 2884 
9593 208 2883 2887 
9589 229 2884 2885 
9594 233 2885 2886 
9595 158 2885 2890 
9590 157 2887 2889 
9591 157 2887 2891 
9697 172 2889 2892 
9698 157 2889 2893 
9587 157 2890 2891 
9588 157 2890 2894 
9586 157 2891 2895 
9700 157 2893 2896 
9701 172 2893 2900 
9582 157 2894 2897 
9583 172 2894 2899 
9584 157 2895 2896 
9585 157 2895 2898 
9699 208 2896 2901 
9551 157 2897 2898 
9552 172 2897 2905 
9576 158 2898 2903 
9695 368 2901 2902 
9696 362 2901 2904 
8986 229 2903 2904 
8987 233 2903 2906 
9117 176 2904 2907 
8968 181 2906 2908 
9109 157 2907 2908 
9110 157 2907 2909 
8995 157 2908 2910 
9111 172 2909 2911 
9112 157 2909 2912 
8996 157 2910 2913 
8997 172 2910 2914 
9113 157 2912 2913 
9114 172 2912 2915 
9108 172 2913 2916 
4062 157 2917 2918 
4063 157 2917 2919 
4064 176 2917 3006 
4047 157 2918 2922 
4048 181 2918 3009 
4060 157 2919 2920 
4061 172 2919 2943 
3460 157 2920 2921 
3461 176 2920 2923 
3452 157 2921 2922 
3453 180 2921 2924 
3454 172 2922 2944 
3464 260 2923 2925 
3465 362 2923 2927 
3447 262 2924 2925 
3456 159 2925 2926 
3457 157 2926 2930 
3458 157 2926 2935 
3462 368 2927 2928 
3463 208 2927 2929 
3384 157 2929 2930 
3385 157 2929 2932 
3459 157 2930 2931 
3382 157 2931 2934 
3383 157 2931 2937 
3378 157 2932 2933 
3379 172 2932 2945 
3372 157 2933 2934 
3373 172 2933 2946 
3386 208 2934 2938 
3448 157 2935 2936 
3449 172 2935 2947 
2875 157 2936 2937 
2876 172 2936 2948 
2896 158 2937 2939 
2788 362 2938 2940 
2789 368 2938 2941 
2791 229 2939 2940 
2792 233 2939 2942 
2790 176 2940 2949 
2776 181 2942 2950 
2786 157 2949 2950 
2787 157 2949 2951 
2783 157 2950 2954 
2784 157 2951 2952 
2785 172 2951 2975 
2781 157 2952 2953 
2782 176 2952 2955 
2779 157 2953 2954 
2780 180 2953 2956 
2775 172 2954 2976 
2198 260 2955 2957 
2199 362 2955 2959 
2185 262 2956 2957 
2190 159 2957 2958 
2191 157 2958 2962 
2192 157 2958 2967 
2196 368 2959 2960 
2197 208 2959 2961 
2194 157 2961 2962 
2195 157 2961 2964 
2193 157 2962 2963 
2188 157 2963 2966 
2189 157 2963 2969 
2200 157 2964 2965 
2201 172 2964 2977 
2202 157 2965 2966 
2203 172 2965 2978 
2206 208 2966 2970 
2186 157 2967 2968 
2187 172 2967 2979 
2204 157 2968 2969 
2205 172 2968 2980 
2207 158 2969 2971 
1644 362 2970 2972 
1645 368 2970 2973 
1650 229 2971 2972 
1651 228 2971 2974 
1653 452 2972 3013 
1652 450 2974 3014 
5157 157 2981 2982 
5158 157 2981 2983 
5159 176 2981 3017 
4570 157 2982 2984 
4571 172 2982 3002 
5160 157 2983 2985 
5161 181 2983 3022 
4562 157 2984 2986 
4563 176 2984 2992 
4664 157 2985 2986 
4665 172 2985 3007 
4658 181 2986 2996 
4573 368 2987 2988 
4574 208 2987 2990 
4575 362 2987 2992 
4577 157 2989 2990 
4578 157 2989 2993 
4579 172 2989 3008 
4576 157 2990 2994 
4554 229 2991 2992 
4555 158 2991 2995 
4556 233 2991 2996 
4568 157 2993 2997 
4569 172 2993 3010 
4564 157 2994 2995 
4565 157 2994 2998 
4558 157 2995 2999 
4073 157 2997 2998 
4074 208 2997 3000 
4065 157 2998 3001 
4566 157 2999 3003 
4567 172 2999 3011 
4068 368 3000 3005 
4069 362 3000 3006 
4049 157 3001 3003 
4050 158 3001 3004 
4046 172 3003 3012 
4051 229 3004 3006 
4052 233 3004 3009 
5084 368 3015 3016 
5092 362 3016 3017 
5093 208 3016 3019 
5196 229 3017 3021 
5191 157 3018 3019 
5192 172 3018 3020 
5193 157 3018 3023 
5197 157 3019 3024 
5179 233 3021 3022 
5180 158 3021 3025 
5200 172 3023 3026 
5201 157 3023 3027 
5209 157 3024 3025 
5210 157 3024 3028 
5202 157 3025 3029 
5189 157 3027 3028 
5190 208 3027 3030 
5213 157 3028 3032 
5181 157 3029 3033 
5182 172 3029 3034 
5723 368 3030 3031 
5724 362 3030 3036 
5211 157 3032 3033 
5212 158 3032 3035 
5203 172 3033 3040 
5730 229 3035 3036 
5731 233 3035 3039 
5717 176 3036 3037 
5719 157 3037 3038 
5720 157 3037 3041 
5721 172 3038 3042 
5722 157 3038 3044 
5707 181 3039 3041 
13423 157 3041 3046 
5740 368 3043 3045 
13418 157 3044 3047 
13419 176 3044 3048 
5756 362 3045 3048 
5757 208 3045 3050 
13410 157 3046 3047 
13411 172 3046 3056 
13409 181 3047 3054 
13420 229 3048 3052 
13441 157 3049 3050 
13442 172 3049 3051 
13443 157 3049 3053 
13432 157 3050 3055 
13414 233 3052 3054 
13415 158 3052 3057 
13444 157 3053 3058 
13445 172 3053 3059 
13429 157 3055 3057 
13430 157 3055 3060 
13424 157 3057 3061 
13977 157 3058 3060 
13978 208 3058 3062 
13436 157 3060 3064 
13427 157 3061 3065 
13428 172 3061 3068 
13980 368 3062 3063 
13981 362 3062 3067 
13437 157 3064 3065 
13438 158 3064 3066 
13431 172 3065 3073 
13973 229 3066 3067 
13974 233 3066 3071 
13979 176 3067 3069 
13984 157 3069 3070 
13985 157 3069 3072 
13997 172 3070 3075 
13998 157 3070 3076 
13558 181 3071 3072 
14077 157 3072 3078 
13996 368 3074 3077 
14092 157 3076 3079 
14093 176 3076 3080 
14090 362 3077 3080 
14091 208 3077 3082 
14078 157 3078 3079 
14079 172 3078 3088 
14099 181 3079 3085 
14096 229 3080 3083 
14001 157 3081 3082 
14002 172 3081 3084 
14003 157 3081 3086 
14095 157 3082 3087 
14100 233 3083 3085 
14101 158 3083 3089 
46429 157 3086 3090 
46430 172 3086 3093 
14097 157 3087 3089 
14098 157 3087 3091 
14104 157 3089 3092 
46433 157 3090 3091 
46434 208 3090 3094 
46449 157 3091 3095 
14102 157 3092 3097 
14103 172 3092 3098 
46435 368 3094 3096 
46436 362 3094 3100 
46431 157 3095 3097 
46432 158 3095 3099 
14094 172 3097 3104 
46440 229 3099 3100 
46441 233 3099 3102 
46437 176 3100 3101 
46438 157 3101 3103 
46439 157 3101 3105 
46446 181 3102 3105 
46442 172 3103 3106 
46443 157 3103 3107 
46445 157 3105 3108 
46453 157 3107 3109 
46454 176 3107 3113 
46552 157 3108 3109 
46553 172 3108 3110 
46452 181 3109 3115 
46463 368 3111 3112 
46466 362 3112 3113 
46467 208 3112 3116 
46470 229 3113 3114 
46578 233 3114 3115 
46579 158 3114 3118 
46464 157 3116 3117 
46465 157 3116 3119 
46468 157 3117 3120 
46469 172 3117 3122 
46584 157 3118 3119 
46585 157 3118 3121 
46482 157 3119 3123 
46484 157 3120 3124 
46485 172 3120 3128 
46586 157 3121 3125 
46587 172 3121 3130 
46580 157 3123 3124 
46581 157 3123 3126 
46491 208 3124 3127 
46588 157 3125 3126 
46589 172 3125 3137 
46596 158 3126 3131 
46502 368 3127 3129 
46503 362 3127 3132 
46620 229 3131 3132 
46621 233 3131 3134 
46618 176 3132 3133 
46615 157 3133 3135 
46616 157 3133 3136 
46619 181 3134 3136 
46608 157 3135 3138 
46609 172 3135 3143 
46617 157 3136 3140 
46610 157 3138 3142 
46611 176 3138 3144 
46052 368 3139 3141 
46613 157 3140 3142 
46614 172 3140 3153 
46631 362 3141 3144 
46632 208 3141 3146 
46607 181 3142 3148 
46643 229 3144 3147 
46053 157 3145 3146 
46054 157 3145 3149 
46055 172 3145 3152 
46056 157 3146 3150 
46638 233 3147 3148 
46639 158 3147 3151 
46636 157 3149 3154 
46637 172 3149 3161 
46634 157 3150 3151 
46635 157 3150 3155 
46633 157 3151 3156 
46656 157 3154 3155 
46657 208 3154 3157 
46640 157 3155 3158 
46665 157 3156 3160 
46666 172 3156 3166 
46676 368 3157 3159 
46677 362 3157 3163 
46654 157 3158 3160 
46655 158 3158 3162 
46765 172 3160 3173 
46667 229 3162 3163 
46668 233 3162 3167 
46678 176 3163 3164 
46685 157 3164 3165 
46686 157 3164 3168 
46679 157 3165 3169 
46680 172 3165 3175 
46786 181 3167 3168 
46788 157 3168 3171 
46690 157 3169 3174 
46691 176 3169 3176 
46687 368 3170 3172 
46790 157 3171 3174 
46791 172 3171 3186 
79468 362 3172 3176 
79469 208 3172 3178 
46789 181 3174 3180 
46692 229 3176 3179 
79456 157 3177 3178 
79457 157 3177 3181 
79458 172 3177 3184 
79463 157 3178 3182 
46794 233 3179 3180 
46795 158 3179 3183 
79461 157 3181 3185 
79462 172 3181 3192 
79584 157 3182 3183 
79585 157 3182 3187 
79590 157 3183 3188 
79577 157 3185 3187 
79578 208 3185 3189 
79587 157 3187 3190 
79591 157 3188 3191 
79592 172 3188 3196 
79580 368 3189 3193 
79581 362 3189 3195 
79588 157 3190 3191 
79589 158 3190 3194 
79593 172 3191 3201 
79596 229 3194 3195 
79597 233 3194 3198 
79579 176 3195 3197 
79601 157 3197 3199 
79602 157 3197 3200 
79586 181 3198 3200 
80192 157 3199 3203 
80193 172 3199 3205 
79603 157 3200 3202 
79604 157 3202 3206 
79605 172 3202 3212 
80198 157 3203 3206 
80199 176 3203 3208 
80194 368 3204 3207 
79600 181 3206 3210 
80195 362 3207 3208 
80196 208 3207 3211 
80197 229 3208 3209 
80200 233 3209 3210 
80201 158 3209 3214 
80204 157 3211 3213 
80205 157 3211 3215 
80213 172 3213 3216 
80214 157 3213 3217 
80202 157 3214 3215 
80203 157 3214 3218 
80206 157 3215 3219 
80218 157 3217 3220 
80219 172 3217 3224 
80280 157 3218 3221 
80281 172 3218 3223 
80216 157 3219 3220 
80217 157 3219 3222 
80220 208 3220 3225 
80312 157 3221 3222 
80313 172 3221 3229 
80231 158 3222 3227 
80221 368 3225 3226 
80222 362 3225 3228 
80310 229 3227 3228 
80311 233 3227 3230 
80230 176 3228 3231 
80315 181 3230 3232 
80232 157 3231 3232 
80233 157 3231 3233 
80314 157 3232 3234 
80236 172 3233 3235 
80237 157 3233 3236 
80318 157 3234 3237 
80319 172 3234 3238 
80343 157 3236 3237 
80344 172 3236 3239 
80342 172 3237 3240 
